bicycle 0.0234 403 143 430 222
bird 0.0023 -3 59 426 146
boat 0.0015 292 98 375 138
person 0.0614 406 143 431 200
person 0.0063 410 142 430 177
sheep 0.8595 58 185 266 316
sheep 0.0608 158 199 269 312
sheep 0.0219 209 244 275 305
sheep 0.0139 55 186 153 318
sheep 0.0115 236 256 275 305
sheep 0.0027 71 163 114 202
sheep 0.0020 -1 197 111 317
sheep 0.0019 0 146 117 212
sheep 0.0014 174 193 413 310
sheep 0.0013 0 121 428 222
train 0.0041 0 117 425 209
train 0.0023 -5 68 429 167
train 0.0020 53 80 450 139
