bicycle 0.2781 3 61 411 365
bicycle 0.0271 122 77 371 299
bicycle 0.0061 237 60 386 330
bicycle 0.0020 275 40 432 358
bottle 0.0105 235 251 285 332
bottle 0.0020 86 222 419 368
car 0.0010 50 225 108 273
car 0.0010 228 79 375 241
chair 0.0451 344 203 501 370
chair 0.0177 144 90 290 215
chair 0.0149 420 212 499 375
chair 0.0097 459 218 500 374
chair 0.0029 217 94 299 136
chair 0.0023 480 232 500 378
chair 0.0022 384 105 501 388
chair 0.0022 172 91 356 179
chair 0.0018 207 98 306 166
chair 0.0014 31 180 194 368
chair 0.0010 377 261 504 378
chair 0.0010 471 158 499 355
chair 0.0010 384 204 499 317
diningtable 0.0185 2 257 508 380
motorbike 0.0862 105 63 398 344
motorbike 0.0193 2 171 418 371
motorbike 0.0126 139 88 378 222
person 0.0072 365 87 500 384
person 0.0029 461 151 500 361
person 0.0016 428 43 500 375
pottedplant 0.0212 0 69 61 277
pottedplant 0.0096 0 59 189 355
pottedplant 0.0066 218 86 363 171
pottedplant 0.0054 245 91 308 130
pottedplant 0.0045 0 66 112 295
pottedplant 0.0042 0 64 54 191
pottedplant 0.0039 235 87 338 141
pottedplant 0.0027 2 110 67 201
pottedplant 0.0014 212 60 378 307
pottedplant 0.0013 30 176 186 333
pottedplant 0.0013 140 91 254 183
pottedplant 0.0011 0 98 159 214
sofa 0.1400 354 201 500 373
