bottle 0.0506 34 402 120 501
bottle 0.0024 59 403 118 470
bottle 0.0010 65 404 117 439
diningtable 0.0014 -10 278 372 503
dog 0.0344 30 403 120 500
person 0.7106 26 178 71 278
person 0.6326 0 181 35 293
person 0.4754 131 89 372 498
person 0.4258 26 144 207 491
person 0.4160 268 91 361 276
person 0.1095 46 144 192 351
person 0.0535 74 220 103 260
person 0.0511 2 180 37 234
person 0.0468 324 193 349 248
person 0.0310 28 180 63 235
person 0.0285 54 150 170 278
person 0.0233 313 180 354 263
person 0.0217 2 159 89 464
person 0.0193 28 179 56 210
person 0.0169 246 76 368 465
person 0.0143 68 197 100 262
person 0.0114 4 178 98 291
person 0.0092 3 180 28 211
person 0.0071 56 168 116 269
person 0.0070 192 90 366 339
person 0.0063 -16 140 45 439
person 0.0055 159 85 278 249
person 0.0054 59 203 122 292
person 0.0053 283 91 362 202
person 0.0043 12 161 122 338
person 0.0043 34 187 94 272
person 0.0040 1 212 145 505
person 0.0038 15 179 57 255
person 0.0033 -17 120 166 392
person 0.0026 275 178 359 278
person 0.0023 8 179 42 214
person 0.0021 19 182 72 344
person 0.0021 52 81 343 339
person 0.0018 232 90 277 224
person 0.0017 -67 158 59 473
person 0.0017 310 88 362 154
person 0.0017 22 208 64 294
person 0.0016 76 218 99 245
person 0.0016 328 85 359 141
person 0.0016 231 110 342 300
person 0.0016 262 97 331 238
person 0.0016 288 117 381 356
person 0.0015 18 178 50 224
person 0.0015 333 196 353 255
person 0.0014 41 174 108 240
person 0.0014 3 194 59 302
pottedplant 0.0055 327 442 377 500
