bird 0.5276 217 82 314 274
bird 0.1385 245 78 330 358
bird 0.1155 218 104 268 284
bird 0.0335 268 90 325 292
bird 0.0148 156 126 267 311
bird 0.0138 0 248 11 345
bird 0.0048 0 11 125 170
bird 0.0044 90 40 142 134
bird 0.0038 466 188 500 372
bird 0.0038 458 65 500 380
bird 0.0037 225 38 508 370
bird 0.0036 237 76 298 230
bird 0.0035 0 234 24 356
bird 0.0023 363 25 499 376
bird 0.0021 212 132 296 346
bird 0.0021 190 73 279 249
bird 0.0018 63 59 330 308
bird 0.0018 0 203 15 340
bird 0.0016 276 116 342 341
bird 0.0016 420 -11 499 317
bird 0.0014 281 127 323 258
bird 0.0012 220 153 265 239
bird 0.0012 0 42 77 186
bird 0.0011 461 43 499 245
bird 0.0011 189 43 406 282
bird 0.0010 0 252 46 361
bird 0.0010 424 65 499 236
pottedplant 0.0020 -1 -8 186 357
sheep 0.0022 412 -63 498 48
