bottle 0.0019 428 0 438 19
bottle 0.0014 408 0 418 14
bottle 0.0010 435 0 446 21
chair 0.0147 293 0 367 43
chair 0.0086 231 5 315 79
chair 0.0047 232 1 364 61
chair 0.0030 321 34 446 91
chair 0.0015 233 5 299 51
chair 0.0013 137 2 288 48
chair 0.0013 370 29 417 54
chair 0.0010 370 30 441 62
dog 0.3466 301 188 427 300
dog 0.1150 258 188 498 407
dog 0.0123 196 138 464 333
dog 0.0081 313 41 429 91
dog 0.0036 311 175 490 322
dog 0.0017 309 39 496 106
person 0.2483 3 26 460 403
person 0.0735 72 6 306 227
person 0.0520 210 184 487 400
person 0.0080 301 0 368 43
person 0.0046 153 95 455 348
person 0.0023 107 17 406 275
person 0.0015 42 1 478 194
person 0.0010 56 57 329 313
sheep 0.0049 35 2 159 122
sofa 0.0100 -11 106 467 407
sofa 0.0021 314 43 498 209
