aeroplane 0.0014 217 137 312 343
boat 0.0579 314 52 372 340
boat 0.0124 6 37 83 299
boat 0.0043 244 128 312 336
boat 0.0019 349 356 374 399
boat 0.0011 -4 -11 306 322
bottle 0.0234 97 451 188 498
bottle 0.0218 88 466 156 499
bottle 0.0117 221 429 337 498
bottle 0.0051 148 222 215 417
bottle 0.0036 223 273 243 315
bottle 0.0031 96 473 141 497
bottle 0.0030 228 458 354 500
bottle 0.0026 205 266 224 315
bottle 0.0016 171 224 194 247
bottle 0.0013 269 465 326 499
bottle 0.0011 83 476 126 498
chair 0.0254 -1 287 164 489
chair 0.0110 70 255 94 287
chair 0.0050 112 0 204 60
chair 0.0034 216 419 377 501
chair 0.0019 244 263 272 314
chair 0.0018 116 0 198 32
chair 0.0016 71 255 114 292
chair 0.0016 168 443 330 499
diningtable 0.0708 -1 284 162 487
diningtable 0.0058 58 385 389 500
diningtable 0.0023 179 410 373 499
diningtable 0.0017 -2 233 360 497
person 0.0024 223 268 250 315
person 0.0011 229 272 242 308
tvmonitor 0.1007 322 34 371 339
tvmonitor 0.0469 154 243 216 292
tvmonitor 0.0090 244 138 311 340
tvmonitor 0.0064 306 169 372 329
tvmonitor 0.0058 326 38 374 204
tvmonitor 0.0041 244 255 273 315
tvmonitor 0.0037 217 422 377 498
tvmonitor 0.0029 233 203 289 327
tvmonitor 0.0028 218 454 318 500
tvmonitor 0.0021 221 258 267 315
tvmonitor 0.0018 166 233 210 278
tvmonitor 0.0015 135 208 252 352
tvmonitor 0.0013 252 255 274 291
tvmonitor 0.0012 173 225 193 248
tvmonitor 0.0012 242 252 268 293
tvmonitor 0.0011 183 240 216 281
tvmonitor 0.0010 194 137 313 381
