bird 0.0019 187 54 260 143
bird 0.0012 121 64 254 120
bird 0.0011 191 62 256 106
bottle 0.0089 315 122 351 194
bottle 0.0067 313 74 376 249
bottle 0.0010 324 125 352 150
chair 0.6657 260 134 337 238
chair 0.3020 0 189 48 330
chair 0.2221 428 138 479 247
chair 0.0511 0 247 40 331
chair 0.0229 309 130 354 238
chair 0.0166 81 208 145 275
chair 0.0148 45 200 113 274
chair 0.0136 0 190 12 231
chair 0.0115 0 190 24 232
chair 0.0103 123 189 212 329
chair 0.0068 238 162 334 257
chair 0.0053 422 174 481 331
chair 0.0042 445 159 483 251
chair 0.0040 6 197 63 295
chair 0.0035 56 197 175 297
chair 0.0031 0 171 21 307
chair 0.0027 301 64 371 277
chair 0.0025 13 193 107 304
chair 0.0025 0 187 39 251
chair 0.0016 35 220 238 331
chair 0.0016 465 163 493 247
chair 0.0015 357 176 479 330
chair 0.0014 0 186 17 261
chair 0.0014 178 209 231 262
chair 0.0012 25 200 80 288
chair 0.0012 0 290 41 330
chair 0.0011 116 61 257 240
diningtable 0.0017 78 220 383 330
diningtable 0.0016 27 219 206 332
person 0.7767 312 15 446 335
person 0.7735 124 163 219 330
person 0.0428 140 167 221 262
person 0.0171 255 23 407 328
person 0.0095 288 80 364 267
person 0.0066 143 163 189 245
person 0.0029 327 12 437 210
person 0.0028 86 162 201 288
person 0.0012 314 101 360 202
pottedplant 0.0015 190 43 265 211
pottedplant 0.0011 91 208 136 244
pottedplant 0.0010 141 57 260 241
sofa 0.0013 2 184 79 311
tvmonitor 0.1569 428 136 478 213
tvmonitor 0.1065 263 133 319 188
tvmonitor 0.0063 262 120 346 222
tvmonitor 0.0012 401 124 482 249
