bottle 0.0699 192 70 204 114
bottle 0.0310 428 185 441 238
bottle 0.0263 182 70 192 114
bottle 0.0146 217 222 261 285
bottle 0.0122 484 297 499 377
bottle 0.0090 426 189 445 259
bottle 0.0086 197 208 267 298
bottle 0.0058 85 16 94 41
bottle 0.0053 406 152 491 298
bottle 0.0039 241 271 276 312
bottle 0.0037 79 14 89 43
bottle 0.0034 90 17 99 39
bottle 0.0031 188 210 337 364
bottle 0.0029 468 288 500 376
bottle 0.0028 392 310 495 375
bottle 0.0025 80 42 91 84
bottle 0.0022 394 157 404 179
bottle 0.0022 105 12 117 37
bottle 0.0021 293 117 327 148
bottle 0.0019 263 260 305 308
bottle 0.0018 480 244 500 394
bottle 0.0018 175 77 193 117
bottle 0.0017 213 246 300 324
bottle 0.0015 72 8 83 44
bottle 0.0014 424 190 439 226
bottle 0.0012 411 262 469 315
bottle 0.0012 239 256 293 314
bottle 0.0011 171 200 248 306
bottle 0.0011 68 6 76 45
bottle 0.0010 418 171 441 226
chair 0.0934 263 236 420 335
chair 0.0476 196 232 437 367
chair 0.0154 402 229 496 314
chair 0.0111 225 183 500 326
chair 0.0038 478 207 500 379
chair 0.0035 464 215 500 302
chair 0.0034 255 263 495 375
chair 0.0034 403 144 495 304
chair 0.0028 4 166 150 372
chair 0.0028 410 260 479 312
chair 0.0025 393 301 495 378
chair 0.0015 357 165 394 188
chair 0.0010 478 211 500 282
diningtable 0.0208 204 304 495 375
dog 0.1800 4 151 238 370
person 0.4756 0 13 230 376
person 0.1083 8 155 296 369
person 0.0234 154 184 438 376
person 0.0123 -28 3 343 259
person 0.0102 176 204 304 351
person 0.0079 159 189 275 317
person 0.0051 1 152 156 364
person 0.0021 31 21 434 379
person 0.0018 92 170 264 303
person 0.0017 218 211 262 288
person 0.0015 0 6 63 360
person 0.0014 464 185 500 288
person 0.0010 4 97 163 290
pottedplant 0.0283 268 89 350 125
pottedplant 0.0077 267 81 283 124
pottedplant 0.0018 264 82 322 120
pottedplant 0.0011 300 95 350 123
sofa 0.0034 395 118 501 235
sofa 0.0023 420 115 498 184
sofa 0.0013 170 147 515 319
sofa 0.0010 431 117 499 154
tvmonitor 0.0438 286 149 350 187
tvmonitor 0.0094 395 146 502 241
tvmonitor 0.0049 219 206 263 287
tvmonitor 0.0020 176 150 511 314
tvmonitor 0.0017 273 198 420 260
tvmonitor 0.0012 51 111 478 352
tvmonitor 0.0011 151 162 316 317
tvmonitor 0.0011 400 165 442 213
tvmonitor 0.0011 263 142 456 188
