bicycle 0.0011 51 415 386 498
bird 0.7349 134 233 248 352
bird 0.0697 120 193 418 338
bird 0.0192 205 201 374 300
bird 0.0141 37 221 252 358
bird 0.0088 14 -2 234 74
bird 0.0068 15 32 479 396
bird 0.0047 75 169 467 433
bird 0.0040 139 -1 251 48
bird 0.0038 260 155 434 313
bird 0.0035 113 5 154 74
bird 0.0026 165 197 267 346
bird 0.0015 113 224 268 445
car 0.0021 366 303 438 329
cat 0.1102 290 293 470 504
cat 0.0018 67 229 245 356
chair 0.0337 2 419 149 500
chair 0.0072 -3 425 63 499
chair 0.0047 32 206 248 363
chair 0.0031 4 377 241 500
chair 0.0022 0 226 97 394
chair 0.0019 -3 325 60 503
chair 0.0015 351 189 448 325
diningtable 0.0102 -33 337 464 495
diningtable 0.0026 -4 366 299 501
dog 0.0080 257 278 472 500
dog 0.0011 172 358 487 500
pottedplant 0.0563 120 193 416 340
pottedplant 0.0416 6 421 164 500
pottedplant 0.0234 13 92 482 395
pottedplant 0.0121 315 152 427 278
pottedplant 0.0074 276 147 416 240
pottedplant 0.0071 317 -5 469 171
pottedplant 0.0056 118 387 423 499
pottedplant 0.0053 33 449 209 499
pottedplant 0.0046 240 143 416 294
pottedplant 0.0044 234 414 315 497
pottedplant 0.0030 197 198 343 281
pottedplant 0.0030 77 457 175 500
pottedplant 0.0028 269 145 358 190
pottedplant 0.0022 65 465 275 499
pottedplant 0.0022 142 106 457 324
pottedplant 0.0022 184 414 376 500
pottedplant 0.0020 114 483 244 499
pottedplant 0.0020 332 154 420 233
pottedplant 0.0019 33 429 300 500
pottedplant 0.0015 305 149 400 218
pottedplant 0.0014 232 191 447 323
pottedplant 0.0012 327 0 477 91
pottedplant 0.0012 235 -2 472 220
pottedplant 0.0011 56 -7 480 293
pottedplant 0.0010 229 143 381 228
pottedplant 0.0010 297 32 448 304
