bicycle 0.0019 0 228 167 490
bottle 0.7774 238 210 292 371
bottle 0.5691 46 183 63 229
bottle 0.0459 50 183 67 245
bottle 0.0406 288 184 328 221
bottle 0.0329 56 180 70 227
bottle 0.0201 240 271 280 361
bottle 0.0175 62 180 74 227
bottle 0.0106 264 207 279 255
bottle 0.0064 82 204 93 228
bottle 0.0058 297 336 375 412
bottle 0.0057 55 175 80 225
bottle 0.0053 105 200 122 234
bottle 0.0051 0 199 6 229
bottle 0.0044 66 189 81 227
bottle 0.0043 226 443 297 497
bottle 0.0040 41 188 60 237
bottle 0.0035 255 210 286 299
bottle 0.0035 72 198 91 233
bottle 0.0033 342 454 374 499
bottle 0.0026 258 195 280 259
bottle 0.0025 159 437 343 500
bottle 0.0015 244 171 287 317
bottle 0.0015 104 245 380 484
bottle 0.0013 4 444 50 500
bottle 0.0013 50 123 65 163
bottle 0.0013 356 213 373 235
bottle 0.0013 78 202 96 231
bottle 0.0013 271 223 292 364
bottle 0.0012 244 176 281 236
bottle 0.0011 95 193 124 232
bottle 0.0011 355 463 376 499
bottle 0.0010 54 197 72 247
bottle 0.0010 57 176 74 211
diningtable 0.1228 10 231 361 504
diningtable 0.0204 -1 183 179 500
diningtable 0.0023 -1 262 118 504
diningtable 0.0019 6 178 295 401
diningtable 0.0015 0 191 199 350
motorbike 0.1916 21 319 382 500
motorbike 0.0218 4 128 382 500
motorbike 0.0042 74 422 374 501
motorbike 0.0010 7 221 172 472
person 0.5521 105 77 252 327
person 0.0549 83 78 232 235
person 0.0135 4 -5 149 171
person 0.0098 1 104 359 478
person 0.0017 118 66 326 395
person 0.0014 2 96 217 266
tvmonitor 0.0011 287 223 374 361
