bird 0.0042 448 332 500 374
bottle 0.0067 447 330 499 374
bottle 0.0064 237 -2 328 180
bottle 0.0024 304 0 366 78
bottle 0.0021 110 230 167 296
car 0.0104 192 136 266 224
car 0.0043 186 115 280 254
car 0.0022 68 43 363 341
car 0.0015 191 50 326 293
chair 0.0141 0 228 119 341
chair 0.0116 194 133 264 222
chair 0.0043 0 241 57 348
chair 0.0031 0 246 84 381
chair 0.0029 127 0 298 117
chair 0.0014 0 238 35 392
diningtable 0.0069 -4 255 296 374
person 0.0077 238 -1 344 171
person 0.0044 144 1 327 152
person 0.0041 262 0 366 82
person 0.0010 417 333 497 435
pottedplant 0.0075 447 332 498 380
pottedplant 0.0038 440 331 499 433
pottedplant 0.0016 213 -3 359 299
sofa 0.0067 0 237 294 376
sofa 0.0025 -8 230 168 339
train 0.2509 -4 21 292 345
train 0.0028 0 31 155 289
train 0.0014 53 44 211 298
tvmonitor 0.2858 0 45 101 304
tvmonitor 0.1223 375 0 499 91
tvmonitor 0.0203 194 134 261 213
tvmonitor 0.0048 172 94 278 254
tvmonitor 0.0042 379 18 499 278
tvmonitor 0.0013 193 134 244 186
tvmonitor 0.0012 272 -10 508 310
