bicycle 0.0018 151 84 238 304
bus 0.0010 421 -27 500 298
car 0.1310 424 142 438 155
car 0.0301 383 122 403 157
car 0.0014 423 137 435 150
motorbike 0.4043 163 90 281 312
motorbike 0.3374 152 29 384 316
motorbike 0.1103 279 75 386 246
motorbike 0.0757 312 70 387 188
motorbike 0.0093 335 100 389 180
motorbike 0.0077 171 17 343 216
motorbike 0.0047 266 80 349 219
motorbike 0.0036 219 52 368 270
motorbike 0.0020 158 107 229 304
motorbike 0.0015 141 31 285 193
motorbike 0.0014 174 167 269 300
motorbike 0.0012 331 85 395 227
person 0.3021 152 106 196 186
person 0.1682 334 68 389 182
person 0.0504 154 34 290 283
person 0.0183 383 123 400 158
person 0.0128 374 115 401 162
person 0.0122 422 139 436 155
person 0.0095 281 78 387 195
person 0.0088 153 94 209 232
person 0.0067 154 100 225 178
person 0.0058 288 86 345 187
person 0.0037 301 81 364 174
person 0.0034 350 110 400 169
person 0.0033 400 132 409 152
person 0.0025 186 37 245 184
person 0.0024 153 59 238 194
person 0.0022 387 128 409 156
person 0.0022 320 73 374 156
person 0.0019 174 17 334 212
person 0.0016 304 85 336 138
person 0.0014 379 133 394 163
person 0.0013 329 98 368 180
person 0.0012 190 38 236 104
person 0.0011 364 115 389 164
person 0.0010 346 62 388 140
pottedplant 0.0019 0 86 14 167
pottedplant 0.0012 0 110 19 183
pottedplant 0.0010 0 8 66 188
train 0.0020 426 -11 501 313
train 0.0010 1 16 66 190
