bicycle 0.0480 14 212 333 503
bicycle 0.0256 66 328 276 500
bicycle 0.0166 94 388 242 500
bottle 0.0706 183 139 243 222
bottle 0.0233 117 197 331 494
bottle 0.0233 167 113 247 176
bottle 0.0176 192 155 231 225
bottle 0.0155 97 392 241 501
bottle 0.0126 137 59 277 357
bottle 0.0050 162 117 235 215
bottle 0.0034 235 236 324 494
bottle 0.0026 154 99 243 285
bottle 0.0025 147 234 288 458
bottle 0.0020 204 146 248 212
bottle 0.0018 201 121 251 190
bottle 0.0016 174 148 252 310
bottle 0.0015 140 90 227 189
bottle 0.0014 97 243 244 488
bottle 0.0012 102 181 280 389
bottle 0.0011 158 121 235 158
bottle 0.0011 63 34 289 286
bottle 0.0010 31 451 215 500
bottle 0.0010 130 213 236 400
bottle 0.0010 110 56 249 257
motorbike 0.0314 8 172 332 498
person 0.5348 9 8 301 500
person 0.0060 120 215 265 496
person 0.0046 12 -1 242 316
person 0.0037 153 71 280 346
person 0.0020 33 0 229 179
person 0.0015 -24 8 147 504
person 0.0015 120 3 355 479
