bicycle 0.0031 275 10 303 40
bicycle 0.0015 270 80 317 137
bicycle 0.0012 277 1 332 30
boat 0.0102 8 30 512 242
boat 0.0061 416 22 499 220
boat 0.0012 425 77 500 180
boat 0.0010 260 8 502 316
bottle 0.0025 0 301 14 380
bottle 0.0017 0 300 31 374
bottle 0.0016 0 329 21 376
car 0.5607 1 0 67 22
car 0.0960 0 0 34 25
car 0.0882 468 2 496 26
car 0.0418 385 0 429 25
car 0.0126 460 2 483 28
car 0.0124 338 9 498 251
car 0.0085 0 -1 19 15
car 0.0068 472 0 495 15
car 0.0066 420 4 465 37
car 0.0057 428 20 500 197
car 0.0055 491 5 500 25
car 0.0055 448 0 498 29
car 0.0051 30 -1 71 19
car 0.0046 352 11 390 24
car 0.0042 0 149 86 293
car 0.0036 476 8 500 29
car 0.0033 492 10 500 30
car 0.0022 0 0 13 29
car 0.0014 108 1 149 25
car 0.0012 0 -3 10 14
car 0.0012 490 1 499 18
car 0.0011 6 -2 73 14
chair 0.0021 0 278 78 369
chair 0.0021 0 176 72 367
chair 0.0012 0 234 34 370
diningtable 0.0013 1 93 507 377
motorbike 0.2537 8 53 498 335
motorbike 0.0094 266 14 500 249
motorbike 0.0034 277 7 303 38
motorbike 0.0024 266 7 318 39
motorbike 0.0022 253 78 324 156
motorbike 0.0018 277 1 333 31
motorbike 0.0013 94 28 475 232
person 0.0192 457 2 471 28
person 0.0185 423 2 472 36
person 0.0107 461 1 483 27
person 0.0081 107 223 174 282
person 0.0068 404 39 440 94
person 0.0041 73 222 170 322
person 0.0033 277 9 301 40
person 0.0025 410 20 457 89
person 0.0014 0 83 26 207
pottedplant 0.0160 272 79 310 144
pottedplant 0.0044 423 1 462 40
pottedplant 0.0015 201 122 241 156
pottedplant 0.0012 270 12 303 44
train 0.0384 2 77 502 352
train 0.0053 222 14 497 276
tvmonitor 0.0142 0 148 75 292
tvmonitor 0.0023 0 288 29 371
tvmonitor 0.0017 0 159 52 349
