bus 0.4239 9 28 505 320
bus 0.0034 152 177 396 287
bus 0.0030 256 219 287 253
bus 0.0023 219 191 429 308
bus 0.0019 127 174 504 385
bus 0.0012 248 216 295 260
car 0.1723 1 255 109 346
car 0.0196 153 243 512 375
car 0.0033 2 256 107 298
person 0.6621 322 217 364 283
person 0.1312 415 220 443 263
person 0.0107 401 229 418 259
person 0.0105 464 178 473 203
person 0.0087 107 221 132 247
person 0.0060 313 220 380 313
person 0.0051 335 218 365 264
person 0.0040 463 211 472 230
person 0.0034 130 174 506 370
person 0.0033 253 219 289 255
person 0.0029 323 215 345 251
person 0.0023 324 213 338 233
person 0.0023 352 222 377 261
person 0.0023 283 210 397 289
person 0.0020 234 184 439 336
person 0.0018 359 221 380 251
person 0.0014 326 214 348 234
person 0.0011 321 176 337 199
person 0.0011 367 220 382 247
person 0.0010 347 222 366 257
person 0.0010 465 213 474 239
pottedplant 0.0011 103 217 137 253
pottedplant 0.0010 134 242 148 270
tvmonitor 0.0145 105 218 134 247
tvmonitor 0.0055 254 217 289 253
tvmonitor 0.0030 63 211 101 258
tvmonitor 0.0017 115 271 171 336
tvmonitor 0.0013 450 228 474 250
