bird 0.0050 0 42 98 294
bottle 0.0080 48 1 134 50
car 0.0045 -9 -9 483 203
car 0.0023 91 0 426 126
cat 0.0363 235 68 498 298
cat 0.0031 -4 0 143 180
cat 0.0024 242 84 415 240
cat 0.0022 -3 32 75 223
chair 0.0030 375 64 500 309
chair 0.0014 439 54 500 110
diningtable 0.0938 -14 26 478 335
dog 0.3220 0 35 88 215
dog 0.0628 0 0 146 216
dog 0.0010 0 58 66 307
motorbike 0.0553 -15 3 475 320
motorbike 0.0071 -4 8 275 252
motorbike 0.0067 96 6 389 138
motorbike 0.0039 175 20 309 128
person 0.1420 236 75 502 289
person 0.0337 -3 1 137 53
person 0.0329 83 56 486 320
person 0.0091 46 0 162 49
person 0.0087 0 0 224 249
person 0.0075 0 -3 150 189
person 0.0026 18 0 235 52
person 0.0024 1 0 154 91
person 0.0017 178 25 456 243
sofa 0.0058 181 2 497 106
sofa 0.0015 175 7 515 222
