bottle 0.0035 385 210 394 243
bus 0.3519 23 26 466 373
bus 0.0012 0 103 67 241
car 0.1505 16 19 423 374
car 0.0022 0 116 6 132
car 0.0019 274 128 476 374
car 0.0014 2 92 115 237
person 0.8842 366 135 453 372
person 0.0449 74 104 113 159
person 0.0201 103 98 137 149
person 0.0082 408 137 465 364
person 0.0080 334 120 409 369
person 0.0066 111 98 135 127
person 0.0061 174 87 231 158
person 0.0060 79 104 105 145
person 0.0051 213 97 260 155
person 0.0040 483 65 500 106
person 0.0035 67 116 105 165
person 0.0034 437 -81 501 84
person 0.0033 155 76 214 169
person 0.0031 479 62 500 159
person 0.0023 84 103 133 161
person 0.0019 469 61 500 109
person 0.0019 340 71 488 355
person 0.0017 17 109 112 187
person 0.0016 137 85 200 161
person 0.0013 18 87 149 200
person 0.0011 38 87 64 129
person 0.0010 63 83 150 168
train 0.0044 251 -11 536 407
tvmonitor 0.0036 169 268 232 315
