bicycle 0.7777 112 120 274 255
bicycle 0.0238 190 127 275 260
bicycle 0.0124 209 105 331 272
bicycle 0.0060 95 119 205 238
bicycle 0.0018 182 104 423 280
bicycle 0.0015 152 138 228 244
bottle 0.0320 56 1 90 65
bottle 0.0178 2 -1 37 36
bottle 0.0156 44 3 65 57
bottle 0.0142 29 5 59 64
bottle 0.0122 0 5 31 76
bottle 0.0090 8 1 47 59
bottle 0.0086 0 -1 18 34
bottle 0.0056 0 0 21 59
bottle 0.0048 33 0 63 39
bottle 0.0047 74 4 100 59
bottle 0.0041 88 0 121 29
bottle 0.0038 194 181 215 209
bottle 0.0033 210 124 251 162
bottle 0.0032 43 -2 83 44
bottle 0.0032 107 0 123 26
bottle 0.0031 106 44 127 83
bottle 0.0030 87 8 122 75
bottle 0.0030 37 -1 66 21
bottle 0.0029 194 173 207 192
bottle 0.0026 82 0 108 32
bottle 0.0021 8 15 55 90
bottle 0.0021 0 -3 9 34
bottle 0.0017 63 16 94 79
bottle 0.0016 99 0 120 22
bottle 0.0014 24 17 49 76
bottle 0.0014 55 13 78 72
bottle 0.0013 192 176 209 201
bottle 0.0012 0 19 20 83
bottle 0.0012 52 0 88 25
bottle 0.0010 101 7 125 55
bottle 0.0010 35 17 77 89
bottle 0.0010 2 28 27 64
person 0.9292 218 29 360 273
person 0.0014 211 114 262 177
pottedplant 0.0025 106 48 128 82
