cat 0.2376 84 84 482 372
cat 0.2029 292 85 441 271
cat 0.0496 310 85 416 146
cat 0.0115 0 258 23 328
cat 0.0098 164 80 451 285
cat 0.0070 106 99 320 268
cat 0.0034 301 61 506 314
cat 0.0032 0 256 35 349
cat 0.0031 0 228 16 321
cat 0.0022 82 270 157 324
cat 0.0019 0 198 22 345
chair 0.0210 159 2 222 97
chair 0.0053 307 47 498 261
chair 0.0032 197 0 254 85
chair 0.0013 25 59 369 352
chair 0.0011 217 -1 294 92
chair 0.0010 88 3 240 143
dog 0.0885 64 147 459 377
dog 0.0078 44 268 211 377
dog 0.0039 53 225 320 376
dog 0.0020 75 273 163 331
person 0.0131 0 6 29 87
pottedplant 0.2863 170 3 208 41
pottedplant 0.0272 167 2 214 72
pottedplant 0.0127 183 0 236 41
pottedplant 0.0072 201 -1 248 47
pottedplant 0.0042 159 2 247 92
pottedplant 0.0021 144 0 187 40
tvmonitor 0.0765 0 2 37 94
tvmonitor 0.0104 0 0 60 128
tvmonitor 0.0011 0 0 27 64
