bottle 0.0056 180 159 229 208
chair 0.3579 423 184 465 261
chair 0.1632 420 185 496 305
chair 0.0592 371 170 395 232
chair 0.0450 320 167 395 233
chair 0.0283 378 171 449 253
chair 0.0278 385 189 478 310
chair 0.0218 461 187 499 311
chair 0.0189 477 213 499 311
chair 0.0153 364 169 412 235
chair 0.0088 351 171 453 310
chair 0.0058 459 249 499 312
chair 0.0053 477 157 500 291
chair 0.0053 305 141 399 253
chair 0.0031 449 157 498 270
chair 0.0030 418 184 446 255
chair 0.0023 318 218 479 314
chair 0.0023 474 218 498 269
chair 0.0023 121 153 404 311
chair 0.0020 0 188 64 313
chair 0.0019 321 180 409 310
chair 0.0018 2 163 146 310
chair 0.0013 486 257 500 312
chair 0.0013 333 164 431 243
chair 0.0012 490 215 499 279
diningtable 0.0456 376 198 498 313
diningtable 0.0047 0 235 154 312
diningtable 0.0028 431 252 499 312
diningtable 0.0023 317 219 480 314
diningtable 0.0016 375 230 460 311
person 0.8784 136 72 396 311
person 0.6342 6 101 153 273
person 0.5160 147 121 219 215
person 0.2642 7 129 49 177
person 0.0724 142 118 228 312
person 0.0334 56 105 154 221
person 0.0266 153 116 198 156
person 0.0156 20 130 53 163
person 0.0106 27 129 49 155
person 0.0089 63 110 160 312
person 0.0087 33 105 229 288
person 0.0081 174 137 228 212
person 0.0074 1 122 62 254
person 0.0055 2 129 43 210
person 0.0046 146 123 198 188
person 0.0045 94 130 162 226
person 0.0033 69 145 154 245
person 0.0024 -2 114 94 314
person 0.0021 0 114 116 215
person 0.0021 153 99 282 282
person 0.0018 16 164 160 255
person 0.0017 11 101 154 178
person 0.0013 81 122 203 231
