bicycle 0.0023 81 311 177 388
bird 0.0046 240 119 284 154
bird 0.0019 260 87 303 120
bird 0.0015 162 -1 289 29
bird 0.0014 183 351 199 373
bird 0.0012 195 0 309 161
bottle 0.0019 184 351 198 373
chair 0.0117 2 153 80 328
chair 0.0013 82 313 167 372
chair 0.0011 0 153 32 309
cow 0.0810 235 353 285 379
cow 0.0010 306 295 333 331
dog 0.1000 237 354 283 379
dog 0.0034 118 327 186 378
dog 0.0025 140 331 185 369
dog 0.0015 83 317 183 388
dog 0.0013 181 339 202 374
horse 0.8675 108 185 250 364
horse 0.0103 59 186 199 347
horse 0.0075 179 205 250 360
horse 0.0043 88 187 183 303
horse 0.0023 71 0 322 170
horse 0.0020 90 310 172 372
horse 0.0010 11 119 249 327
person 0.7651 77 254 168 375
person 0.0389 118 264 164 352
person 0.0309 125 273 148 329
person 0.0095 106 278 179 374
person 0.0033 82 307 177 384
person 0.0033 88 200 209 365
person 0.0028 117 272 139 330
person 0.0024 103 188 167 330
person 0.0020 71 257 128 354
person 0.0019 179 279 219 363
person 0.0017 139 311 197 371
person 0.0014 107 184 158 276
person 0.0014 141 226 249 373
person 0.0014 128 277 164 332
person 0.0012 60 177 164 357
person 0.0011 128 286 152 321
person 0.0011 124 290 142 324
person 0.0011 140 331 183 369
person 0.0010 124 262 157 319
person 0.0010 109 278 147 336
pottedplant 0.0034 243 0 287 17
pottedplant 0.0018 232 0 289 27
