bird 0.0089 207 124 278 173
bird 0.0032 252 147 279 169
bird 0.0023 430 93 499 180
bird 0.0015 360 113 395 156
bird 0.0014 430 92 500 275
bird 0.0010 204 125 252 161
bird 0.0010 316 126 362 174
bird 0.0010 432 94 485 136
boat 0.7857 248 192 326 298
boat 0.7558 387 257 423 291
boat 0.5751 6 250 27 289
boat 0.3945 85 255 101 288
boat 0.1632 284 211 327 292
boat 0.0990 246 197 284 290
boat 0.0090 248 226 273 290
boat 0.0061 77 259 104 291
boat 0.0043 260 209 308 294
boat 0.0040 58 255 103 288
boat 0.0027 389 243 415 286
boat 0.0025 304 210 330 287
boat 0.0024 343 369 499 435
boat 0.0020 247 232 263 287
boat 0.0020 394 266 428 295
boat 0.0019 388 267 413 291
boat 0.0017 425 91 499 297
boat 0.0016 255 278 326 294
boat 0.0014 207 107 271 289
boat 0.0011 398 252 435 294
boat 0.0010 7 267 25 291
person 0.0010 247 272 260 290
sheep 0.0025 429 91 499 199
