bottle 0.0056 132 76 149 129
bottle 0.0050 147 78 169 131
bottle 0.0045 88 215 126 289
bottle 0.0032 136 49 170 149
bottle 0.0031 131 77 161 221
bottle 0.0030 131 58 149 112
bottle 0.0027 138 81 171 177
bottle 0.0026 86 202 143 312
bottle 0.0024 63 200 162 369
bottle 0.0021 136 110 167 268
bottle 0.0021 139 126 162 229
bottle 0.0021 70 117 123 172
bottle 0.0018 44 69 164 291
bottle 0.0017 59 112 149 249
bottle 0.0017 20 132 195 364
bottle 0.0016 134 70 147 101
bottle 0.0015 115 64 179 243
bottle 0.0013 26 88 138 221
bottle 0.0013 146 79 164 114
bottle 0.0011 125 32 180 166
bottle 0.0010 84 121 109 168
cat 0.5903 172 181 262 336
cat 0.0066 217 163 265 216
cat 0.0029 178 98 279 315
cat 0.0027 133 71 377 354
cat 0.0017 187 128 275 249
chair 0.0172 0 40 69 365
chair 0.0129 0 81 29 333
chair 0.0105 0 1 134 364
chair 0.0047 0 126 15 289
chair 0.0041 372 3 434 128
chair 0.0041 54 38 114 120
chair 0.0040 0 158 109 384
chair 0.0026 136 79 174 208
chair 0.0026 38 50 147 315
chair 0.0026 0 151 27 261
chair 0.0026 0 142 23 394
chair 0.0025 84 205 156 376
chair 0.0024 0 198 12 367
chair 0.0021 0 195 67 374
chair 0.0014 23 210 192 373
chair 0.0011 0 153 17 240
chair 0.0011 -1 -1 89 259
chair 0.0010 9 19 115 177
chair 0.0010 350 3 448 208
diningtable 0.0062 -7 83 275 375
diningtable 0.0043 120 33 497 362
diningtable 0.0013 27 67 158 319
person 0.4488 413 -2 499 225
person 0.0134 0 46 27 342
person 0.0132 0 5 72 352
person 0.0037 -1 13 156 350
person 0.0034 363 -4 468 215
person 0.0026 123 26 150 86
person 0.0024 0 151 16 383
person 0.0017 0 94 11 271
person 0.0016 280 15 494 330
person 0.0013 381 -2 498 111
pottedplant 0.1301 152 4 358 237
pottedplant 0.0370 162 128 266 226
pottedplant 0.0358 131 55 346 350
pottedplant 0.0345 260 91 361 217
pottedplant 0.0261 147 85 283 270
pottedplant 0.0239 137 25 235 175
pottedplant 0.0173 312 64 369 114
pottedplant 0.0130 198 87 361 247
pottedplant 0.0108 137 51 205 159
pottedplant 0.0068 144 81 187 152
pottedplant 0.0061 145 82 233 199
pottedplant 0.0039 232 15 377 195
pottedplant 0.0037 136 89 189 193
pottedplant 0.0029 147 78 176 130
pottedplant 0.0029 292 102 360 186
pottedplant 0.0029 206 64 446 275
pottedplant 0.0027 172 94 317 214
pottedplant 0.0025 144 29 293 201
pottedplant 0.0024 190 108 265 205
pottedplant 0.0023 215 152 267 216
pottedplant 0.0018 274 64 357 177
pottedplant 0.0016 0 42 23 95
pottedplant 0.0014 194 112 306 273
pottedplant 0.0013 300 61 366 146
pottedplant 0.0012 128 29 161 109
pottedplant 0.0011 286 125 366 230
pottedplant 0.0011 250 30 370 126
pottedplant 0.0010 192 53 344 180
pottedplant 0.0010 124 20 173 88
pottedplant 0.0010 131 -19 392 145
sofa 0.0018 103 68 467 361
