bottle 0.0291 0 292 30 378
bottle 0.0157 0 274 73 376
bottle 0.0120 259 286 338 376
bottle 0.0102 0 333 40 376
bottle 0.0098 50 93 95 158
bottle 0.0096 22 341 91 376
bottle 0.0070 25 271 88 367
bottle 0.0068 1 283 18 322
bottle 0.0065 168 281 244 372
bottle 0.0064 31 272 65 351
bottle 0.0049 2 277 27 336
bottle 0.0046 63 88 93 139
bottle 0.0036 0 214 36 385
bottle 0.0028 0 236 20 355
bottle 0.0019 192 283 243 341
bottle 0.0019 0 283 7 322
bottle 0.0018 55 274 85 344
bottle 0.0015 20 183 90 377
bottle 0.0013 35 351 83 374
bottle 0.0011 80 93 95 137
bottle 0.0011 9 268 49 352
bottle 0.0010 6 283 33 353
bottle 0.0010 206 10 274 117
car 0.0371 0 339 29 376
car 0.0134 26 350 86 374
car 0.0067 1 348 72 375
car 0.0011 0 304 26 379
chair 0.0034 422 221 500 375
diningtable 0.0055 0 274 100 375
diningtable 0.0034 2 278 225 374
person 0.5533 277 42 498 376
person 0.5355 58 45 275 370
person 0.5153 0 147 34 316
person 0.1967 11 102 93 300
person 0.1387 0 146 33 205
person 0.0800 13 49 167 363
person 0.0719 -1 114 52 243
person 0.0238 143 55 309 386
person 0.0185 412 64 499 379
person 0.0177 64 35 509 382
person 0.0100 24 79 93 230
person 0.0095 0 -29 75 288
person 0.0085 18 119 118 367
person 0.0080 0 110 83 211
person 0.0068 46 87 95 168
person 0.0062 456 53 499 365
person 0.0059 0 122 25 196
person 0.0055 0 -8 46 205
person 0.0052 477 94 499 195
person 0.0045 63 88 94 144
person 0.0043 4 185 46 373
person 0.0040 477 85 499 132
person 0.0028 0 171 22 386
person 0.0027 246 45 395 369
person 0.0022 429 188 500 374
person 0.0021 469 91 500 245
person 0.0017 1 -160 109 269
person 0.0016 0 -3 33 118
person 0.0015 443 75 501 221
person 0.0015 0 62 32 209
person 0.0014 335 165 500 375
person 0.0013 480 48 499 312
person 0.0011 0 152 25 189
person 0.0011 0 147 7 196
person 0.0010 60 94 91 188
person 0.0010 475 60 500 122
person 0.0010 0 -2 77 144
