car 0.0033 0 159 60 217
cow 0.0045 1 200 82 410
horse 0.2793 23 89 302 426
horse 0.0610 175 67 321 397
horse 0.0093 0 170 234 406
horse 0.0080 1 213 116 414
horse 0.0013 201 81 321 256
person 0.3232 58 49 222 329
person 0.0108 15 471 38 499
person 0.0057 29 205 46 237
person 0.0043 87 47 323 278
person 0.0036 49 470 69 500
person 0.0017 39 68 145 354
person 0.0016 176 86 325 223
person 0.0015 82 476 100 499
person 0.0014 32 200 56 235
person 0.0014 88 59 266 410
person 0.0012 0 179 13 215
person 0.0010 51 201 67 230
person 0.0010 26 468 79 501
pottedplant 0.0047 39 173 63 217
pottedplant 0.0029 0 161 64 225
pottedplant 0.0019 24 171 70 236
pottedplant 0.0017 83 472 99 498
pottedplant 0.0011 180 483 197 500
pottedplant 0.0010 20 152 74 262
