bicycle 0.8639 137 111 369 282
car 0.0352 264 6 497 72
car 0.0104 239 2 401 53
car 0.0066 253 15 506 136
car 0.0034 335 12 472 62
car 0.0025 349 19 507 100
car 0.0018 247 0 336 49
car 0.0018 2 0 326 83
car 0.0018 418 29 500 71
car 0.0015 458 16 500 97
car 0.0012 309 2 352 17
person 0.7144 165 26 326 251
person 0.0579 419 7 457 35
person 0.0177 425 9 476 43
person 0.0111 413 8 457 56
person 0.0103 456 16 500 72
person 0.0069 455 15 498 44
person 0.0037 405 8 475 71
person 0.0017 390 7 461 40
person 0.0012 434 12 489 33
train 0.0013 3 0 183 66
train 0.0011 7 -3 316 76
