bus 0.6911 49 -8 477 363
bus 0.0492 0 138 25 181
bus 0.0100 392 36 499 354
bus 0.0062 284 21 494 364
bus 0.0050 11 142 93 190
bus 0.0022 19 150 70 186
bus 0.0021 55 61 272 294
bus 0.0014 105 149 221 195
car 0.7752 0 172 49 266
car 0.2177 1 159 57 205
car 0.1811 91 154 139 190
car 0.1270 0 147 44 192
car 0.1174 0 136 29 183
car 0.0971 0 157 31 187
car 0.0451 0 137 24 162
car 0.0178 6 152 68 191
car 0.0161 6 171 61 235
car 0.0089 0 134 19 155
car 0.0082 60 150 138 193
car 0.0039 115 149 171 181
car 0.0037 108 152 142 184
car 0.0036 0 165 36 215
car 0.0029 0 139 76 230
car 0.0020 41 21 479 391
car 0.0020 0 136 9 192
car 0.0017 13 164 72 217
car 0.0017 0 155 22 232
car 0.0016 7 139 30 169
car 0.0015 103 149 157 190
car 0.0014 0 167 28 198
car 0.0014 26 149 114 188
car 0.0012 0 134 15 171
car 0.0011 25 156 64 186
car 0.0010 112 160 172 193
car 0.0010 31 172 66 233
person 0.0059 348 62 365 123
person 0.0041 414 129 429 156
person 0.0025 273 128 301 191
person 0.0024 201 135 258 185
person 0.0018 266 107 293 187
person 0.0015 271 10 388 356
person 0.0014 349 63 363 96
person 0.0012 348 64 376 140
person 0.0010 490 120 499 247
train 0.0010 317 17 489 347
