bicycle 0.0149 31 91 485 349
bicycle 0.0060 134 170 285 303
bird 0.0377 141 200 274 308
bird 0.0078 106 195 231 321
bird 0.0053 140 192 204 316
bird 0.0041 98 212 124 242
bird 0.0030 182 11 463 278
bird 0.0028 88 216 131 250
bird 0.0028 81 214 171 330
bird 0.0027 149 205 230 284
bird 0.0027 480 106 500 289
bird 0.0013 142 264 198 325
dog 0.2348 66 211 187 333
dog 0.0026 137 175 277 292
horse 0.1456 65 217 182 334
horse 0.0280 25 91 492 352
horse 0.0053 130 163 292 304
motorbike 0.0036 100 67 503 372
person 0.3337 154 12 322 291
person 0.0807 133 12 449 337
person 0.0063 187 25 454 217
person 0.0021 84 69 305 329
person 0.0016 479 103 500 337
person 0.0011 157 10 348 162
pottedplant 0.0015 478 78 500 312
