bird 0.0263 70 23 479 371
bird 0.0012 189 109 431 364
cat 0.0066 217 34 499 371
cat 0.0031 33 92 292 331
chair 0.0086 321 0 370 26
chair 0.0028 251 39 499 370
chair 0.0023 0 80 63 270
chair 0.0015 0 270 64 375
chair 0.0011 5 49 178 257
dog 0.2043 -4 24 482 376
dog 0.1016 31 125 241 373
dog 0.0065 29 133 157 264
dog 0.0021 110 9 469 181
dog 0.0012 68 110 370 370
dog 0.0011 10 38 262 320
person 0.0192 75 19 482 359
person 0.0088 452 31 499 372
person 0.0037 251 59 503 374
person 0.0033 24 14 450 185
