boat 0.0011 437 302 459 320
bottle 0.9100 91 143 138 307
bottle 0.8999 34 170 78 305
bottle 0.8430 309 143 351 307
bottle 0.8289 380 137 439 315
bottle 0.8200 140 164 177 301
bottle 0.7975 242 138 278 309
bottle 0.7793 440 152 492 304
bottle 0.7605 176 142 214 307
bottle 0.5851 346 153 377 290
bottle 0.5788 275 147 309 301
bottle 0.4622 1 166 30 319
bottle 0.4107 249 130 272 201
bottle 0.2943 10 169 36 295
bottle 0.1962 213 155 243 305
bottle 0.1235 166 112 216 218
bottle 0.1227 0 218 18 338
bottle 0.0847 318 136 343 194
bottle 0.0645 126 133 156 273
bottle 0.0470 341 155 364 219
bottle 0.0390 277 149 302 204
bottle 0.0369 479 124 500 289
bottle 0.0318 240 138 266 252
bottle 0.0280 42 168 72 225
bottle 0.0258 150 144 170 216
bottle 0.0231 216 157 241 239
bottle 0.0175 463 21 500 132
bottle 0.0167 108 167 164 307
bottle 0.0166 101 144 127 208
bottle 0.0166 253 135 285 196
bottle 0.0162 407 130 443 314
bottle 0.0145 134 134 186 227
bottle 0.0132 282 143 327 284
bottle 0.0130 180 140 210 223
bottle 0.0111 0 260 20 367
bottle 0.0102 283 175 306 264
bottle 0.0098 4 163 28 244
bottle 0.0096 108 -1 156 161
bottle 0.0094 58 163 86 297
bottle 0.0085 487 204 499 305
bottle 0.0085 27 167 56 287
bottle 0.0083 352 203 374 290
bottle 0.0074 306 142 345 210
bottle 0.0070 383 139 426 224
bottle 0.0066 269 145 307 219
bottle 0.0060 463 115 502 305
bottle 0.0055 98 144 131 255
bottle 0.0054 250 140 271 179
bottle 0.0050 95 223 136 308
bottle 0.0050 127 136 162 215
bottle 0.0048 209 137 329 314
bottle 0.0047 288 141 383 310
bottle 0.0046 0 255 11 338
bottle 0.0044 11 169 110 307
bottle 0.0043 81 137 176 308
bottle 0.0043 456 20 501 224
bottle 0.0041 482 71 499 239
bottle 0.0041 106 140 149 274
bottle 0.0041 17 175 34 266
bottle 0.0036 304 137 339 258
bottle 0.0034 25 169 75 243
bottle 0.0033 10 167 29 216
bottle 0.0033 155 169 171 211
bottle 0.0032 393 137 421 192
bottle 0.0032 339 146 359 198
bottle 0.0031 470 131 494 208
bottle 0.0031 28 1 64 81
bottle 0.0031 423 149 463 310
bottle 0.0027 25 175 43 265
bottle 0.0026 32 176 48 264
bottle 0.0025 461 135 484 178
bottle 0.0024 322 135 360 292
bottle 0.0024 0 75 11 237
bottle 0.0024 2 244 28 351
bottle 0.0022 -4 204 42 348
bottle 0.0022 454 104 486 197
bottle 0.0022 201 148 229 218
bottle 0.0021 451 151 477 208
bottle 0.0020 486 248 499 309
bottle 0.0019 20 205 34 286
bottle 0.0019 1 164 22 222
bottle 0.0019 140 227 174 301
bottle 0.0019 256 128 278 182
bottle 0.0019 82 153 105 307
bottle 0.0018 356 145 386 294
bottle 0.0018 256 139 276 214
bottle 0.0018 453 141 493 223
bottle 0.0018 24 0 96 83
bottle 0.0018 366 161 390 305
bottle 0.0017 174 219 216 310
bottle 0.0015 286 188 311 317
bottle 0.0015 285 146 315 212
bottle 0.0014 12 239 30 319
bottle 0.0013 214 171 230 256
bottle 0.0013 215 142 251 198
bottle 0.0013 0 226 8 316
bottle 0.0013 0 183 16 273
bottle 0.0012 149 165 176 242
bottle 0.0012 266 151 285 236
bottle 0.0012 193 142 218 215
bottle 0.0012 415 143 454 236
bottle 0.0012 217 166 231 216
bottle 0.0011 238 160 258 242
bottle 0.0011 72 232 172 315
bottle 0.0011 171 324 241 359
bottle 0.0011 436 303 460 320
bottle 0.0011 456 138 479 168
bottle 0.0011 296 140 322 198
bottle 0.0010 248 135 265 172
bottle 0.0010 326 146 344 184
bottle 0.0010 4 219 22 301
diningtable 0.0132 67 226 509 382
diningtable 0.0043 11 271 432 369
diningtable 0.0041 0 227 232 364
diningtable 0.0020 9 296 251 375
diningtable 0.0012 129 221 186 305
diningtable 0.0011 160 321 265 362
diningtable 0.0011 244 178 419 352
diningtable 0.0010 55 227 191 321
person 0.1425 166 111 217 220
person 0.0185 167 110 218 163
person 0.0077 134 133 190 229
person 0.0017 0 65 15 245
person 0.0016 187 109 217 147
person 0.0012 193 110 221 170
person 0.0011 60 4 115 214
person 0.0011 0 -6 33 213
person 0.0010 190 123 235 216
