bottle 0.0259 472 201 500 334
bottle 0.0103 482 157 500 317
bottle 0.0099 478 223 499 292
bottle 0.0075 76 253 108 285
bottle 0.0060 468 264 500 333
bottle 0.0033 473 312 499 333
bottle 0.0029 374 124 382 142
bottle 0.0024 239 104 252 130
bottle 0.0020 376 122 385 142
bottle 0.0017 234 107 248 130
bottle 0.0016 182 114 199 159
bottle 0.0014 393 122 406 139
bottle 0.0014 48 151 60 180
bottle 0.0014 183 106 197 138
bottle 0.0013 445 274 499 333
cat 0.0033 77 262 109 284
chair 0.3846 63 161 116 226
chair 0.2070 204 218 357 333
chair 0.1747 196 111 348 239
chair 0.1145 0 210 88 330
chair 0.0686 343 143 497 333
chair 0.0537 0 227 43 325
chair 0.0430 344 142 424 252
chair 0.0184 216 125 362 322
chair 0.0168 226 263 338 333
chair 0.0120 0 238 22 325
chair 0.0116 119 152 181 217
chair 0.0112 237 98 260 126
chair 0.0093 333 261 501 331
chair 0.0080 252 279 317 333
chair 0.0074 342 141 410 209
chair 0.0053 2 261 114 332
chair 0.0045 260 136 346 233
chair 0.0040 59 164 106 194
chair 0.0038 203 177 510 336
chair 0.0038 249 116 348 189
chair 0.0037 14 124 110 253
chair 0.0032 0 229 9 311
chair 0.0029 229 90 266 123
chair 0.0027 19 178 150 289
chair 0.0024 416 88 441 119
chair 0.0024 53 149 152 230
chair 0.0021 171 243 306 331
chair 0.0018 347 91 461 284
chair 0.0017 161 158 194 214
chair 0.0017 368 22 505 274
chair 0.0016 215 92 254 129
chair 0.0013 343 165 441 304
chair 0.0012 42 149 104 205
chair 0.0012 0 190 25 308
chair 0.0010 410 94 499 351
diningtable 0.0109 337 259 503 333
diningtable 0.0058 206 178 478 332
dog 0.2912 117 186 195 271
dog 0.0993 197 111 348 236
dog 0.0222 472 221 500 330
dog 0.0061 77 257 108 284
dog 0.0036 216 143 291 201
dog 0.0014 123 175 177 226
person 0.7847 389 63 499 287
person 0.7425 92 242 192 334
person 0.6543 188 98 239 220
person 0.2797 0 140 93 322
person 0.2476 200 214 355 332
person 0.1605 196 213 277 329
person 0.1529 190 109 348 233
person 0.1525 95 186 196 319
person 0.1315 112 187 188 274
person 0.0381 -1 81 67 298
person 0.0318 469 232 499 334
person 0.0216 208 212 243 259
person 0.0155 122 149 189 214
person 0.0130 63 194 179 290
person 0.0130 469 131 500 330
person 0.0120 6 169 174 331
person 0.0120 435 108 499 335
person 0.0120 196 96 260 181
person 0.0113 141 241 215 336
person 0.0103 0 63 35 286
person 0.0094 482 62 500 306
person 0.0082 75 123 86 149
person 0.0074 186 212 242 309
person 0.0067 0 178 37 319
person 0.0054 108 123 130 143
person 0.0048 64 111 130 154
person 0.0047 190 96 286 209
person 0.0042 95 119 137 147
person 0.0037 174 109 213 194
person 0.0037 131 104 237 226
person 0.0033 2 158 80 264
person 0.0029 131 146 185 190
person 0.0024 48 152 60 182
person 0.0023 195 100 236 167
person 0.0022 165 123 201 206
person 0.0021 452 61 499 271
person 0.0020 81 116 112 149
person 0.0020 125 246 295 331
person 0.0020 42 247 126 306
person 0.0020 235 113 344 170
person 0.0020 487 140 499 306
person 0.0016 126 155 238 259
person 0.0016 111 122 210 214
person 0.0013 0 95 24 249
person 0.0012 101 123 117 148
person 0.0012 207 97 257 150
person 0.0012 191 60 251 165
person 0.0011 0 165 49 254
person 0.0011 119 136 318 264
person 0.0010 79 118 99 147
person 0.0010 199 85 243 141
pottedplant 0.1081 1 11 30 53
pottedplant 0.0494 183 22 266 124
pottedplant 0.0465 0 47 21 199
pottedplant 0.0224 19 21 78 47
pottedplant 0.0171 0 15 22 69
pottedplant 0.0146 181 23 218 64
pottedplant 0.0123 0 57 32 253
pottedplant 0.0108 0 19 50 59
pottedplant 0.0065 0 0 25 155
pottedplant 0.0051 209 57 256 114
pottedplant 0.0049 30 134 45 182
pottedplant 0.0036 219 27 276 80
pottedplant 0.0036 3 6 25 40
pottedplant 0.0031 224 78 258 123
pottedplant 0.0023 232 29 281 64
pottedplant 0.0022 6 112 49 210
pottedplant 0.0021 182 22 245 76
pottedplant 0.0020 253 36 283 59
pottedplant 0.0017 0 83 18 167
pottedplant 0.0012 182 118 199 161
pottedplant 0.0011 32 22 82 61
pottedplant 0.0011 227 65 259 109
sofa 0.2430 196 110 348 237
sofa 0.0012 99 127 340 267
tvmonitor 0.3680 52 88 153 173
tvmonitor 0.0141 416 86 447 116
tvmonitor 0.0115 72 109 145 153
tvmonitor 0.0049 355 2 475 125
tvmonitor 0.0029 417 88 438 110
tvmonitor 0.0023 403 64 446 133
