bicycle 0.0154 125 0 288 65
bicycle 0.0011 -2 0 60 47
bottle 0.0010 270 448 307 497
dog 0.7491 132 164 247 417
dog 0.0037 143 169 244 258
dog 0.0027 67 174 107 220
dog 0.0011 8 168 259 409
person 0.0088 67 175 105 222
pottedplant 0.5408 321 108 371 190
pottedplant 0.0968 254 96 352 190
pottedplant 0.0533 319 -3 374 188
pottedplant 0.0484 323 144 369 195
pottedplant 0.0243 126 0 299 66
pottedplant 0.0133 248 -2 378 184
pottedplant 0.0126 284 110 379 196
pottedplant 0.0116 288 1 375 129
pottedplant 0.0111 338 115 374 179
pottedplant 0.0090 288 47 331 72
pottedplant 0.0084 347 168 374 217
pottedplant 0.0057 303 49 325 71
pottedplant 0.0054 267 15 359 107
pottedplant 0.0050 355 108 373 183
pottedplant 0.0039 264 354 374 504
pottedplant 0.0038 0 384 60 502
pottedplant 0.0027 179 0 359 68
pottedplant 0.0027 346 35 375 196
pottedplant 0.0021 123 -2 368 113
pottedplant 0.0020 310 57 364 186
pottedplant 0.0019 315 101 358 173
pottedplant 0.0015 361 126 375 190
pottedplant 0.0014 -2 459 61 500
pottedplant 0.0013 267 229 308 263
pottedplant 0.0013 309 132 366 221
pottedplant 0.0012 268 447 309 499
pottedplant 0.0011 225 0 329 39
pottedplant 0.0010 269 425 375 501
pottedplant 0.0010 0 431 47 499
pottedplant 0.0010 239 102 357 244
