bird 0.8199 196 86 293 270
bird 0.0965 432 37 501 332
bird 0.0526 67 99 321 255
bird 0.0463 456 41 501 257
bird 0.0412 71 102 186 200
bird 0.0049 439 5 500 195
bird 0.0047 19 0 209 201
bird 0.0043 200 86 273 197
bird 0.0030 473 56 500 317
bird 0.0029 61 88 251 209
bird 0.0028 397 -2 505 284
bird 0.0026 126 109 502 295
bird 0.0021 220 199 458 306
bird 0.0020 260 133 506 332
bird 0.0017 289 218 415 272
bird 0.0015 452 100 500 212
bird 0.0014 454 16 500 44
bird 0.0014 466 283 500 335
bird 0.0013 209 92 269 153
bird 0.0012 340 220 399 256
bird 0.0012 168 121 318 300
bird 0.0012 150 93 264 249
bird 0.0011 393 124 495 320
