car 0.0013 320 0 502 278
cat 0.4814 147 23 391 335
cat 0.0470 -16 4 342 326
cat 0.0214 223 15 485 336
cat 0.0144 1 23 180 335
cat 0.0030 264 37 398 351
cat 0.0010 133 29 284 312
chair 0.0026 478 153 500 335
dog 0.0206 222 17 487 337
dog 0.0018 275 37 406 352
horse 0.0021 362 0 499 328
person 0.0168 0 36 72 334
person 0.0050 0 43 34 327
person 0.0048 467 1 499 319
person 0.0048 433 -4 500 327
person 0.0043 480 142 500 325
person 0.0023 4 48 134 348
person 0.0021 483 -1 500 317
person 0.0014 488 123 500 302
person 0.0012 365 6 496 336
