boat 0.0667 1 80 225 197
boat 0.0049 289 105 332 137
boat 0.0037 18 64 232 146
boat 0.0024 11 57 349 188
boat 0.0024 324 104 366 139
boat 0.0021 140 66 230 111
boat 0.0019 133 69 197 99
boat 0.0016 111 63 257 126
boat 0.0013 0 39 523 219
boat 0.0012 177 69 236 104
boat 0.0011 229 102 286 129
bottle 0.0106 0 85 17 121
bottle 0.0043 460 332 470 357
bottle 0.0030 1 75 24 117
bottle 0.0018 30 87 42 111
bottle 0.0014 2 66 34 109
bottle 0.0014 436 120 455 149
bottle 0.0011 451 115 463 146
bottle 0.0010 452 328 475 362
chair 0.0104 484 166 500 252
chair 0.0090 27 257 247 375
chair 0.0075 469 179 500 255
chair 0.0046 437 170 501 254
chair 0.0041 52 -51 135 0
chair 0.0032 452 275 499 373
chair 0.0023 413 216 444 246
chair 0.0022 440 181 501 323
chair 0.0021 134 69 182 98
chair 0.0020 471 203 500 280
chair 0.0018 0 120 68 289
chair 0.0017 460 201 500 351
chair 0.0014 485 316 499 374
chair 0.0013 396 239 495 369
chair 0.0011 4 -55 106 1
chair 0.0010 493 170 500 248
chair 0.0010 401 171 433 237
diningtable 0.0020 1 253 235 374
person 0.0029 3 75 26 119
person 0.0013 306 169 325 195
person 0.0010 20 76 44 110
pottedplant 0.1971 411 169 441 245
pottedplant 0.1099 334 107 402 142
pottedplant 0.1034 360 109 411 145
pottedplant 0.0736 184 154 227 188
pottedplant 0.0489 380 113 408 145
pottedplant 0.0350 327 108 364 139
pottedplant 0.0224 391 114 412 150
pottedplant 0.0122 374 112 399 143
pottedplant 0.0098 436 127 456 153
pottedplant 0.0095 335 204 347 224
pottedplant 0.0088 413 214 441 246
pottedplant 0.0085 0 79 10 119
pottedplant 0.0055 470 80 498 118
pottedplant 0.0051 416 168 438 210
pottedplant 0.0050 352 109 378 141
pottedplant 0.0045 327 109 353 130
pottedplant 0.0043 336 200 359 227
pottedplant 0.0043 421 120 441 152
pottedplant 0.0042 239 321 328 372
pottedplant 0.0039 218 46 230 65
pottedplant 0.0039 343 154 356 191
pottedplant 0.0037 421 118 459 155
pottedplant 0.0037 441 135 461 154
pottedplant 0.0035 467 133 481 158
pottedplant 0.0025 466 84 499 155
pottedplant 0.0025 178 306 226 348
pottedplant 0.0023 397 111 417 148
pottedplant 0.0022 353 206 376 234
pottedplant 0.0021 342 153 359 214
pottedplant 0.0020 466 119 495 163
pottedplant 0.0020 365 111 391 142
pottedplant 0.0018 401 179 433 246
pottedplant 0.0018 80 64 130 87
pottedplant 0.0016 402 113 433 150
pottedplant 0.0016 98 63 139 82
pottedplant 0.0016 387 121 405 150
pottedplant 0.0015 335 101 379 134
pottedplant 0.0015 442 99 496 159
pottedplant 0.0015 385 160 500 249
pottedplant 0.0015 434 126 484 158
pottedplant 0.0014 405 115 420 151
pottedplant 0.0014 485 115 500 169
pottedplant 0.0013 228 103 249 122
pottedplant 0.0013 199 290 333 374
pottedplant 0.0013 462 126 486 159
pottedplant 0.0013 477 76 499 106
pottedplant 0.0013 0 70 22 116
pottedplant 0.0012 84 64 115 83
pottedplant 0.0012 176 151 223 210
pottedplant 0.0012 452 120 462 148
pottedplant 0.0012 470 90 492 114
pottedplant 0.0011 229 158 487 284
pottedplant 0.0011 60 78 371 238
pottedplant 0.0011 458 110 491 157
pottedplant 0.0011 456 73 500 124
pottedplant 0.0011 492 78 499 114
pottedplant 0.0011 180 305 220 331
pottedplant 0.0011 201 156 226 179
pottedplant 0.0011 118 289 277 360
pottedplant 0.0011 143 132 255 197
pottedplant 0.0011 62 272 293 371
pottedplant 0.0011 348 116 391 151
pottedplant 0.0011 369 206 391 236
pottedplant 0.0010 448 138 462 155
pottedplant 0.0010 443 121 459 148
pottedplant 0.0010 441 76 462 118
pottedplant 0.0010 400 119 414 153
pottedplant 0.0010 223 173 248 213
sofa 0.0143 -3 144 228 309
train 0.0834 0 85 225 203
train 0.0198 225 153 322 186
train 0.0095 211 203 502 367
train 0.0070 182 108 522 278
train 0.0054 31 140 538 362
train 0.0039 1 89 236 303
train 0.0031 -7 99 471 250
train 0.0022 129 144 326 205
train 0.0020 199 153 253 190
train 0.0020 188 140 368 193
train 0.0018 135 149 423 223
train 0.0013 234 158 326 205
train 0.0011 225 151 278 181
train 0.0011 241 175 465 253
train 0.0010 253 105 448 181
tvmonitor 0.0433 27 67 79 104
tvmonitor 0.0061 20 60 69 94
tvmonitor 0.0046 33 79 62 105
tvmonitor 0.0039 17 63 50 92
tvmonitor 0.0028 290 105 330 136
tvmonitor 0.0024 0 76 26 120
tvmonitor 0.0022 0 95 18 121
tvmonitor 0.0021 413 219 442 246
tvmonitor 0.0020 459 245 499 365
tvmonitor 0.0013 487 237 500 372
tvmonitor 0.0012 54 73 111 102
tvmonitor 0.0011 42 76 70 105
