boat 0.0057 -6 8 320 286
bus 0.8799 159 220 317 286
bus 0.4126 334 223 412 291
bus 0.1902 -1 205 306 285
bus 0.0297 337 195 498 292
bus 0.0116 287 236 316 281
bus 0.0067 262 232 317 280
bus 0.0042 297 243 315 281
bus 0.0036 229 225 314 282
bus 0.0024 294 235 333 279
bus 0.0018 333 231 358 280
bus 0.0018 -9 38 321 290
bus 0.0016 0 200 151 283
bus 0.0014 315 226 339 283
bus 0.0013 320 244 340 279
bus 0.0013 310 237 381 283
bus 0.0012 340 260 351 283
car 0.0091 433 256 459 267
car 0.0026 427 251 478 269
car 0.0018 416 226 497 269
car 0.0013 360 244 406 285
car 0.0012 339 259 351 284
car 0.0011 461 221 497 302
car 0.0010 345 233 411 293
person 0.0683 324 262 332 284
person 0.0119 318 262 326 284
person 0.0118 311 263 319 283
person 0.0095 300 249 314 280
person 0.0085 303 262 312 284
person 0.0070 403 325 500 432
person 0.0056 415 11 429 56
person 0.0041 315 261 335 283
person 0.0037 462 212 500 375
person 0.0031 414 1 427 35
person 0.0024 375 258 392 287
person 0.0015 390 0 400 29
person 0.0014 484 215 499 375
person 0.0013 327 318 502 437
person 0.0011 405 254 417 276
pottedplant 0.0135 453 12 499 79
pottedplant 0.0096 434 14 499 136
pottedplant 0.0027 430 4 500 237
pottedplant 0.0015 477 14 500 124
pottedplant 0.0013 427 41 485 118
train 0.0756 462 214 500 291
train 0.0749 336 211 500 291
train 0.0238 439 214 499 310
train 0.0075 424 235 496 272
train 0.0016 415 183 499 299
train 0.0013 446 194 499 278
train 0.0010 340 104 500 320
