bicycle 0.9145 113 280 225 374
bicycle 0.0059 106 244 222 348
bicycle 0.0045 9 230 68 301
bicycle 0.0038 29 208 98 321
bus 0.5461 271 161 319 203
bus 0.3995 231 167 262 197
bus 0.1685 1 135 163 256
bus 0.1213 0 151 119 300
bus 0.0041 47 154 199 241
bus 0.0036 29 164 167 223
bus 0.0016 413 164 457 192
bus 0.0015 1 172 65 292
bus 0.0012 89 166 185 264
bus 0.0011 63 173 152 217
car 0.9333 289 190 420 248
car 0.5356 270 161 320 204
car 0.3222 232 170 262 196
car 0.0784 0 212 14 300
car 0.0180 2 198 89 301
car 0.0163 112 252 183 295
car 0.0065 112 253 147 293
car 0.0060 5 155 157 276
car 0.0051 298 188 411 220
car 0.0030 290 193 358 246
car 0.0029 125 3 181 37
car 0.0026 0 209 44 298
car 0.0024 355 189 407 207
car 0.0023 332 191 408 211
car 0.0013 53 190 112 244
car 0.0013 0 200 8 283
car 0.0012 109 246 216 311
car 0.0012 0 238 19 308
car 0.0011 37 177 166 248
car 0.0011 194 187 220 227
car 0.0010 110 181 179 232
car 0.0010 58 167 169 222
motorbike 0.0032 29 206 98 322
person 0.7468 50 192 100 338
person 0.0131 12 194 110 331
person 0.0040 34 189 106 284
person 0.0018 77 238 150 307
person 0.0014 54 213 166 332
pottedplant 0.0022 0 3 128 132
pottedplant 0.0018 385 19 501 218
train 0.0011 0 114 163 226
