bird 0.7541 167 142 308 227
bird 0.0269 140 151 196 223
bird 0.0130 463 263 500 354
bird 0.0121 370 274 490 362
bird 0.0109 156 150 188 183
bird 0.0083 326 277 384 337
bird 0.0074 310 306 377 354
bird 0.0062 442 273 499 370
bird 0.0055 341 271 437 342
bird 0.0054 327 308 376 338
bird 0.0042 480 268 500 371
bird 0.0039 130 147 244 228
bird 0.0036 364 266 474 322
bird 0.0034 482 242 500 325
bird 0.0031 374 271 432 317
bird 0.0024 155 150 210 208
bird 0.0021 474 247 499 289
bird 0.0020 318 287 414 352
bird 0.0019 412 269 482 344
bird 0.0019 362 288 448 368
bird 0.0018 453 252 498 320
bird 0.0018 136 152 209 293
bird 0.0017 371 263 415 302
bird 0.0015 287 306 350 360
bird 0.0015 278 283 336 337
bird 0.0011 364 271 405 316
bird 0.0010 283 270 398 350
bird 0.0010 392 254 477 297
bird 0.0010 377 275 453 337
car 0.0016 150 291 195 332
chair 0.0056 327 308 374 373
chair 0.0014 166 286 295 350
chair 0.0013 149 293 207 349
chair 0.0012 314 347 375 375
chair 0.0011 285 315 356 372
chair 0.0011 153 305 220 367
chair 0.0010 173 301 265 357
chair 0.0010 418 185 475 220
person 0.0019 149 300 167 344
person 0.0017 150 300 185 353
pottedplant 0.0032 366 8 497 224
pottedplant 0.0013 150 293 192 342
tvmonitor 0.0011 149 291 193 330
