aeroplane 0.0011 2 106 41 126
boat 0.0011 1 106 43 138
bottle 0.1077 335 190 347 216
bottle 0.0252 354 177 366 209
bottle 0.0080 330 181 342 197
bottle 0.0075 332 172 347 214
bottle 0.0064 359 188 371 210
bottle 0.0058 315 181 327 193
bottle 0.0057 345 175 362 209
bottle 0.0050 341 188 361 214
bottle 0.0046 330 295 466 376
bottle 0.0037 321 182 333 193
bottle 0.0034 308 180 324 194
bottle 0.0015 338 171 355 213
bottle 0.0012 347 197 361 215
chair 0.7443 409 200 500 319
chair 0.6464 0 202 40 272
chair 0.6429 61 199 102 252
chair 0.5520 443 183 476 243
chair 0.3304 409 181 446 249
chair 0.2105 32 193 63 265
chair 0.1630 334 205 423 293
chair 0.1470 416 179 472 244
chair 0.0861 469 184 494 248
chair 0.0759 459 191 500 320
chair 0.0501 450 166 479 229
chair 0.0493 378 183 401 207
chair 0.0484 411 180 443 219
chair 0.0467 87 193 114 241
chair 0.0446 40 198 78 263
chair 0.0436 442 186 490 265
chair 0.0356 -1 248 103 372
chair 0.0342 113 196 136 231
chair 0.0305 477 175 498 265
chair 0.0286 433 180 460 248
chair 0.0284 401 183 432 247
chair 0.0215 4 187 21 206
chair 0.0214 380 168 405 209
chair 0.0207 480 153 499 233
chair 0.0196 4 196 60 263
chair 0.0177 355 206 426 263
chair 0.0136 0 176 18 202
chair 0.0123 425 163 464 233
chair 0.0113 327 202 414 255
chair 0.0111 402 181 431 213
chair 0.0105 395 184 424 225
chair 0.0104 64 200 93 237
chair 0.0098 386 203 425 254
chair 0.0093 0 186 7 207
chair 0.0074 385 177 417 210
chair 0.0073 16 187 31 205
chair 0.0070 366 185 391 208
chair 0.0068 447 196 471 233
chair 0.0065 56 179 73 197
chair 0.0065 331 296 471 375
chair 0.0064 0 227 41 373
chair 0.0063 374 192 394 208
chair 0.0061 68 191 112 234
chair 0.0056 0 197 42 238
chair 0.0052 77 203 112 258
chair 0.0052 39 186 69 240
chair 0.0048 477 226 499 326
chair 0.0047 420 172 445 214
chair 0.0047 436 164 472 221
chair 0.0044 468 169 491 228
chair 0.0044 399 182 420 211
chair 0.0043 63 188 77 198
chair 0.0043 370 194 385 209
chair 0.0041 360 183 379 208
chair 0.0040 470 192 488 229
chair 0.0040 489 173 500 246
chair 0.0040 359 188 371 210
chair 0.0040 58 187 73 199
chair 0.0040 448 186 475 221
chair 0.0040 371 211 437 306
chair 0.0039 401 203 431 287
chair 0.0036 94 190 123 231
chair 0.0035 86 191 110 221
chair 0.0035 362 193 379 210
chair 0.0031 334 191 345 215
chair 0.0031 407 206 438 257
chair 0.0030 53 196 79 248
chair 0.0030 0 205 10 266
chair 0.0029 66 186 90 202
chair 0.0029 3 185 33 215
chair 0.0028 385 190 403 208
chair 0.0028 363 170 397 210
chair 0.0027 0 175 56 390
chair 0.0027 87 188 109 206
chair 0.0026 24 177 147 257
chair 0.0023 66 226 229 375
chair 0.0022 426 190 455 258
chair 0.0022 0 195 23 254
chair 0.0021 61 184 94 227
chair 0.0018 411 203 435 239
chair 0.0018 344 198 468 340
chair 0.0017 0 179 37 228
chair 0.0017 -4 205 15 265
chair 0.0016 410 191 435 225
chair 0.0016 401 199 456 291
chair 0.0016 411 169 511 250
chair 0.0015 0 183 19 217
chair 0.0015 117 180 161 226
chair 0.0015 15 191 52 243
chair 0.0014 106 195 126 227
chair 0.0014 40 191 91 244
chair 0.0014 0 174 8 206
chair 0.0014 427 268 498 375
chair 0.0013 405 198 427 230
chair 0.0013 16 191 39 207
chair 0.0013 0 236 15 382
chair 0.0012 0 212 19 282
chair 0.0012 132 174 164 208
chair 0.0011 448 175 474 208
chair 0.0011 76 199 101 234
chair 0.0011 118 185 142 220
chair 0.0010 473 179 496 213
chair 0.0010 105 200 133 243
chair 0.0010 83 208 106 245
chair 0.0010 493 240 500 326
chair 0.0010 404 209 425 244
chair 0.0010 127 179 151 212
chair 0.0010 107 182 148 243
diningtable 0.0537 335 202 424 262
diningtable 0.0107 -2 197 79 267
diningtable 0.0070 363 187 403 210
diningtable 0.0063 -1 197 44 239
diningtable 0.0061 399 173 491 249
diningtable 0.0034 34 189 138 264
diningtable 0.0029 346 183 463 267
diningtable 0.0023 308 198 409 246
diningtable 0.0022 -1 241 180 374
diningtable 0.0020 353 187 382 211
diningtable 0.0012 -3 196 94 373
person 0.5802 325 156 348 186
person 0.5232 83 10 401 372
person 0.4303 381 159 403 182
person 0.3625 348 150 376 188
person 0.2649 378 160 403 206
person 0.1506 314 149 350 193
person 0.1366 361 158 401 199
person 0.0879 304 158 330 191
person 0.0572 481 156 500 189
person 0.0428 455 147 479 214
person 0.0349 353 156 384 200
person 0.0296 320 157 340 190
person 0.0272 351 154 369 209
person 0.0198 488 149 500 185
person 0.0192 354 173 375 210
person 0.0156 305 171 325 194
person 0.0147 474 155 500 234
person 0.0137 315 134 367 226
person 0.0120 492 135 499 171
person 0.0107 327 167 345 195
person 0.0091 436 146 481 230
person 0.0088 462 151 494 212
person 0.0086 438 142 478 192
person 0.0086 208 67 449 336
person 0.0067 343 156 363 209
person 0.0060 321 174 335 192
person 0.0060 453 143 479 182
person 0.0048 51 72 256 313
person 0.0047 309 153 330 182
person 0.0046 347 146 391 216
person 0.0041 347 151 365 176
person 0.0040 479 139 499 180
person 0.0031 331 154 351 181
person 0.0029 331 157 354 195
person 0.0026 365 159 388 184
person 0.0023 465 143 498 186
person 0.0022 429 146 462 211
person 0.0017 425 151 443 173
person 0.0016 437 147 455 172
person 0.0015 382 157 399 173
person 0.0015 444 151 460 175
person 0.0015 360 164 379 200
person 0.0014 438 148 465 178
person 0.0013 485 131 499 169
person 0.0012 463 150 488 181
person 0.0011 384 159 409 195
person 0.0011 297 114 430 281
person 0.0010 459 158 478 193
pottedplant 0.6168 51 139 97 196
pottedplant 0.3695 91 115 163 207
pottedplant 0.1075 0 169 20 193
pottedplant 0.0929 23 161 45 194
pottedplant 0.0882 19 151 54 194
pottedplant 0.0610 66 168 91 198
pottedplant 0.0498 21 180 42 200
pottedplant 0.0361 6 159 41 196
pottedplant 0.0325 38 152 83 197
pottedplant 0.0248 20 166 58 230
pottedplant 0.0243 90 141 142 204
pottedplant 0.0235 117 142 150 201
pottedplant 0.0196 42 171 86 242
pottedplant 0.0188 2 178 24 204
pottedplant 0.0161 420 145 466 211
pottedplant 0.0157 115 188 134 219
pottedplant 0.0147 99 77 146 131
pottedplant 0.0128 99 73 163 166
pottedplant 0.0128 90 162 115 195
pottedplant 0.0117 419 154 445 182
pottedplant 0.0116 47 158 73 195
pottedplant 0.0109 35 154 66 189
pottedplant 0.0107 53 174 69 195
pottedplant 0.0105 61 178 84 198
pottedplant 0.0104 104 167 148 227
pottedplant 0.0104 87 79 197 227
pottedplant 0.0095 22 158 38 186
pottedplant 0.0093 16 183 37 205
pottedplant 0.0089 33 133 136 207
pottedplant 0.0082 0 176 37 229
pottedplant 0.0081 417 156 447 203
pottedplant 0.0080 125 134 172 208
pottedplant 0.0071 15 181 31 201
pottedplant 0.0067 142 163 176 208
pottedplant 0.0057 81 159 106 196
pottedplant 0.0057 21 172 52 204
pottedplant 0.0056 35 162 55 191
pottedplant 0.0052 42 161 62 192
pottedplant 0.0050 85 157 127 223
pottedplant 0.0050 422 149 458 177
pottedplant 0.0049 0 164 11 191
pottedplant 0.0043 82 175 110 207
pottedplant 0.0042 79 146 115 199
pottedplant 0.0040 8 173 32 196
pottedplant 0.0036 127 174 166 211
pottedplant 0.0036 5 167 34 190
pottedplant 0.0035 12 184 46 221
pottedplant 0.0034 22 152 46 183
pottedplant 0.0029 39 181 55 196
pottedplant 0.0027 60 159 86 194
pottedplant 0.0026 31 170 60 195
pottedplant 0.0024 2 137 95 218
pottedplant 0.0023 117 179 136 207
pottedplant 0.0023 0 108 43 143
pottedplant 0.0022 101 84 128 144
pottedplant 0.0022 426 151 447 175
pottedplant 0.0022 84 172 101 196
pottedplant 0.0022 40 157 60 180
pottedplant 0.0019 99 114 176 171
pottedplant 0.0017 1 130 31 181
pottedplant 0.0016 115 158 142 209
pottedplant 0.0016 40 164 76 210
pottedplant 0.0015 111 170 133 214
pottedplant 0.0015 148 154 176 193
pottedplant 0.0014 103 39 174 133
pottedplant 0.0014 30 155 55 181
pottedplant 0.0012 144 177 168 209
pottedplant 0.0012 100 188 131 221
pottedplant 0.0010 62 116 168 250
pottedplant 0.0010 69 53 176 165
pottedplant 0.0010 122 153 146 190
