bottle 0.0049 46 111 283 316
bottle 0.0044 116 161 215 256
bottle 0.0012 116 123 240 291
chair 0.0116 -5 48 377 378
chair 0.0048 295 193 417 371
chair 0.0041 171 319 341 373
chair 0.0025 0 147 191 377
chair 0.0019 75 145 351 349
chair 0.0016 234 141 483 363
chair 0.0015 468 49 500 205
chair 0.0010 39 319 383 373
chair 0.0010 330 237 428 376
person 0.6637 340 25 500 373
person 0.5959 122 2 328 353
person 0.4200 0 2 220 371
person 0.0635 216 28 464 370
person 0.0026 0 0 156 194
person 0.0025 0 5 99 387
person 0.0014 458 36 499 369
person 0.0011 23 60 308 321
