bicycle 0.1088 348 225 373 256
bicycle 0.0025 333 220 409 265
bird 0.0133 240 63 276 108
boat 0.0012 240 65 276 108
boat 0.0010 296 214 450 279
bottle 0.0047 282 50 298 109
car 0.8424 207 209 260 235
car 0.5417 346 202 380 220
car 0.0200 345 206 382 228
car 0.0142 343 206 372 219
car 0.0042 349 200 398 217
car 0.0022 220 210 251 233
car 0.0015 237 209 262 233
car 0.0015 371 199 393 214
car 0.0015 289 199 307 210
car 0.0013 386 180 427 213
car 0.0012 358 210 383 225
chair 0.0104 444 209 500 282
person 0.0928 130 210 145 233
person 0.0750 386 224 396 244
person 0.0123 0 209 13 246
person 0.0105 347 201 380 256
person 0.0057 378 224 394 253
person 0.0013 384 227 393 247
person 0.0013 0 215 8 249
person 0.0010 453 200 467 230
pottedplant 0.0025 449 208 499 281
tvmonitor 0.0013 386 177 426 216
