bottle 0.0093 219 0 266 126
bottle 0.0057 343 169 349 224
bottle 0.0028 341 182 350 215
bottle 0.0021 340 144 349 229
bottle 0.0011 341 181 349 249
cat 0.0023 281 113 316 144
chair 0.0195 153 140 336 262
chair 0.0095 279 27 350 248
chair 0.0071 158 182 286 262
chair 0.0039 270 123 349 260
chair 0.0012 222 48 356 264
chair 0.0010 291 -13 349 165
person 0.0346 282 1 350 251
person 0.0015 225 19 358 260
pottedplant 0.0271 223 -1 274 124
pottedplant 0.0029 218 -1 320 131
tvmonitor 0.8813 61 3 221 136
tvmonitor 0.1332 158 123 342 260
tvmonitor 0.0137 0 5 73 207
tvmonitor 0.0022 26 0 67 153
