bottle 0.0288 429 55 448 102
bottle 0.0035 422 119 436 150
cat 0.0190 136 235 178 291
chair 0.6114 430 234 500 331
chair 0.0253 6 211 149 325
chair 0.0158 389 199 490 330
chair 0.0131 434 231 486 299
chair 0.0088 438 236 479 275
chair 0.0056 459 219 499 314
chair 0.0039 475 237 500 329
chair 0.0027 2 215 61 331
chair 0.0023 258 214 328 329
chair 0.0023 431 282 499 334
diningtable 0.0028 23 252 340 335
diningtable 0.0010 223 267 503 334
pottedplant 0.0902 383 191 477 324
pottedplant 0.0108 381 241 457 328
pottedplant 0.0097 427 56 448 107
pottedplant 0.0084 297 89 340 138
pottedplant 0.0036 416 192 486 279
pottedplant 0.0034 389 83 419 106
pottedplant 0.0026 3 220 33 331
pottedplant 0.0018 434 202 473 266
pottedplant 0.0014 0 132 5 204
pottedplant 0.0014 399 270 456 329
pottedplant 0.0010 387 193 477 257
sofa 0.6619 46 177 330 326
sofa 0.0100 6 210 150 324
sofa 0.0081 84 174 297 277
