bicycle 0.0184 79 163 95 193
bicycle 0.0048 183 158 201 191
bicycle 0.0016 289 160 307 194
bird 0.1149 40 73 57 97
bird 0.0024 440 180 478 197
boat 0.0057 422 123 480 156
dog 0.3686 79 74 113 98
dog 0.0496 40 72 58 98
dog 0.0360 80 163 96 192
dog 0.0113 92 78 117 97
dog 0.0081 38 72 73 99
dog 0.0066 435 132 478 189
dog 0.0044 183 159 201 192
dog 0.0032 41 70 97 97
horse 0.6518 342 79 417 235
horse 0.3646 77 72 113 100
horse 0.1052 428 127 479 177
horse 0.0154 39 73 68 99
horse 0.0103 422 124 486 155
horse 0.0081 80 163 95 193
horse 0.0036 38 68 100 97
horse 0.0034 445 134 476 184
horse 0.0031 78 78 96 98
horse 0.0027 180 155 201 192
person 0.7243 341 56 418 188
person 0.0099 78 70 97 97
person 0.0049 39 70 57 95
person 0.0024 79 67 110 92
person 0.0013 359 56 405 137
person 0.0012 38 80 65 157
