bicycle 0.0012 167 115 449 381
bottle 0.0516 101 38 114 61
bottle 0.0431 224 250 322 375
bottle 0.0329 108 52 120 73
bottle 0.0251 101 40 118 71
bottle 0.0192 122 43 135 58
bottle 0.0161 124 42 133 54
bottle 0.0157 21 192 90 237
bottle 0.0124 118 44 140 67
bottle 0.0101 201 153 335 372
bottle 0.0070 108 51 133 84
bottle 0.0068 406 281 453 375
bottle 0.0067 228 48 241 65
bottle 0.0050 159 42 172 65
bottle 0.0039 115 44 134 61
bottle 0.0037 418 278 443 330
bottle 0.0033 235 46 246 64
bottle 0.0032 73 27 87 64
bottle 0.0025 133 42 148 59
bottle 0.0024 99 50 110 67
bottle 0.0023 133 44 160 66
bottle 0.0020 113 112 200 256
bottle 0.0020 106 57 121 85
bottle 0.0018 121 51 149 81
bottle 0.0015 100 41 142 80
bottle 0.0015 417 247 456 360
bottle 0.0015 460 105 501 142
bottle 0.0013 130 50 151 72
bottle 0.0012 434 139 441 162
bottle 0.0011 153 38 166 65
bottle 0.0010 138 43 150 56
car 0.1155 0 246 238 373
car 0.0227 5 192 93 249
car 0.0054 -6 181 247 342
car 0.0049 73 59 100 68
car 0.0032 28 65 291 271
car 0.0024 -1 206 89 295
car 0.0014 11 -13 155 220
car 0.0013 70 54 99 71
car 0.0012 17 193 223 260
car 0.0011 27 234 387 374
chair 0.2695 181 66 329 290
chair 0.0697 173 66 272 236
chair 0.0283 197 114 340 376
chair 0.0272 424 109 483 324
chair 0.0233 185 153 253 263
chair 0.0094 107 84 336 344
chair 0.0038 396 122 456 340
chair 0.0026 105 71 258 265
chair 0.0024 296 119 364 229
chair 0.0023 162 44 226 66
chair 0.0022 175 68 438 384
chair 0.0014 140 49 243 87
chair 0.0012 202 130 328 250
chair 0.0011 139 47 161 66
motorbike 0.0014 13 57 302 332
person 0.0213 0 168 11 248
person 0.0100 1 195 89 275
person 0.0061 0 163 5 244
person 0.0054 0 182 19 253
person 0.0043 0 183 11 304
person 0.0023 1 183 46 261
person 0.0018 83 250 249 373
person 0.0017 0 215 101 324
person 0.0017 0 199 7 268
person 0.0016 12 1 78 66
person 0.0014 0 164 31 246
person 0.0012 0 178 16 354
person 0.0010 345 29 390 116
person 0.0010 0 115 14 258
pottedplant 0.0206 108 53 120 78
pottedplant 0.0037 107 49 135 82
tvmonitor 0.8671 342 26 435 128
tvmonitor 0.1960 475 57 499 122
tvmonitor 0.1656 429 129 489 244
tvmonitor 0.1274 12 89 153 195
tvmonitor 0.1130 337 179 414 332
tvmonitor 0.1024 387 100 430 161
tvmonitor 0.0923 449 42 496 124
tvmonitor 0.0514 459 131 501 242
tvmonitor 0.0478 175 66 269 189
tvmonitor 0.0370 257 129 326 211
tvmonitor 0.0252 382 6 414 30
tvmonitor 0.0249 414 121 484 323
tvmonitor 0.0194 208 95 339 256
tvmonitor 0.0160 379 168 443 324
tvmonitor 0.0110 364 6 385 33
tvmonitor 0.0105 294 120 366 219
tvmonitor 0.0104 349 30 396 117
tvmonitor 0.0094 437 105 498 217
tvmonitor 0.0091 454 215 501 367
tvmonitor 0.0068 409 240 456 360
tvmonitor 0.0057 447 87 496 151
tvmonitor 0.0055 447 127 500 314
tvmonitor 0.0051 486 61 499 126
tvmonitor 0.0042 410 297 447 371
tvmonitor 0.0040 398 175 438 285
tvmonitor 0.0038 461 28 499 102
tvmonitor 0.0036 366 2 397 33
tvmonitor 0.0031 356 140 463 321
tvmonitor 0.0029 418 276 446 331
tvmonitor 0.0029 449 42 491 78
tvmonitor 0.0028 418 87 450 147
tvmonitor 0.0027 410 196 499 373
tvmonitor 0.0027 271 140 316 199
tvmonitor 0.0027 442 117 497 174
tvmonitor 0.0027 349 162 424 262
tvmonitor 0.0024 404 100 461 167
tvmonitor 0.0024 473 89 499 256
tvmonitor 0.0023 141 64 257 148
tvmonitor 0.0023 2 0 80 90
tvmonitor 0.0021 415 37 501 129
tvmonitor 0.0020 459 244 501 321
tvmonitor 0.0019 409 95 443 155
tvmonitor 0.0017 431 7 499 44
tvmonitor 0.0016 339 83 434 173
tvmonitor 0.0016 419 70 501 268
tvmonitor 0.0015 398 69 468 209
tvmonitor 0.0014 305 85 465 341
tvmonitor 0.0014 380 73 485 343
tvmonitor 0.0014 466 45 488 72
tvmonitor 0.0013 230 74 383 312
tvmonitor 0.0013 425 66 470 140
tvmonitor 0.0012 417 227 463 305
tvmonitor 0.0012 470 138 498 219
tvmonitor 0.0012 294 102 409 241
tvmonitor 0.0011 439 62 483 140
tvmonitor 0.0011 404 6 480 37
tvmonitor 0.0010 376 169 435 246
tvmonitor 0.0010 489 36 500 113
tvmonitor 0.0010 477 192 499 392
