aeroplane 0.6457 37 25 323 188
aeroplane 0.0040 26 22 489 225
aeroplane 0.0011 50 122 221 187
bird 0.4671 366 227 468 287
bird 0.1071 333 217 391 269
bird 0.0301 406 234 471 293
bird 0.0103 268 266 327 297
bird 0.0090 327 214 463 273
bird 0.0086 362 226 424 274
bird 0.0050 390 230 469 267
bird 0.0044 365 235 403 276
bird 0.0019 409 213 428 222
bird 0.0015 403 236 427 253
bird 0.0014 423 263 468 296
bird 0.0011 406 235 452 269
bird 0.0010 396 229 501 280
sheep 0.0712 332 216 390 270
sheep 0.0397 269 265 326 297
