boat 0.0223 118 200 408 432
bottle 0.0014 62 236 70 249
chair 0.0207 481 192 499 338
chair 0.0185 128 207 398 426
chair 0.0151 0 332 12 484
chair 0.0049 406 194 499 372
chair 0.0031 317 278 389 382
chair 0.0029 468 192 500 414
chair 0.0027 399 259 491 335
chair 0.0022 4 234 38 311
chair 0.0021 0 295 28 489
chair 0.0019 314 285 386 340
chair 0.0019 137 258 302 421
chair 0.0018 0 285 9 457
chair 0.0015 291 287 392 432
chair 0.0014 35 249 96 307
person 0.0194 481 144 499 350
person 0.0042 464 55 500 372
person 0.0026 397 183 500 349
person 0.0012 448 153 500 328
pottedplant 0.0442 320 281 384 336
pottedplant 0.0137 312 200 379 329
pottedplant 0.0063 139 212 182 244
pottedplant 0.0022 134 213 163 240
pottedplant 0.0021 480 167 500 415
pottedplant 0.0013 104 217 137 243
pottedplant 0.0012 114 206 180 243
pottedplant 0.0011 306 269 391 357
sofa 0.0209 482 186 499 332
sofa 0.0039 399 266 493 327
sofa 0.0032 408 186 499 428
sofa 0.0026 398 238 495 361
tvmonitor 0.8793 206 119 296 209
tvmonitor 0.4151 201 62 237 121
tvmonitor 0.1474 262 67 294 122
tvmonitor 0.0089 43 153 87 206
tvmonitor 0.0028 257 68 281 123
tvmonitor 0.0023 481 187 499 304
