car 0.9396 209 133 464 230
car 0.2485 219 123 278 162
car 0.0098 202 125 464 325
car 0.0095 208 124 340 226
car 0.0048 491 106 500 121
car 0.0040 450 98 468 108
car 0.0037 481 107 500 120
car 0.0028 44 78 446 270
car 0.0018 470 103 499 118
car 0.0014 314 132 452 214
car 0.0014 199 157 367 247
car 0.0013 213 119 305 192
car 0.0012 449 99 476 111
person 0.2764 293 84 326 120
person 0.0023 337 144 431 179
person 0.0022 378 149 403 168
person 0.0020 381 147 395 165
person 0.0017 218 127 249 168
sheep 0.0522 0 18 219 326
sheep 0.0049 94 113 222 183
sheep 0.0042 75 94 245 210
sheep 0.0027 22 92 285 261
sheep 0.0013 0 171 209 334
