bottle 0.1570 366 132 480 333
bottle 0.0192 265 -6 318 143
bottle 0.0094 402 77 478 300
bottle 0.0060 439 61 501 337
bottle 0.0047 402 117 460 260
bottle 0.0029 293 55 316 126
bottle 0.0027 284 6 316 134
car 0.0038 269 116 345 151
chair 0.5474 21 29 279 313
chair 0.0106 89 111 269 310
chair 0.0090 375 133 498 339
chair 0.0073 185 46 233 104
chair 0.0053 447 129 499 340
chair 0.0042 17 16 206 160
chair 0.0039 29 113 132 328
chair 0.0036 185 24 274 128
chair 0.0031 215 -3 320 146
chair 0.0023 264 115 345 155
chair 0.0012 459 224 500 333
chair 0.0011 153 36 274 168
diningtable 0.0299 270 128 495 334
diningtable 0.0010 410 78 498 341
person 0.0335 436 18 502 337
person 0.0080 486 25 499 166
person 0.0068 483 -2 499 245
person 0.0045 467 17 499 279
person 0.0016 396 -4 501 269
person 0.0011 489 46 500 225
pottedplant 0.0018 222 -3 321 122
sofa 0.4576 18 25 278 315
