bottle 0.8571 223 0 362 509
bottle 0.2647 -5 -5 131 503
bottle 0.0307 224 162 314 507
bottle 0.0190 25 188 118 516
bottle 0.0074 4 187 58 502
bottle 0.0042 8 -23 126 294
bottle 0.0035 256 175 363 506
bottle 0.0011 228 -19 356 289
car 0.0026 -62 -1 -9 133
chair 0.0039 102 299 135 469
chair 0.0028 101 325 135 407
person 0.8825 113 190 232 499
person 0.5570 -3 11 129 507
person 0.1863 26 156 116 508
person 0.0056 253 0 319 36
person 0.0046 50 0 86 37
person 0.0046 98 180 138 505
person 0.0029 68 0 85 33
person 0.0026 26 0 87 47
person 0.0024 209 195 289 510
person 0.0020 43 0 396 501
person 0.0018 -28 2 250 523
person 0.0017 -91 26 73 496
person 0.0013 82 87 258 444
person 0.0013 23 0 62 36
person 0.0012 180 180 252 506
person 0.0011 22 0 42 21
