aeroplane 0.0040 0 234 166 371
bottle 0.0015 406 89 426 119
bottle 0.0015 440 83 455 119
bottle 0.0014 196 111 255 191
car 0.0020 309 36 346 58
chair 0.5664 220 141 365 362
chair 0.1698 268 137 375 272
chair 0.1401 192 67 346 316
chair 0.0333 0 242 54 336
chair 0.0243 355 134 460 263
chair 0.0231 427 127 489 294
chair 0.0178 0 263 34 337
chair 0.0122 49 185 185 316
chair 0.0085 193 91 212 122
chair 0.0081 0 235 58 279
chair 0.0065 1 214 174 357
chair 0.0040 0 232 110 336
chair 0.0037 245 71 365 242
chair 0.0034 0 242 22 329
chair 0.0032 250 154 340 332
chair 0.0029 92 127 404 355
chair 0.0026 226 140 314 300
chair 0.0026 189 172 296 311
chair 0.0019 12 95 259 316
chair 0.0018 383 105 482 270
chair 0.0018 277 177 355 309
chair 0.0017 189 89 231 133
chair 0.0017 208 133 347 259
chair 0.0016 284 106 333 147
chair 0.0013 188 187 249 307
chair 0.0013 397 157 491 319
chair 0.0013 271 90 333 168
chair 0.0012 44 253 164 332
chair 0.0012 154 77 286 333
chair 0.0011 260 104 347 210
chair 0.0011 191 80 303 180
chair 0.0011 214 93 332 217
diningtable 0.0018 213 141 503 361
diningtable 0.0010 -14 135 398 352
person 0.3521 190 42 333 307
person 0.0185 207 43 316 186
person 0.0092 67 49 357 321
person 0.0081 237 42 296 113
person 0.0011 192 108 262 196
sofa 0.0137 15 84 369 313
tvmonitor 0.0417 192 111 250 168
tvmonitor 0.0015 79 155 356 332
tvmonitor 0.0011 0 248 164 374
tvmonitor 0.0010 191 199 261 307
tvmonitor 0.0010 -16 123 444 365
