car 0.0101 457 134 500 246
chair 0.0096 4 181 142 308
chair 0.0077 74 138 163 241
chair 0.0041 29 133 179 310
chair 0.0032 85 140 157 181
chair 0.0025 20 180 309 382
chair 0.0019 0 157 69 277
horse 0.5472 95 109 459 383
horse 0.0122 32 169 355 376
horse 0.0010 0 160 62 267
person 0.7629 213 42 327 256
person 0.0141 260 58 341 256
person 0.0055 169 63 361 310
person 0.0053 20 168 319 376
person 0.0022 105 191 261 379
person 0.0015 0 144 64 257
person 0.0014 204 46 313 174
tvmonitor 0.0119 457 116 500 244
tvmonitor 0.0013 389 168 497 395
tvmonitor 0.0012 459 137 499 201
