bicycle 0.0020 0 88 272 380
bicycle 0.0016 61 138 213 216
boat 0.0607 444 298 497 324
boat 0.0410 136 282 177 304
boat 0.0283 29 65 514 286
boat 0.0102 252 68 306 101
boat 0.0094 254 57 301 79
boat 0.0066 250 81 308 109
boat 0.0053 250 45 307 76
boat 0.0043 255 66 299 84
boat 0.0036 368 6 499 67
boat 0.0030 416 333 489 372
boat 0.0023 46 206 72 223
boat 0.0021 105 208 156 234
boat 0.0020 365 37 496 67
boat 0.0018 102 117 258 189
boat 0.0015 293 87 309 110
boat 0.0014 448 31 498 65
boat 0.0014 278 5 501 90
boat 0.0012 13 106 256 389
boat 0.0012 383 2 491 39
boat 0.0011 155 277 180 300
boat 0.0010 293 62 314 74
car 0.0105 444 298 489 323
car 0.0042 47 207 70 220
car 0.0012 79 358 115 374
person 0.0481 121 180 142 212
person 0.0025 161 284 178 303
person 0.0019 3 166 24 218
person 0.0018 54 105 68 122
person 0.0015 105 152 118 180
person 0.0011 0 157 32 228
person 0.0010 27 138 34 156
person 0.0010 99 151 120 188
person 0.0010 0 157 16 254
train 0.0957 444 298 497 325
train 0.0159 1 110 107 203
train 0.0137 150 222 485 312
train 0.0090 85 113 243 196
train 0.0070 45 120 112 208
train 0.0045 0 108 35 200
train 0.0043 20 160 463 320
train 0.0037 1 102 63 190
train 0.0037 6 21 528 245
train 0.0029 0 122 11 194
train 0.0029 33 92 376 207
train 0.0028 1 162 25 211
train 0.0023 50 156 80 199
train 0.0023 0 131 6 176
train 0.0023 42 97 239 227
train 0.0022 113 117 219 175
train 0.0020 54 105 68 122
train 0.0019 416 332 499 373
train 0.0017 209 264 248 283
train 0.0014 2 136 57 221
train 0.0013 54 230 458 373
train 0.0013 22 134 96 212
train 0.0012 249 72 310 113
train 0.0010 462 40 499 123
train 0.0010 173 250 337 288
