bottle 0.0095 490 241 500 302
bottle 0.0024 490 278 499 306
bottle 0.0017 491 210 500 282
bottle 0.0017 486 184 499 328
chair 0.0399 369 208 462 377
chair 0.0397 430 301 500 377
chair 0.0312 373 296 455 376
chair 0.0168 430 220 500 379
chair 0.0037 270 93 498 381
chair 0.0036 378 124 498 370
chair 0.0015 465 209 500 355
chair 0.0013 373 270 511 378
chair 0.0012 421 206 497 314
chair 0.0012 448 156 499 340
chair 0.0012 411 307 478 374
diningtable 0.0349 427 300 500 375
diningtable 0.0039 375 294 514 375
diningtable 0.0026 3 325 121 374
person 0.4165 87 115 288 375
person 0.3068 224 61 412 376
person 0.0738 71 72 443 376
person 0.0173 380 48 499 356
person 0.0054 262 32 500 355
person 0.0050 455 55 499 343
person 0.0036 422 138 499 359
person 0.0018 483 32 500 352
person 0.0014 205 92 338 368
person 0.0011 44 255 59 325
pottedplant 0.0039 -2 36 114 364
pottedplant 0.0013 0 138 84 346
pottedplant 0.0011 1 36 52 363
sheep 0.0022 1 0 26 56
