bus 0.9281 114 185 290 475
bus 0.1829 137 255 255 415
bus 0.1622 299 361 323 387
bus 0.1241 299 338 325 383
bus 0.1082 292 262 333 401
bus 0.0327 290 347 315 385
bus 0.0210 54 258 112 410
bus 0.0180 279 343 295 393
bus 0.0102 309 347 325 382
bus 0.0101 265 338 300 392
bus 0.0090 274 335 289 397
bus 0.0074 288 360 300 390
bus 0.0073 285 341 303 389
bus 0.0068 265 332 285 400
bus 0.0053 27 288 126 407
bus 0.0048 317 335 331 383
bus 0.0048 323 340 333 390
bus 0.0046 197 318 255 406
bus 0.0044 68 243 247 443
bus 0.0040 258 271 303 414
bus 0.0040 297 364 309 385
bus 0.0039 212 225 291 428
bus 0.0035 315 264 336 401
bus 0.0035 -1 -13 145 385
bus 0.0034 229 328 286 399
bus 0.0030 113 323 290 456
bus 0.0025 320 356 332 390
bus 0.0023 284 360 294 389
bus 0.0022 302 289 334 376
bus 0.0022 263 258 289 438
bus 0.0022 60 316 130 398
bus 0.0022 324 315 336 399
bus 0.0020 104 284 178 383
bus 0.0020 234 268 284 449
bus 0.0018 8 136 126 445
bus 0.0018 262 327 291 422
bus 0.0016 116 187 207 428
bus 0.0015 88 245 186 394
bus 0.0015 183 286 285 474
bus 0.0010 122 248 167 364
car 0.3033 299 370 321 386
car 0.0560 311 370 324 387
car 0.0422 296 358 324 386
car 0.0155 316 372 326 389
car 0.0147 297 369 311 386
car 0.0120 295 366 317 390
car 0.0106 319 368 330 390
car 0.0088 283 366 295 397
car 0.0082 288 368 298 388
car 0.0044 279 363 288 398
car 0.0019 307 373 332 477
car 0.0015 294 421 332 500
car 0.0011 111 355 294 473
motorbike 0.0031 39 385 71 420
person 0.3897 156 326 181 350
person 0.0933 142 323 175 351
person 0.0837 219 346 240 366
person 0.0286 285 376 295 401
person 0.0285 162 329 184 358
person 0.0282 140 285 209 398
person 0.0145 166 333 182 352
person 0.0092 74 362 88 406
person 0.0083 0 367 11 398
person 0.0075 319 368 330 416
person 0.0074 3 201 32 328
person 0.0070 227 345 252 367
person 0.0067 80 353 93 395
person 0.0066 211 324 249 384
person 0.0064 239 346 252 364
person 0.0058 320 372 330 395
person 0.0054 84 372 101 407
person 0.0052 315 370 331 454
person 0.0046 168 321 184 349
person 0.0037 78 370 95 407
person 0.0037 1 366 38 463
person 0.0033 135 306 183 375
person 0.0029 180 275 270 426
person 0.0029 43 370 73 418
person 0.0028 272 365 286 448
person 0.0027 230 336 259 368
person 0.0026 40 358 100 415
person 0.0026 147 331 170 351
person 0.0025 60 368 79 413
person 0.0019 100 364 117 404
person 0.0019 7 0 51 44
person 0.0019 2 368 19 398
person 0.0018 153 326 185 373
person 0.0017 213 347 240 375
person 0.0017 279 373 289 402
person 0.0015 26 371 49 414
person 0.0014 93 372 106 405
person 0.0012 85 357 97 399
person 0.0012 53 360 74 411
person 0.0012 67 349 124 408
person 0.0011 19 369 43 438
person 0.0011 136 314 168 350
person 0.0011 83 352 92 376
person 0.0011 153 317 202 352
person 0.0011 33 365 65 413
person 0.0010 215 343 232 366
person 0.0010 323 368 331 399
train 0.0042 1 53 132 478
train 0.0012 30 173 115 443
tvmonitor 0.0029 1 366 35 467
