aeroplane 0.0030 178 38 190 45
bird 0.0017 178 38 190 45
boat 0.0022 216 264 367 325
chair 0.0036 213 266 362 330
chair 0.0018 471 210 499 247
chair 0.0017 483 211 499 242
chair 0.0016 440 211 494 256
chair 0.0015 490 215 499 243
cow 0.4866 231 206 289 267
cow 0.0395 177 259 358 331
cow 0.0280 170 263 258 335
cow 0.0100 169 298 248 337
cow 0.0085 290 243 315 273
cow 0.0071 223 201 264 232
cow 0.0050 225 233 239 248
cow 0.0034 224 227 244 251
cow 0.0010 222 199 262 259
horse 0.5525 231 204 290 267
horse 0.0386 186 262 359 330
horse 0.0050 284 243 318 275
horse 0.0033 295 192 346 240
horse 0.0022 245 211 333 278
horse 0.0016 340 207 383 269
horse 0.0014 225 198 263 229
person 0.0105 293 244 315 274
person 0.0082 182 256 269 331
person 0.0034 282 238 311 271
person 0.0032 423 195 457 272
person 0.0017 437 197 470 244
person 0.0014 414 201 451 236
person 0.0011 429 201 480 260
person 0.0011 336 202 383 270
person 0.0010 397 202 441 237
