bicycle 0.0042 32 231 235 377
bird 0.0371 386 92 445 157
bird 0.0270 154 54 167 68
bird 0.0087 137 54 166 72
boat 0.2800 0 60 23 92
boat 0.0368 0 26 24 94
bottle 0.0731 386 92 439 154
bottle 0.0020 384 92 469 181
bottle 0.0018 387 92 408 124
chair 0.0040 276 103 487 379
chair 0.0031 27 186 237 379
chair 0.0013 337 167 472 379
cow 0.0574 127 57 150 74
cow 0.0085 128 58 159 137
cow 0.0024 128 55 156 92
horse 0.0012 328 126 481 377
person 0.8498 237 171 395 375
person 0.8412 286 31 324 108
person 0.8388 24 66 229 377
person 0.6419 246 53 486 376
person 0.2531 118 53 240 371
person 0.0241 123 56 216 243
person 0.0105 125 55 195 147
person 0.0093 287 32 321 72
person 0.0089 386 93 437 158
person 0.0050 126 56 174 94
person 0.0039 0 67 34 387
person 0.0038 155 54 169 69
person 0.0038 128 59 162 144
person 0.0033 26 36 488 370
person 0.0029 0 84 17 398
person 0.0025 294 29 319 50
person 0.0019 337 76 454 174
person 0.0017 181 99 410 365
person 0.0016 303 28 331 104
person 0.0012 0 38 9 95
person 0.0010 114 59 181 205
sheep 0.0578 128 57 152 74
