bird 0.1049 223 188 242 204
bird 0.0188 186 215 235 257
bird 0.0047 5 2 217 296
bird 0.0035 166 205 244 274
bird 0.0021 195 124 209 186
bird 0.0013 119 178 286 291
bird 0.0013 462 294 493 306
bird 0.0010 11 63 344 329
chair 0.0024 0 170 42 328
person 0.5390 -2 9 283 335
person 0.0045 189 209 329 339
person 0.0017 195 201 405 382
sheep 0.9147 280 213 358 263
sheep 0.8900 392 229 464 275
sheep 0.4328 441 164 481 185
sheep 0.3531 364 174 387 193
sheep 0.2359 223 189 242 202
sheep 0.0736 441 164 457 183
sheep 0.0464 462 163 492 181
sheep 0.0390 468 164 489 177
sheep 0.0067 405 168 431 182
sheep 0.0045 462 292 490 306
sheep 0.0021 294 184 311 195
sheep 0.0019 222 183 243 208
sheep 0.0016 282 229 338 262
sheep 0.0012 473 166 500 188
sheep 0.0011 392 234 431 273
sheep 0.0010 253 208 354 280
sheep 0.0010 469 162 490 171
tvmonitor 0.0044 0 176 46 338
