bicycle 0.0037 -1 123 70 398
bicycle 0.0019 25 252 116 362
bird 0.0015 176 439 252 466
chair 0.5343 -2 137 24 246
chair 0.0368 317 343 374 488
chair 0.0110 342 333 374 465
chair 0.0080 52 204 327 474
chair 0.0063 0 136 22 199
chair 0.0029 38 260 114 389
person 0.4538 125 79 242 264
person 0.3675 61 75 295 459
person 0.0836 113 65 254 395
person 0.0131 127 92 186 281
person 0.0055 166 89 267 337
person 0.0018 180 84 242 256
person 0.0014 170 190 234 267
person 0.0014 88 81 207 325
person 0.0012 135 164 241 266
pottedplant 0.0345 2 244 68 378
pottedplant 0.0083 328 269 375 466
pottedplant 0.0066 30 257 113 364
pottedplant 0.0041 279 268 377 467
pottedplant 0.0031 232 227 262 269
pottedplant 0.0019 187 119 298 407
pottedplant 0.0012 12 209 92 388
pottedplant 0.0011 336 302 375 406
pottedplant 0.0010 235 232 276 296
sheep 0.0028 315 373 373 498
