bird 0.0621 8 0 156 163
bird 0.0045 254 -1 344 110
bird 0.0013 4 0 290 172
bird 0.0012 115 197 191 279
bird 0.0010 123 212 177 256
boat 0.0010 87 74 358 257
bottle 0.0448 34 440 116 499
bottle 0.0057 13 399 117 499
bottle 0.0034 116 193 193 268
bottle 0.0019 88 459 176 500
bottle 0.0018 114 208 175 257
bottle 0.0016 26 456 241 500
bottle 0.0015 202 176 223 210
bottle 0.0014 106 158 206 276
bottle 0.0012 311 232 340 272
chair 0.0212 1 334 47 415
chair 0.0191 1 332 104 494
chair 0.0076 1 373 45 499
chair 0.0057 13 395 117 499
chair 0.0042 1 329 62 464
chair 0.0010 33 440 174 500
chair 0.0010 0 211 117 500
cow 0.0055 76 209 221 473
dog 0.0570 149 462 305 499
dog 0.0432 215 467 299 499
dog 0.0199 133 470 249 500
dog 0.0151 214 453 341 499
dog 0.0094 68 461 248 500
dog 0.0093 93 222 229 481
dog 0.0080 151 479 285 500
dog 0.0021 161 480 232 499
person 0.7484 252 172 365 482
person 0.6249 108 148 233 487
person 0.2992 288 449 376 500
person 0.2805 312 173 373 488
person 0.0305 109 97 326 492
person 0.0298 112 148 222 339
person 0.0268 233 170 317 491
person 0.0227 216 462 321 500
person 0.0120 271 417 373 499
person 0.0066 150 150 289 434
person 0.0023 114 193 200 283
person 0.0023 1 327 44 485
person 0.0021 227 475 299 499
person 0.0018 96 135 297 301
person 0.0017 108 151 210 252
person 0.0013 177 207 316 389
person 0.0013 331 439 376 499
person 0.0011 243 216 309 387
person 0.0010 -2 393 300 500
