bicycle 0.0258 0 7 190 309
bicycle 0.0011 -2 -8 418 325
bird 0.0068 361 270 384 293
bird 0.0017 275 16 501 319
bird 0.0014 407 -5 500 305
boat 0.0014 10 58 169 306
bottle 0.1024 0 9 165 304
bottle 0.0370 420 0 501 170
bottle 0.0139 441 0 500 97
bottle 0.0122 35 178 112 287
bottle 0.0012 477 -2 500 121
bottle 0.0010 481 0 500 75
motorbike 0.0574 -1 20 164 291
motorbike 0.0020 35 142 121 289
pottedplant 0.0147 -1 22 148 292
pottedplant 0.0063 270 -4 502 314
pottedplant 0.0042 381 -1 500 270
pottedplant 0.0027 18 139 120 286
pottedplant 0.0019 333 -3 499 166
sheep 0.0017 274 13 502 321
