bottle 0.0467 159 140 183 180
bottle 0.0238 94 4 173 142
bottle 0.0093 89 3 120 65
bottle 0.0075 71 0 156 103
bottle 0.0066 148 133 181 177
bottle 0.0033 123 127 230 219
bottle 0.0028 91 0 114 37
bottle 0.0028 107 76 231 253
bottle 0.0022 92 0 111 22
bottle 0.0021 71 9 143 170
bottle 0.0016 110 0 131 24
bottle 0.0016 102 5 155 78
bottle 0.0011 107 1 144 57
bottle 0.0011 133 125 177 175
bottle 0.0010 107 17 132 81
cat 0.0044 156 172 251 231
cat 0.0025 129 121 253 276
cat 0.0018 91 184 260 370
chair 0.0679 375 1 499 346
chair 0.0241 -2 19 118 380
chair 0.0234 355 -8 502 191
chair 0.0148 69 4 177 176
chair 0.0117 232 12 491 367
chair 0.0056 66 2 135 140
chair 0.0041 3 179 267 369
chair 0.0033 61 26 223 279
chair 0.0028 5 -3 215 358
chair 0.0027 69 0 121 88
chair 0.0024 0 17 43 383
chair 0.0021 0 -20 17 177
chair 0.0020 270 2 356 57
chair 0.0020 92 70 194 234
chair 0.0012 23 1 171 257
chair 0.0011 0 23 16 355
chair 0.0010 -1 -24 64 288
chair 0.0010 436 110 500 372
dog 0.6522 140 169 262 368
dog 0.0016 156 161 251 266
dog 0.0012 152 172 245 229
person 0.0022 58 19 265 344
person 0.0019 -5 195 269 371
person 0.0017 343 55 498 372
tvmonitor 0.0196 73 1 182 175
tvmonitor 0.0033 350 8 492 330
tvmonitor 0.0014 95 62 167 165
