bottle 0.0038 55 227 83 283
bottle 0.0023 287 254 370 453
chair 0.0198 5 236 58 302
chair 0.0074 0 292 81 498
chair 0.0068 0 279 63 426
chair 0.0063 4 223 74 342
chair 0.0058 2 192 76 443
chair 0.0054 0 392 86 500
chair 0.0035 24 317 160 499
chair 0.0014 47 329 116 502
person 0.8661 138 68 303 500
person 0.6637 49 142 174 503
person 0.0098 50 173 89 240
person 0.0081 46 157 159 333
person 0.0077 0 154 138 507
person 0.0061 43 175 96 297
person 0.0054 31 104 273 496
person 0.0039 23 199 120 321
person 0.0023 55 223 83 279
person 0.0016 19 228 90 486
person 0.0014 4 176 20 205
person 0.0014 35 156 87 226
person 0.0013 120 155 246 508
person 0.0010 1 170 84 323
pottedplant 0.0453 0 116 53 159
pottedplant 0.0031 0 114 65 223
pottedplant 0.0021 -1 122 32 154
pottedplant 0.0015 8 125 56 176
pottedplant 0.0010 5 108 44 148
tvmonitor 0.0025 282 250 369 445
