bird 0.0091 40 211 289 358
bird 0.0085 49 290 70 306
bird 0.0028 1 234 73 367
bird 0.0026 108 216 262 327
bird 0.0019 132 215 279 278
bird 0.0012 0 289 85 375
bottle 0.0023 329 128 375 177
chair 0.0010 0 300 76 374
dog 0.2222 124 215 294 350
dog 0.0169 168 219 295 307
dog 0.0028 149 194 355 328
dog 0.0011 98 140 477 363
horse 0.0555 117 216 288 368
horse 0.0025 118 113 507 379
person 0.7043 279 32 494 377
person 0.0113 118 36 521 335
person 0.0027 317 25 490 235
pottedplant 0.0043 0 287 141 378
pottedplant 0.0017 1 225 71 364
pottedplant 0.0016 -12 221 249 375
sheep 0.0023 112 51 160 68
sheep 0.0013 131 52 158 67
sheep 0.0013 320 26 395 98
sheep 0.0012 451 -62 504 -42
