cat 0.0121 140 296 312 360
chair 0.0043 489 89 500 115
chair 0.0020 430 86 496 118
cow 0.0025 203 34 348 374
dog 0.6468 218 28 393 368
dog 0.0894 228 31 355 262
dog 0.0013 144 297 266 355
person 0.0097 219 35 477 363
pottedplant 0.1443 337 -2 425 187
pottedplant 0.0767 389 149 500 227
pottedplant 0.0550 432 72 458 92
pottedplant 0.0221 302 0 426 113
pottedplant 0.0076 266 1 362 70
pottedplant 0.0068 430 63 470 94
pottedplant 0.0060 482 202 500 231
pottedplant 0.0059 457 157 499 226
pottedplant 0.0059 334 0 427 75
pottedplant 0.0047 462 205 496 230
pottedplant 0.0043 485 160 500 226
pottedplant 0.0030 225 4 281 71
pottedplant 0.0020 466 183 499 233
pottedplant 0.0019 267 -8 421 207
pottedplant 0.0015 277 0 374 44
pottedplant 0.0013 490 186 500 234
pottedplant 0.0011 466 154 498 203
pottedplant 0.0010 275 66 482 337
pottedplant 0.0010 351 186 416 215
sheep 0.0628 140 296 311 363
tvmonitor 0.0034 456 29 501 90
