bicycle 0.0843 71 37 290 296
bicycle 0.0570 215 103 329 262
bicycle 0.0419 183 105 291 250
bicycle 0.0272 172 49 358 265
bicycle 0.0216 246 36 322 95
bicycle 0.0086 480 129 499 231
bicycle 0.0078 239 92 386 231
bicycle 0.0064 29 120 101 230
bicycle 0.0032 277 44 321 95
bicycle 0.0029 159 11 281 278
bicycle 0.0014 176 115 243 249
bottle 0.0174 194 22 243 153
bottle 0.0075 201 21 232 57
bottle 0.0036 27 117 57 230
bottle 0.0026 103 54 113 79
bus 0.0071 29 40 104 224
car 0.0174 26 112 101 229
car 0.0147 480 127 499 231
car 0.0012 494 98 500 123
chair 0.0013 33 121 103 254
motorbike 0.7471 258 94 413 225
motorbike 0.0683 314 109 414 206
motorbike 0.0413 204 79 387 254
motorbike 0.0278 27 119 103 230
motorbike 0.0171 481 116 499 226
motorbike 0.0122 247 38 323 95
motorbike 0.0028 211 122 331 254
motorbike 0.0012 355 124 415 205
motorbike 0.0011 468 97 500 237
motorbike 0.0011 23 87 61 236
person 0.0108 57 45 102 199
person 0.0050 29 28 106 207
person 0.0037 66 58 99 124
person 0.0030 479 135 500 304
person 0.0012 77 62 96 81
person 0.0011 70 55 94 86
person 0.0010 54 61 70 119
person 0.0010 49 106 62 126
pottedplant 0.0017 481 150 499 229
train 0.0542 66 22 309 293
train 0.0151 25 71 103 233
train 0.0044 133 59 186 203
train 0.0014 126 37 237 238
tvmonitor 0.0065 0 55 13 122
