bicycle 0.0033 0 97 123 361
bicycle 0.0014 114 0 200 58
bottle 0.0242 47 98 87 166
bottle 0.0044 345 321 426 375
bottle 0.0025 187 204 225 322
bottle 0.0015 137 311 168 356
bottle 0.0013 54 101 89 142
bottle 0.0011 89 191 334 338
car 0.0587 0 12 12 104
car 0.0483 283 1 485 69
car 0.0150 292 -2 463 42
car 0.0127 167 0 257 33
car 0.0121 141 1 394 74
car 0.0104 0 -9 12 60
car 0.0079 153 2 311 57
car 0.0040 336 0 424 15
car 0.0026 219 0 373 61
car 0.0021 0 -1 17 32
car 0.0018 344 -1 384 7
car 0.0017 370 -1 437 13
car 0.0015 321 9 497 145
car 0.0014 236 0 353 32
car 0.0014 195 0 264 20
car 0.0013 275 0 407 29
car 0.0013 0 123 31 243
car 0.0012 11 0 49 20
car 0.0011 -4 117 110 344
chair 0.0248 461 0 497 40
chair 0.0124 485 2 499 57
chair 0.0085 491 9 499 58
chair 0.0063 477 0 499 32
chair 0.0059 470 0 500 78
chair 0.0055 427 4 496 91
chair 0.0030 449 0 489 22
chair 0.0029 489 0 499 43
chair 0.0017 371 11 494 137
chair 0.0013 447 -1 473 7
chair 0.0011 439 -1 480 12
chair 0.0011 483 16 499 76
motorbike 0.6258 16 20 500 370
motorbike 0.0668 103 1 231 100
motorbike 0.0639 90 -1 486 140
motorbike 0.0218 127 0 401 95
motorbike 0.0191 248 6 497 188
motorbike 0.0159 232 0 462 94
motorbike 0.0081 189 7 492 303
motorbike 0.0068 89 4 279 185
motorbike 0.0052 -2 80 180 378
motorbike 0.0050 42 9 436 220
motorbike 0.0049 -2 107 352 378
motorbike 0.0029 6 15 262 340
motorbike 0.0019 31 86 156 248
motorbike 0.0012 156 0 233 35
motorbike 0.0012 37 49 228 262
motorbike 0.0010 127 0 204 68
person 0.0162 273 11 497 235
person 0.0061 0 9 10 148
person 0.0016 80 -1 108 27
person 0.0012 0 21 7 107
pottedplant 0.0015 439 -1 473 8
