bird 0.0320 88 84 221 335
chair 0.0864 90 163 221 321
cow 0.3259 211 203 331 304
cow 0.0071 110 165 353 310
cow 0.0012 166 192 302 306
dog 0.0719 93 30 236 318
dog 0.0026 119 127 230 213
dog 0.0017 111 92 243 194
horse 0.0038 103 50 472 307
horse 0.0011 132 137 392 301
motorbike 0.0040 148 42 422 182
motorbike 0.0026 103 39 464 267
person 0.8091 296 76 438 291
person 0.6390 87 32 236 321
person 0.2352 97 34 247 192
person 0.0341 131 37 230 121
person 0.0312 298 74 412 195
person 0.0207 358 92 438 278
person 0.0140 169 40 221 112
person 0.0075 71 33 376 313
person 0.0067 148 37 255 159
person 0.0062 108 29 201 110
person 0.0052 208 51 456 169
person 0.0034 115 39 360 173
person 0.0034 175 41 299 129
person 0.0023 172 64 473 296
person 0.0021 183 41 223 83
person 0.0017 137 40 263 252
person 0.0017 203 41 269 85
person 0.0014 80 27 192 240
sheep 0.1020 203 195 335 304
sheep 0.0302 84 150 221 317
sheep 0.0067 109 164 350 311
