aeroplane 0.0084 9 35 499 326
cat 0.0012 21 -23 492 221
cow 0.0035 2 185 38 218
horse 0.4721 70 178 407 353
horse 0.0995 273 155 414 324
horse 0.0139 156 120 462 331
horse 0.0066 337 143 426 276
horse 0.0065 324 131 422 220
horse 0.0047 379 184 429 264
horse 0.0022 219 161 387 356
horse 0.0020 242 124 442 283
horse 0.0017 22 41 490 311
horse 0.0013 8 189 287 345
horse 0.0010 362 172 433 292
person 0.0066 320 129 419 217
person 0.0031 391 133 410 166
person 0.0016 325 129 412 175
person 0.0011 385 134 420 205
