aeroplane 0.5846 5 112 499 236
aeroplane 0.0484 131 250 184 271
aeroplane 0.0365 288 122 484 256
aeroplane 0.0347 7 132 325 212
aeroplane 0.0313 6 228 61 254
aeroplane 0.0291 283 220 347 262
aeroplane 0.0236 69 196 97 207
aeroplane 0.0133 98 159 287 211
aeroplane 0.0133 20 233 66 252
aeroplane 0.0120 195 228 251 253
aeroplane 0.0085 123 29 186 60
aeroplane 0.0083 128 215 152 224
aeroplane 0.0080 1 111 55 178
aeroplane 0.0075 198 231 237 244
aeroplane 0.0070 290 196 344 216
aeroplane 0.0070 -1 43 329 215
aeroplane 0.0064 3 202 36 221
aeroplane 0.0063 273 209 383 261
aeroplane 0.0058 285 188 482 257
aeroplane 0.0053 29 139 499 376
aeroplane 0.0046 0 206 42 239
aeroplane 0.0044 231 222 283 247
aeroplane 0.0043 284 198 332 222
aeroplane 0.0042 11 220 98 252
aeroplane 0.0039 -6 102 219 202
aeroplane 0.0035 63 194 86 207
aeroplane 0.0035 1 188 56 227
aeroplane 0.0034 101 196 128 206
aeroplane 0.0030 99 130 410 222
aeroplane 0.0029 1 143 59 209
aeroplane 0.0029 281 195 357 235
aeroplane 0.0028 345 29 375 50
aeroplane 0.0027 187 70 527 254
aeroplane 0.0026 78 216 124 255
aeroplane 0.0025 189 242 259 269
aeroplane 0.0021 198 158 439 280
aeroplane 0.0021 0 82 120 180
aeroplane 0.0020 288 217 441 257
aeroplane 0.0016 82 194 127 205
aeroplane 0.0014 3 172 114 224
aeroplane 0.0014 77 207 179 254
aeroplane 0.0014 48 190 119 224
aeroplane 0.0013 286 189 373 215
aeroplane 0.0013 296 222 348 240
aeroplane 0.0013 0 215 17 241
aeroplane 0.0013 201 152 237 162
aeroplane 0.0012 8 219 63 246
aeroplane 0.0012 80 196 109 205
aeroplane 0.0012 28 191 86 208
aeroplane 0.0012 145 156 370 232
aeroplane 0.0010 117 217 190 265
aeroplane 0.0010 135 213 157 222
aeroplane 0.0010 295 201 320 217
aeroplane 0.0010 6 135 179 209
aeroplane 0.0010 112 199 145 211
aeroplane 0.0010 0 165 109 202
bird 0.0099 121 31 186 59
boat 0.2194 200 230 256 251
boat 0.0931 128 252 187 272
boat 0.0709 196 243 259 267
boat 0.0492 281 224 348 262
boat 0.0039 1 199 32 223
boat 0.0025 201 232 272 263
boat 0.0024 76 217 124 255
boat 0.0024 367 112 493 257
boat 0.0019 66 146 411 348
boat 0.0019 234 230 273 241
boat 0.0016 301 78 511 254
boat 0.0011 252 230 286 240
bus 0.0036 248 219 286 239
bus 0.0028 250 209 291 236
bus 0.0019 343 114 490 256
car 0.2652 127 252 187 272
car 0.2200 78 221 123 251
car 0.1542 247 229 280 240
car 0.1408 201 228 254 246
car 0.0526 10 237 57 254
car 0.0336 75 197 98 206
car 0.0232 281 222 357 260
car 0.0102 24 238 63 251
car 0.0085 66 195 94 207
car 0.0079 198 231 236 244
car 0.0074 253 223 287 239
car 0.0056 293 223 361 243
car 0.0054 126 214 149 224
car 0.0045 8 239 39 254
car 0.0043 99 197 123 206
car 0.0038 455 238 485 255
car 0.0031 26 232 52 250
car 0.0026 133 214 157 223
car 0.0021 196 251 255 267
car 0.0021 39 240 61 251
car 0.0018 260 229 288 238
car 0.0017 216 229 257 241
car 0.0016 340 242 374 254
car 0.0015 7 201 32 220
car 0.0015 80 200 98 207
car 0.0014 171 255 188 265
car 0.0014 157 253 189 266
car 0.0014 37 199 67 207
car 0.0014 52 198 78 207
car 0.0011 308 225 347 238
car 0.0011 237 230 271 241
diningtable 0.0351 11 172 511 386
person 0.0026 71 145 494 346
person 0.0010 24 229 44 247
person 0.0010 14 226 55 249
