bottle 0.0221 100 50 177 190
bottle 0.0177 215 29 297 208
bottle 0.0020 101 60 175 120
cat 0.0025 57 3 333 198
cat 0.0016 44 0 349 80
cat 0.0015 72 0 327 29
chair 0.1094 21 11 372 497
chair 0.0868 74 256 344 499
chair 0.0620 62 0 340 263
chair 0.0163 280 146 366 334
chair 0.0083 231 23 369 297
chair 0.0076 210 41 295 224
chair 0.0027 176 42 321 265
chair 0.0023 309 334 378 500
chair 0.0023 222 86 285 195
chair 0.0023 -1 189 115 497
chair 0.0020 0 231 34 338
chair 0.0018 95 365 272 496
chair 0.0017 90 56 177 198
chair 0.0017 211 90 353 381
chair 0.0015 216 148 345 275
chair 0.0012 98 52 206 261
chair 0.0011 31 2 331 128
chair 0.0011 78 441 334 501
chair 0.0010 2 179 41 361
diningtable 0.0399 56 15 346 289
diningtable 0.0017 -2 193 365 497
person 0.0016 1 185 131 502
person 0.0012 283 5 372 285
pottedplant 0.0031 166 102 237 258
pottedplant 0.0018 166 64 301 269
pottedplant 0.0011 93 61 173 120
pottedplant 0.0011 131 49 254 233
