boat 0.0010 75 1 486 169
bus 0.0023 325 137 432 190
bus 0.0012 335 147 476 181
car 0.0064 73 328 178 369
car 0.0026 75 294 188 366
car 0.0010 120 277 190 331
chair 0.0010 375 0 502 149
motorbike 0.0032 69 327 179 369
motorbike 0.0013 72 335 131 368
person 0.0123 424 159 433 179
person 0.0033 463 165 470 178
person 0.0030 316 168 327 191
person 0.0030 315 175 323 189
person 0.0027 348 169 357 191
person 0.0022 335 163 343 188
person 0.0012 420 160 431 180
person 0.0012 405 154 436 181
person 0.0010 421 156 441 180
person 0.0010 207 117 219 136
pottedplant 0.0016 76 336 163 367
pottedplant 0.0013 126 275 192 324
pottedplant 0.0012 73 332 123 369
train 0.4181 1 46 278 208
train 0.0515 13 24 499 368
train 0.0383 0 82 473 216
train 0.0204 7 6 502 189
train 0.0180 316 139 470 190
train 0.0079 288 142 411 191
train 0.0049 -4 5 237 326
train 0.0044 362 146 496 183
train 0.0031 0 64 161 218
train 0.0031 69 96 348 199
train 0.0021 194 110 488 218
train 0.0020 194 152 426 190
train 0.0018 323 152 383 193
train 0.0014 324 160 355 189
train 0.0011 423 131 499 177
