bottle 0.0075 319 144 332 181
bottle 0.0020 223 175 241 221
chair 0.4627 395 191 502 370
chair 0.2534 302 188 474 371
chair 0.1633 -1 295 163 375
chair 0.1283 140 112 206 170
chair 0.1076 69 134 149 189
chair 0.0450 3 190 170 375
chair 0.0331 331 84 390 179
chair 0.0329 200 98 389 165
chair 0.0287 135 79 191 122
chair 0.0266 202 110 241 154
chair 0.0265 203 112 330 159
chair 0.0256 376 152 495 314
chair 0.0206 338 122 392 185
chair 0.0169 136 78 212 142
chair 0.0157 376 214 461 368
chair 0.0130 258 68 289 95
chair 0.0109 0 211 63 335
chair 0.0101 178 165 451 375
chair 0.0093 418 169 493 297
chair 0.0087 25 173 150 315
chair 0.0079 442 184 501 326
chair 0.0061 225 112 294 152
chair 0.0051 244 72 396 156
chair 0.0041 255 194 406 376
chair 0.0038 368 150 488 238
chair 0.0036 320 131 482 276
chair 0.0034 250 72 280 93
chair 0.0029 61 102 221 183
chair 0.0027 118 110 371 189
chair 0.0023 0 329 8 375
chair 0.0022 178 113 238 158
chair 0.0020 203 255 361 374
chair 0.0019 43 130 165 263
chair 0.0018 333 96 423 196
chair 0.0015 336 114 461 226
chair 0.0015 414 88 499 271
chair 0.0014 0 287 70 373
chair 0.0014 286 96 437 244
chair 0.0013 183 100 223 144
chair 0.0013 23 167 97 300
chair 0.0012 28 146 226 363
chair 0.0012 96 84 313 221
chair 0.0012 476 179 500 379
chair 0.0012 191 93 214 114
chair 0.0010 320 241 439 381
diningtable 0.4679 16 124 486 374
diningtable 0.0048 225 82 438 183
diningtable 0.0025 94 259 439 374
diningtable 0.0019 31 196 353 376
diningtable 0.0012 0 240 151 369
pottedplant 0.2795 330 77 389 146
pottedplant 0.0752 403 81 444 130
pottedplant 0.0337 401 103 439 131
pottedplant 0.0323 269 78 408 172
pottedplant 0.0314 178 1 244 122
pottedplant 0.0195 139 6 164 50
pottedplant 0.0071 138 3 183 65
pottedplant 0.0060 191 35 222 116
pottedplant 0.0056 138 0 235 68
pottedplant 0.0051 137 65 202 122
pottedplant 0.0047 189 0 236 59
pottedplant 0.0045 353 69 374 87
pottedplant 0.0044 194 -3 236 33
pottedplant 0.0044 420 77 448 116
pottedplant 0.0033 130 3 233 128
pottedplant 0.0022 400 114 431 130
pottedplant 0.0022 0 0 70 71
pottedplant 0.0022 346 72 393 128
pottedplant 0.0018 329 85 371 133
pottedplant 0.0015 388 57 496 183
pottedplant 0.0015 332 93 376 170
pottedplant 0.0014 192 90 210 106
pottedplant 0.0013 424 71 490 133
pottedplant 0.0013 189 35 238 139
pottedplant 0.0011 349 69 463 169
pottedplant 0.0010 192 65 217 112
sofa 0.0326 242 76 398 164
sofa 0.0247 15 72 503 358
sofa 0.0183 156 101 416 181
sofa 0.0132 48 94 475 250
