boat 0.0016 11 8 467 316
bus 0.0011 -1 2 440 318
car 0.6959 113 93 491 319
car 0.0884 391 96 499 259
car 0.0275 465 109 500 215
car 0.0071 422 97 499 188
car 0.0020 413 -8 499 207
car 0.0017 479 114 499 251
car 0.0014 474 102 499 177
car 0.0014 292 95 498 276
car 0.0012 458 105 501 164
person 0.0702 284 131 348 188
person 0.0442 167 109 457 266
person 0.0082 231 129 300 187
person 0.0054 248 113 373 214
person 0.0040 299 127 372 194
person 0.0034 257 135 334 198
person 0.0021 150 88 342 234
person 0.0015 231 103 347 182
train 0.0298 111 72 483 328
