bicycle 0.0058 0 2 84 115
bicycle 0.0027 0 5 46 108
bicycle 0.0010 337 -4 505 121
bird 0.4911 211 137 319 238
bird 0.1995 211 133 245 179
bird 0.1254 221 197 320 270
bird 0.1202 0 122 82 203
bird 0.0745 209 131 297 202
bird 0.0660 0 119 84 322
bird 0.0478 213 188 390 277
bird 0.0237 209 151 471 314
bird 0.0153 -4 6 415 308
bird 0.0078 2 124 78 168
bird 0.0069 96 75 357 223
bird 0.0068 1 100 179 334
bird 0.0039 0 111 25 158
bird 0.0038 221 202 288 248
bird 0.0029 216 131 239 166
bird 0.0022 -1 80 102 199
bird 0.0022 194 155 303 266
bird 0.0021 0 129 44 338
bird 0.0020 160 116 285 219
bird 0.0018 0 86 164 231
bird 0.0017 0 102 47 166
bird 0.0016 0 110 15 175
bird 0.0016 183 34 501 282
bird 0.0014 225 211 266 238
bird 0.0013 223 138 386 256
bird 0.0012 42 160 387 295
bird 0.0010 187 210 280 262
cat 0.0812 222 199 313 268
cat 0.0126 218 192 374 275
cat 0.0028 129 181 363 303
cat 0.0010 172 125 293 247
chair 0.0059 2 117 185 333
chair 0.0013 359 0 501 113
chair 0.0011 3 148 104 336
person 0.0046 0 87 210 338
pottedplant 0.0377 9 -13 497 229
pottedplant 0.0070 -1 -5 225 150
pottedplant 0.0063 270 -17 506 222
pottedplant 0.0047 1 0 114 144
pottedplant 0.0030 0 36 82 171
pottedplant 0.0030 276 -1 504 118
pottedplant 0.0029 81 -5 488 122
pottedplant 0.0028 0 6 47 142
pottedplant 0.0022 -1 69 36 158
pottedplant 0.0019 411 -9 500 272
pottedplant 0.0018 38 -3 336 168
pottedplant 0.0014 -2 11 170 235
pottedplant 0.0014 184 33 502 283
