bus 0.3338 112 0 516 288
bus 0.0096 121 128 130 146
bus 0.0034 111 122 137 167
bus 0.0030 0 51 87 198
bus 0.0023 130 119 167 170
bus 0.0016 116 126 132 152
bus 0.0015 3 119 76 184
bus 0.0011 124 125 137 150
car 0.0075 23 151 57 171
car 0.0021 25 153 42 173
car 0.0016 120 128 131 144
car 0.0010 244 -5 503 277
chair 0.0010 1 114 42 183
person 0.1716 92 137 107 185
person 0.0270 93 128 102 161
person 0.0145 93 135 119 188
person 0.0145 107 130 115 156
person 0.0138 120 128 130 146
person 0.0124 109 134 117 153
person 0.0119 94 134 106 169
person 0.0095 89 142 99 181
person 0.0089 102 130 128 185
person 0.0073 115 126 133 158
person 0.0071 104 136 115 162
person 0.0070 113 135 127 161
person 0.0069 87 124 96 163
person 0.0068 108 137 122 159
person 0.0038 88 141 96 171
person 0.0035 89 135 97 163
person 0.0029 98 124 115 159
person 0.0025 96 121 106 158
person 0.0025 88 125 139 189
person 0.0016 89 121 105 163
person 0.0015 77 122 89 163
person 0.0015 100 140 115 173
person 0.0013 75 118 96 174
person 0.0013 106 139 124 172
person 0.0010 73 126 85 171
train 0.3809 116 1 506 286
train 0.0056 93 118 152 184
train 0.0030 -1 47 119 204
train 0.0025 132 120 172 175
train 0.0010 57 118 134 192
