aeroplane 0.0939 0 212 28 245
bus 0.0030 382 105 503 229
car 0.9120 196 90 437 258
car 0.8203 72 194 140 238
car 0.0847 478 195 499 228
car 0.0679 0 210 28 245
car 0.0141 456 196 499 228
car 0.0062 484 204 499 229
car 0.0051 472 176 499 231
car 0.0047 442 205 472 227
car 0.0035 375 92 500 227
car 0.0029 0 181 29 247
car 0.0024 443 201 489 229
car 0.0018 247 99 380 153
car 0.0015 171 92 350 233
car 0.0014 271 87 497 240
car 0.0014 200 82 263 257
car 0.0012 429 197 467 228
car 0.0011 343 86 439 255
person 0.1056 319 104 372 150
person 0.0285 248 107 293 151
person 0.0100 282 101 360 152
person 0.0055 0 183 27 247
person 0.0033 227 101 302 181
person 0.0029 256 112 320 152
person 0.0023 197 89 410 240
person 0.0020 295 92 421 215
person 0.0015 305 107 379 174
person 0.0011 310 115 360 156
person 0.0011 335 100 393 150
person 0.0010 240 118 279 153
