boat 0.0012 490 102 500 177
horse 0.8429 171 172 314 285
horse 0.7802 279 168 450 288
horse 0.6925 70 165 173 284
horse 0.1517 63 215 104 285
horse 0.1336 333 144 422 268
horse 0.0698 359 154 447 284
horse 0.0322 168 189 255 283
horse 0.0281 240 163 315 283
horse 0.0145 0 207 27 255
horse 0.0135 384 149 448 238
horse 0.0134 234 182 397 286
horse 0.0101 82 220 102 254
horse 0.0101 62 203 147 282
horse 0.0100 275 162 322 260
horse 0.0087 200 158 278 253
horse 0.0061 2 214 46 258
horse 0.0057 121 190 204 283
horse 0.0045 73 224 125 280
horse 0.0045 23 212 117 288
horse 0.0041 169 196 198 281
horse 0.0040 0 221 20 255
horse 0.0023 298 186 382 288
horse 0.0020 0 229 24 271
horse 0.0014 76 192 109 263
horse 0.0012 283 157 349 283
horse 0.0011 398 160 444 217
horse 0.0011 0 219 8 258
person 0.7441 229 154 262 226
person 0.6679 360 132 405 232
person 0.5572 107 140 155 223
person 0.0917 0 206 23 255
person 0.0777 360 135 445 260
person 0.0673 120 139 155 197
person 0.0516 72 215 106 279
person 0.0320 84 223 100 242
person 0.0302 359 132 391 201
person 0.0214 167 199 199 282
person 0.0212 232 155 259 195
person 0.0205 302 101 342 166
person 0.0176 275 161 318 251
person 0.0165 101 144 167 267
person 0.0145 369 137 440 205
person 0.0120 80 220 102 265
person 0.0097 242 153 267 217
person 0.0097 63 213 84 282
person 0.0084 0 204 12 252
person 0.0080 11 209 46 252
person 0.0076 102 142 134 220
person 0.0075 25 209 39 237
person 0.0061 20 206 42 242
person 0.0055 129 146 172 210
person 0.0054 66 218 79 265
person 0.0052 316 133 428 232
person 0.0052 285 158 304 185
person 0.0052 5 213 34 256
person 0.0046 390 143 430 199
person 0.0036 397 154 448 207
person 0.0032 359 129 417 191
person 0.0032 68 221 78 248
person 0.0029 26 208 51 243
person 0.0028 396 151 450 257
person 0.0028 282 159 311 193
person 0.0028 490 198 500 248
person 0.0027 0 205 18 230
person 0.0027 462 219 472 246
person 0.0023 262 158 313 220
person 0.0022 24 217 45 249
person 0.0020 237 154 256 182
person 0.0019 10 213 28 245
person 0.0018 25 208 35 229
person 0.0016 238 156 279 231
person 0.0015 128 137 150 165
person 0.0015 282 145 329 227
person 0.0015 76 141 153 243
person 0.0015 126 145 151 182
person 0.0014 0 206 8 238
person 0.0013 491 95 500 169
person 0.0010 399 149 442 185
person 0.0010 131 138 167 181
