boat 0.0041 29 77 102 113
bus 0.9177 76 26 441 310
bus 0.0572 28 81 103 116
bus 0.0287 6 127 75 246
bus 0.0236 86 63 174 291
bus 0.0034 76 98 137 280
bus 0.0034 465 106 499 233
bus 0.0023 43 114 122 233
bus 0.0014 88 131 126 219
bus 0.0013 9 94 103 235
bus 0.0012 98 161 115 187
bus 0.0011 90 103 163 235
bus 0.0010 46 146 81 212
bus 0.0010 443 128 495 244
car 0.0147 434 61 488 83
car 0.0104 30 79 101 116
car 0.0015 0 195 6 210
car 0.0010 20 194 59 238
person 0.0121 93 199 105 245
person 0.0043 281 85 373 166
person 0.0015 302 92 408 159
person 0.0013 442 177 460 276
person 0.0010 243 56 430 235
pottedplant 0.0049 32 195 57 238
pottedplant 0.0046 434 39 494 85
pottedplant 0.0013 406 8 466 90
tvmonitor 0.0017 453 1 498 36
tvmonitor 0.0010 29 87 101 119
