boat 0.0055 141 192 194 239
car 0.0138 257 214 287 227
car 0.0057 17 216 41 236
car 0.0031 214 218 248 238
car 0.0020 138 231 183 247
car 0.0013 194 228 212 238
car 0.0010 213 221 234 243
chair 0.0021 239 245 372 378
cow 0.0035 307 232 319 266
cow 0.0032 16 217 39 236
diningtable 0.0017 233 245 494 376
person 0.0114 308 232 319 268
sheep 0.0767 327 225 353 234
sheep 0.0122 17 215 41 236
sheep 0.0026 327 229 340 236
sheep 0.0011 119 218 138 236
train 0.0083 213 217 246 239
train 0.0068 141 190 195 241
train 0.0048 21 207 200 245
train 0.0030 77 216 167 240
train 0.0026 140 231 187 246
train 0.0026 46 206 110 235
train 0.0011 212 221 235 243
