bottle 0.0021 161 313 169 334
car 0.0015 132 173 154 192
chair 0.0442 433 180 465 239
chair 0.0231 201 166 229 210
chair 0.0069 193 137 224 212
chair 0.0066 46 208 85 296
chair 0.0061 209 160 238 213
chair 0.0039 438 174 500 300
chair 0.0035 52 195 124 305
chair 0.0031 0 202 83 317
chair 0.0015 0 111 75 337
chair 0.0014 0 180 34 321
chair 0.0013 436 179 496 247
person 0.6206 92 164 124 237
person 0.0256 89 176 129 302
person 0.0166 102 163 123 207
person 0.0075 186 137 221 213
person 0.0039 190 134 216 187
person 0.0033 5 72 63 212
person 0.0032 0 69 28 348
person 0.0029 104 167 128 234
person 0.0021 78 174 124 261
person 0.0016 0 144 19 326
person 0.0015 0 30 67 339
person 0.0013 99 162 144 223
person 0.0013 94 169 119 205
person 0.0012 0 11 43 265
person 0.0011 40 143 187 271
person 0.0010 218 127 265 222
pottedplant 0.2786 434 145 466 189
pottedplant 0.1666 481 173 500 196
pottedplant 0.0661 432 104 466 192
pottedplant 0.0470 433 176 464 233
pottedplant 0.0409 471 172 499 205
pottedplant 0.0142 489 173 500 211
pottedplant 0.0108 1 43 62 333
pottedplant 0.0105 107 12 216 238
pottedplant 0.0099 489 165 500 189
pottedplant 0.0073 475 161 498 194
pottedplant 0.0069 13 -6 146 128
pottedplant 0.0046 479 182 500 219
pottedplant 0.0042 486 180 499 233
pottedplant 0.0036 485 158 499 183
pottedplant 0.0034 466 154 497 190
pottedplant 0.0031 490 162 499 179
pottedplant 0.0030 440 157 468 205
pottedplant 0.0023 467 176 499 235
pottedplant 0.0023 493 187 500 227
pottedplant 0.0022 192 137 224 207
pottedplant 0.0022 445 147 469 175
pottedplant 0.0018 427 139 455 184
pottedplant 0.0017 445 173 488 220
pottedplant 0.0016 471 173 488 193
pottedplant 0.0012 439 175 469 215
pottedplant 0.0012 418 127 515 232
pottedplant 0.0012 190 136 212 181
pottedplant 0.0011 8 66 65 235
pottedplant 0.0011 466 174 478 193
pottedplant 0.0010 16 -6 197 256
pottedplant 0.0010 451 154 469 183
