chair 0.5917 43 180 195 453
chair 0.0157 9 168 309 501
chair 0.0144 74 154 182 340
chair 0.0106 28 63 141 416
chair 0.0091 68 186 159 306
chair 0.0081 109 157 305 428
chair 0.0081 120 165 204 362
chair 0.0045 134 170 249 390
chair 0.0018 26 130 48 193
chair 0.0018 43 178 147 362
chair 0.0015 59 75 199 373
chair 0.0011 11 130 31 187
diningtable 0.0419 13 167 349 499
diningtable 0.0090 69 164 244 417
person 0.6562 319 109 347 202
person 0.5724 27 109 48 189
person 0.4135 46 107 66 187
person 0.0867 35 106 61 188
person 0.0608 29 110 47 151
person 0.0464 18 108 39 188
person 0.0244 48 107 65 153
person 0.0107 29 49 104 365
person 0.0042 13 119 33 185
person 0.0029 50 110 62 134
person 0.0026 22 112 36 154
person 0.0020 324 154 345 201
person 0.0019 44 104 89 206
person 0.0018 33 110 46 136
person 0.0011 331 163 346 198
person 0.0010 39 95 74 230
pottedplant 0.0974 301 167 321 200
pottedplant 0.0198 308 139 341 200
pottedplant 0.0052 321 110 352 203
pottedplant 0.0030 296 161 328 204
pottedplant 0.0018 328 155 347 200
