bicycle 0.4970 10 54 389 293
bicycle 0.3725 77 88 343 249
bicycle 0.2649 174 126 238 217
bicycle 0.0028 121 118 441 278
bicycle 0.0011 190 54 349 288
bottle 0.4782 188 144 224 197
bottle 0.3317 184 123 238 219
bottle 0.0093 197 147 224 183
bottle 0.0031 185 165 220 203
bottle 0.0013 184 153 222 229
car 0.0032 414 202 500 260
car 0.0018 237 70 298 91
chair 0.0217 408 166 500 260
chair 0.0032 456 169 500 259
chair 0.0021 391 171 500 317
chair 0.0014 340 239 399 259
chair 0.0013 324 151 468 255
person 0.0455 399 142 500 258
person 0.0118 451 152 500 252
person 0.0058 483 144 500 232
person 0.0032 384 153 456 252
person 0.0020 468 153 499 227
person 0.0015 489 156 500 222
person 0.0011 338 153 499 283
pottedplant 0.0550 386 127 500 255
pottedplant 0.0141 440 131 500 240
pottedplant 0.0053 249 229 320 269
pottedplant 0.0039 235 169 336 268
pottedplant 0.0032 382 154 457 254
pottedplant 0.0024 182 128 421 275
pottedplant 0.0012 123 183 444 306
pottedplant 0.0012 459 111 500 217
