bus 0.8677 63 57 459 319
bus 0.7804 0 146 71 269
bus 0.0477 2 158 67 219
bus 0.0218 33 122 127 270
bus 0.0111 0 143 19 278
bus 0.0095 0 182 49 274
bus 0.0047 57 202 70 228
bus 0.0045 57 155 101 285
bus 0.0037 28 173 84 261
bus 0.0034 5 184 72 243
bus 0.0033 42 191 75 244
bus 0.0030 38 147 91 244
bus 0.0027 56 190 73 230
bus 0.0024 53 182 78 240
bus 0.0023 1 157 22 220
bus 0.0021 -1 140 42 226
bus 0.0018 0 195 18 255
bus 0.0011 0 155 6 221
bus 0.0010 49 123 110 233
car 0.0031 58 204 71 228
car 0.0012 0 240 17 308
car 0.0010 39 243 55 269
car 0.0010 58 213 69 229
person 0.7916 468 225 486 283
person 0.7218 447 223 469 286
person 0.2501 453 222 488 283
person 0.0612 108 216 126 238
person 0.0325 353 211 390 252
person 0.0276 419 225 435 256
person 0.0208 346 217 372 250
person 0.0176 326 206 343 236
person 0.0120 443 221 460 283
person 0.0075 356 198 379 239
person 0.0072 104 218 120 238
person 0.0063 471 227 482 240
person 0.0061 348 223 384 256
person 0.0053 452 219 463 232
person 0.0040 342 203 391 268
person 0.0040 392 215 441 259
person 0.0038 41 239 52 269
person 0.0038 363 200 391 244
person 0.0038 346 198 370 237
person 0.0035 451 231 471 269
person 0.0034 417 222 450 262
person 0.0034 451 220 465 241
person 0.0033 470 227 484 258
person 0.0033 132 221 146 240
person 0.0031 352 210 375 241
person 0.0030 373 220 410 254
person 0.0030 428 222 446 253
person 0.0027 477 226 492 273
person 0.0026 339 213 364 245
person 0.0020 113 214 132 239
person 0.0018 354 198 413 277
person 0.0017 92 197 126 243
person 0.0017 446 235 463 274
person 0.0017 117 219 139 240
person 0.0016 456 222 481 260
person 0.0015 329 203 351 234
person 0.0015 384 233 407 257
person 0.0015 365 205 409 249
person 0.0015 449 216 458 231
person 0.0015 99 214 111 238
person 0.0012 309 206 335 239
person 0.0012 27 243 42 270
person 0.0011 486 221 499 250
person 0.0011 286 71 410 317
person 0.0010 447 177 458 223
pottedplant 0.0013 -1 -5 98 131
