bottle 0.0039 0 207 22 337
cat 0.3678 11 95 174 240
cat 0.1589 6 95 222 321
cat 0.0168 74 134 271 229
cat 0.0139 150 163 271 213
cat 0.0078 40 120 301 283
cat 0.0056 -1 88 56 332
cat 0.0033 0 94 24 303
cat 0.0023 -27 31 468 335
cat 0.0020 0 244 18 333
cat 0.0017 0 106 119 338
cat 0.0012 0 184 24 336
chair 0.0267 267 0 485 134
chair 0.0070 -3 141 281 337
chair 0.0057 0 108 30 340
chair 0.0038 0 240 20 333
chair 0.0011 257 7 500 330
diningtable 0.0167 6 117 499 337
diningtable 0.0017 17 149 287 335
pottedplant 0.0016 0 238 20 333
sofa 0.0836 267 -2 505 155
sofa 0.0396 0 102 276 333
sofa 0.0389 239 -6 500 306
sofa 0.0101 15 65 499 344
tvmonitor 0.0292 428 5 498 179
tvmonitor 0.0056 462 3 500 164
tvmonitor 0.0049 0 89 17 308
tvmonitor 0.0040 268 0 511 205
tvmonitor 0.0013 394 0 501 258
