motorbike 0.6176 112 107 399 359
motorbike 0.0036 111 169 260 372
person 0.4780 191 13 348 296
person 0.0153 201 14 331 174
person 0.0089 219 58 385 350
person 0.0019 119 55 330 351
person 0.0017 198 10 222 30
person 0.0011 194 9 212 29
pottedplant 0.0696 462 0 499 34
pottedplant 0.0294 0 3 19 28
pottedplant 0.0240 439 -1 492 32
pottedplant 0.0128 5 38 157 152
pottedplant 0.0065 456 0 473 26
pottedplant 0.0064 -1 0 27 35
pottedplant 0.0061 444 0 470 31
pottedplant 0.0049 423 0 474 32
pottedplant 0.0043 178 -1 188 13
pottedplant 0.0033 0 6 11 31
pottedplant 0.0027 0 0 18 49
pottedplant 0.0026 175 0 193 22
pottedplant 0.0022 462 3 499 62
pottedplant 0.0021 163 2 227 33
pottedplant 0.0015 476 5 500 36
pottedplant 0.0014 460 0 481 29
pottedplant 0.0013 154 2 174 30
pottedplant 0.0013 1 1 55 59
pottedplant 0.0013 0 0 40 111
pottedplant 0.0011 165 0 203 28
