bird 0.0145 140 231 204 297
bird 0.0026 148 221 247 292
bird 0.0020 103 226 221 329
bird 0.0011 78 0 237 104
cat 0.0014 124 297 254 474
chair 0.0177 21 -1 127 103
chair 0.0048 76 0 239 104
chair 0.0038 -1 -23 228 489
chair 0.0019 7 61 218 306
chair 0.0017 3 97 86 264
chair 0.0012 24 133 119 234
chair 0.0010 32 153 108 212
dog 0.7939 128 227 263 472
dog 0.0086 145 229 243 297
person 0.0245 138 232 204 296
person 0.0097 138 208 256 348
person 0.0079 144 228 248 293
person 0.0049 -2 -21 226 487
person 0.0045 86 179 238 347
person 0.0035 47 156 272 409
person 0.0034 322 0 331 45
person 0.0011 154 207 274 462
tvmonitor 0.0059 9 114 259 470
tvmonitor 0.0034 -85 1 2 107
tvmonitor 0.0010 13 193 243 341
