bottle 0.0034 149 204 158 224
bottle 0.0014 154 213 199 319
bottle 0.0014 149 175 181 214
bottle 0.0012 152 170 204 273
bottle 0.0011 172 190 180 211
bottle 0.0010 246 185 259 197
car 0.0534 313 141 344 160
car 0.0494 296 137 342 157
car 0.0417 318 99 349 127
car 0.0185 313 115 347 140
car 0.0077 295 137 317 151
car 0.0054 298 139 326 154
car 0.0030 199 204 233 237
car 0.0024 277 136 321 154
car 0.0016 206 310 235 321
car 0.0010 310 126 349 159
chair 0.2031 85 293 150 320
chair 0.2008 65 223 156 320
chair 0.0551 233 184 290 246
chair 0.0360 78 269 155 319
chair 0.0127 9 187 154 322
chair 0.0049 107 248 273 320
chair 0.0045 149 256 192 320
chair 0.0044 147 204 200 310
chair 0.0043 250 179 355 274
chair 0.0040 205 309 236 321
chair 0.0038 199 202 236 249
chair 0.0037 79 241 206 318
chair 0.0035 215 179 310 261
chair 0.0032 129 295 194 318
chair 0.0031 49 220 117 323
chair 0.0029 234 180 286 214
chair 0.0024 102 295 174 319
chair 0.0024 152 207 206 267
chair 0.0020 256 180 412 316
chair 0.0015 316 142 340 159
chair 0.0015 37 288 154 317
chair 0.0014 0 77 101 320
chair 0.0011 279 184 336 270
chair 0.0011 184 185 248 263
chair 0.0010 151 298 191 321
diningtable 0.0364 111 244 327 321
diningtable 0.0068 128 208 234 313
diningtable 0.0033 48 200 382 326
diningtable 0.0027 165 267 320 324
diningtable 0.0013 141 253 249 319
diningtable 0.0013 204 184 374 301
person 0.0145 0 177 80 322
person 0.0018 0 71 102 320
person 0.0013 341 258 354 300
person 0.0011 3 151 158 321
pottedplant 0.2275 160 147 207 210
pottedplant 0.0158 153 143 207 267
pottedplant 0.0041 151 200 204 269
pottedplant 0.0014 136 137 234 218
pottedplant 0.0013 173 154 221 241
pottedplant 0.0013 150 176 182 214
pottedplant 0.0011 86 49 148 240
train 0.0011 217 175 459 321
tvmonitor 0.0076 149 185 171 215
tvmonitor 0.0021 318 92 349 125
tvmonitor 0.0017 147 184 168 200
tvmonitor 0.0010 201 184 234 221
