aeroplane 0.0010 17 196 63 233
aeroplane 0.0010 10 138 124 255
car 0.0240 324 120 504 334
car 0.0092 123 12 386 257
car 0.0072 385 111 499 241
car 0.0031 279 108 485 268
car 0.0029 0 190 11 238
car 0.0017 412 110 499 329
car 0.0012 22 100 145 239
chair 0.0038 17 -58 166 0
chair 0.0033 55 -50 134 0
motorbike 0.4700 34 47 449 355
motorbike 0.0102 118 28 361 272
motorbike 0.0072 22 86 250 323
motorbike 0.0035 31 93 182 235
motorbike 0.0028 240 86 445 362
motorbike 0.0010 39 147 175 333
person 0.0490 376 129 407 159
person 0.0396 114 12 392 294
person 0.0119 319 117 442 364
person 0.0102 199 59 334 277
person 0.0053 170 91 293 238
person 0.0047 38 92 177 236
person 0.0039 324 114 455 223
person 0.0029 240 50 437 350
person 0.0017 377 132 417 170
person 0.0015 243 26 368 286
tvmonitor 0.0010 34 129 101 223
