bird 0.0035 168 20 180 38
bird 0.0012 167 18 176 34
boat 0.0023 196 33 236 76
boat 0.0012 186 45 229 74
boat 0.0010 412 76 495 136
bus 0.9207 39 107 394 283
bus 0.0288 228 110 386 278
bus 0.0194 1 47 152 253
bus 0.0022 1 129 13 158
bus 0.0011 439 129 496 236
bus 0.0011 453 188 497 228
bus 0.0010 284 167 387 274
car 0.0067 0 129 11 162
person 0.1614 260 153 291 188
person 0.0735 149 191 162 226
person 0.0291 258 151 277 183
person 0.0258 471 192 493 229
person 0.0248 242 152 273 191
person 0.0221 472 193 498 267
person 0.0219 255 143 298 208
person 0.0078 138 191 162 227
person 0.0072 0 119 8 162
person 0.0058 231 151 259 192
person 0.0035 42 186 53 224
person 0.0034 231 150 246 181
person 0.0026 133 197 149 223
person 0.0024 235 160 272 207
person 0.0023 252 157 282 191
person 0.0018 81 193 93 214
person 0.0015 273 156 302 193
person 0.0015 293 122 373 262
person 0.0014 70 191 80 210
person 0.0012 267 148 311 204
person 0.0011 184 165 196 185
person 0.0011 223 178 245 203
person 0.0011 249 159 282 218
person 0.0010 479 195 496 246
pottedplant 0.0122 76 60 102 83
pottedplant 0.0101 80 63 113 86
pottedplant 0.0091 92 68 113 86
pottedplant 0.0011 76 56 92 78
