car 0.7847 51 63 455 319
car 0.0037 170 72 310 129
car 0.0031 84 68 439 189
car 0.0011 150 59 365 136
car 0.0010 138 73 257 138
person 0.7078 404 73 441 129
person 0.7043 368 66 403 134
person 0.3361 100 57 134 133
person 0.1960 74 56 101 89
person 0.0500 106 53 131 87
person 0.0176 379 64 406 117
person 0.0162 375 68 433 131
person 0.0124 219 84 259 131
person 0.0059 110 53 129 75
person 0.0042 199 80 282 132
person 0.0020 31 81 50 94
person 0.0020 318 58 473 145
person 0.0020 394 80 428 130
person 0.0019 142 76 338 154
