bird 0.0013 175 0 245 49
boat 0.0013 189 58 299 93
bottle 0.0016 105 49 123 70
car 0.0197 412 180 437 191
car 0.0137 411 179 440 200
car 0.0033 410 177 449 192
car 0.0027 452 156 496 187
car 0.0023 429 158 487 189
car 0.0020 411 165 440 196
car 0.0019 410 184 420 204
car 0.0015 414 192 439 206
car 0.0015 414 172 436 190
car 0.0014 410 175 470 196
car 0.0014 410 181 424 191
car 0.0013 460 156 484 177
car 0.0013 189 58 300 89
car 0.0013 411 182 453 206
car 0.0011 408 178 428 194
person 0.0081 0 177 5 216
person 0.0029 105 50 123 70
person 0.0017 363 168 373 182
person 0.0013 31 165 43 206
person 0.0012 0 190 9 212
person 0.0010 0 185 4 226
pottedplant 0.3057 377 183 416 216
pottedplant 0.0130 383 179 411 208
pottedplant 0.0093 410 186 420 204
pottedplant 0.0090 403 184 419 208
pottedplant 0.0068 409 178 443 205
pottedplant 0.0033 411 184 429 205
pottedplant 0.0016 443 199 458 221
pottedplant 0.0012 431 182 456 209
pottedplant 0.0012 422 158 490 194
pottedplant 0.0011 374 187 398 215
pottedplant 0.0011 430 166 476 200
train 0.7498 70 135 392 258
train 0.0166 34 117 398 200
train 0.0129 375 166 416 214
train 0.0041 71 105 402 163
train 0.0041 444 155 499 188
train 0.0034 408 165 457 200
train 0.0020 7 51 413 129
train 0.0019 43 67 433 188
train 0.0012 408 153 476 197
train 0.0012 408 155 437 203
