bottle 0.0139 269 257 316 331
bottle 0.0034 226 208 309 311
bottle 0.0028 0 132 15 200
bottle 0.0027 259 236 308 310
bottle 0.0021 194 212 285 332
bottle 0.0019 18 1 35 62
bottle 0.0013 2 146 59 206
bottle 0.0010 2 137 25 190
cat 0.0119 -13 -2 409 327
cat 0.0098 79 3 449 221
cat 0.0020 5 132 286 331
dog 0.4030 73 1 449 330
dog 0.0029 2 55 318 336
dog 0.0018 1 149 70 211
dog 0.0011 2 162 112 229
person 0.0136 6 -5 72 215
person 0.0069 1 46 32 214
person 0.0058 269 261 314 327
person 0.0031 4 -4 147 221
person 0.0021 0 28 242 332
person 0.0016 3 90 66 212
person 0.0011 2 108 112 247
person 0.0011 2 145 59 206
