sheep 0.9052 306 124 415 197
sheep 0.8955 1 147 131 232
sheep 0.8853 178 140 293 211
sheep 0.8022 441 146 499 186
sheep 0.1244 1 159 73 234
sheep 0.0155 59 143 135 221
sheep 0.0109 304 141 362 196
sheep 0.0070 0 165 17 233
sheep 0.0052 0 169 40 233
sheep 0.0035 355 121 415 192
sheep 0.0035 441 149 472 180
sheep 0.0035 483 150 499 188
sheep 0.0033 227 136 291 204
sheep 0.0029 175 149 221 206
sheep 0.0013 374 125 418 166
sheep 0.0013 283 146 322 199
sheep 0.0012 0 198 12 234
sheep 0.0012 0 164 5 235
sheep 0.0011 493 148 500 187
sheep 0.0011 461 152 500 191
sheep 0.0011 83 147 139 192
