boat 0.3527 266 190 379 246
boat 0.2153 222 122 491 250
boat 0.2058 357 124 498 243
boat 0.1782 123 128 263 212
boat 0.1594 -4 132 150 221
boat 0.1072 240 172 318 213
boat 0.0935 55 112 486 223
boat 0.0705 199 143 368 221
boat 0.0483 124 171 258 217
boat 0.0466 462 236 500 376
boat 0.0370 152 132 245 166
boat 0.0345 266 216 375 248
boat 0.0309 244 196 317 236
boat 0.0255 236 155 344 210
boat 0.0232 -9 135 289 217
boat 0.0136 241 189 305 224
boat 0.0120 249 203 302 230
boat 0.0100 235 178 301 202
boat 0.0098 49 195 138 221
boat 0.0092 24 137 98 178
boat 0.0086 293 172 368 229
boat 0.0084 176 122 456 204
boat 0.0069 240 183 346 229
boat 0.0063 4 188 151 221
boat 0.0062 121 128 364 190
boat 0.0061 244 166 319 192
boat 0.0060 241 134 365 180
boat 0.0059 367 155 444 230
boat 0.0055 285 143 391 246
boat 0.0050 249 156 321 181
boat 0.0050 34 135 68 167
boat 0.0043 288 188 358 221
boat 0.0034 176 129 248 155
boat 0.0032 491 161 500 206
boat 0.0028 489 144 499 199
boat 0.0023 482 152 500 387
boat 0.0020 257 174 329 189
boat 0.0020 228 172 363 250
boat 0.0020 454 139 499 375
boat 0.0020 266 133 302 154
boat 0.0019 192 52 492 220
boat 0.0018 318 154 390 175
boat 0.0017 302 144 373 216
boat 0.0015 250 128 407 218
boat 0.0015 248 142 335 175
boat 0.0015 0 189 83 220
boat 0.0015 397 129 489 160
boat 0.0015 298 193 336 217
boat 0.0014 360 175 485 246
boat 0.0014 235 186 287 201
boat 0.0013 115 82 421 205
boat 0.0013 2 137 158 178
boat 0.0013 133 116 258 174
boat 0.0012 429 135 497 170
boat 0.0012 421 178 500 369
boat 0.0012 146 159 336 216
boat 0.0011 482 146 500 176
boat 0.0011 5 156 100 208
boat 0.0011 258 202 298 221
boat 0.0011 323 126 495 166
boat 0.0011 365 180 443 216
boat 0.0011 473 289 500 377
boat 0.0010 468 144 499 168
boat 0.0010 481 151 498 163
boat 0.0010 274 232 297 240
boat 0.0010 304 166 367 187
boat 0.0010 489 180 500 360
person 0.0092 34 135 69 167
person 0.0062 268 131 292 151
person 0.0038 379 134 390 149
