aeroplane 0.0327 298 6 496 193
bird 0.0463 298 11 500 191
bird 0.0050 296 68 357 186
bird 0.0044 303 76 458 183
bird 0.0032 463 113 498 159
bird 0.0028 423 108 491 161
bird 0.0026 305 29 410 178
bird 0.0020 296 119 355 177
bird 0.0017 103 0 253 183
bird 0.0015 434 12 501 173
bird 0.0014 293 88 398 195
bird 0.0011 359 86 404 176
cow 0.1301 1 98 123 190
cow 0.1054 0 4 128 184
cow 0.0017 0 50 28 186
cow 0.0011 8 0 269 187
dog 0.7668 98 115 323 371
dog 0.0545 0 96 124 191
dog 0.0027 65 21 457 388
dog 0.0010 -3 83 115 276
sheep 0.0016 0 94 120 287
