bicycle 0.6434 39 22 467 327
bicycle 0.0131 -5 -2 263 353
bicycle 0.0097 135 63 382 293
bicycle 0.0073 0 158 228 334
bicycle 0.0027 218 18 458 292
bicycle 0.0025 202 121 317 308
bicycle 0.0014 385 3 500 266
bicycle 0.0014 0 216 169 334
bird 0.0015 0 1 65 265
bottle 0.0635 250 163 296 204
bottle 0.0113 233 162 267 193
bottle 0.0112 233 161 284 207
bottle 0.0055 195 87 338 289
bottle 0.0028 261 165 291 196
bottle 0.0020 228 155 301 258
bottle 0.0017 216 143 253 198
bottle 0.0014 209 129 290 319
bottle 0.0013 259 159 308 191
bottle 0.0011 224 155 260 195
bottle 0.0011 250 149 318 213
car 0.0015 0 0 17 53
chair 0.0021 222 139 303 301
motorbike 0.0018 0 0 20 65
person 0.0017 0 1 16 66
pottedplant 0.0131 0 225 76 333
pottedplant 0.0024 0 6 68 347
pottedplant 0.0017 0 181 108 333
pottedplant 0.0012 0 260 41 331
pottedplant 0.0012 -1 -1 116 272
pottedplant 0.0010 0 124 52 336
