bus 0.7637 125 53 399 311
bus 0.0039 405 140 477 195
bus 0.0032 416 142 466 173
bus 0.0032 0 37 151 269
bus 0.0022 215 85 457 246
bus 0.0019 43 57 339 261
bus 0.0017 83 107 136 215
bus 0.0012 393 130 477 176
bus 0.0010 109 104 151 217
car 0.0139 377 179 400 246
car 0.0088 340 13 502 102
car 0.0016 376 169 405 210
car 0.0014 356 30 425 62
car 0.0012 371 117 414 146
car 0.0012 381 127 421 140
car 0.0011 422 3 500 108
chair 0.0053 376 181 406 251
person 0.8462 396 152 431 261
person 0.7020 453 164 481 263
person 0.6286 423 156 448 261
person 0.5665 476 127 500 263
person 0.3812 364 161 381 234
person 0.2223 321 129 347 151
person 0.2055 485 161 499 276
person 0.1293 450 153 478 228
person 0.0559 380 164 412 250
person 0.0532 425 160 446 216
person 0.0459 489 178 500 312
person 0.0436 211 4 247 66
person 0.0365 365 163 391 244
person 0.0357 422 155 466 223
person 0.0280 330 130 357 153
person 0.0268 192 106 234 154
person 0.0260 472 76 500 198
person 0.0207 372 161 399 233
person 0.0166 401 150 430 218
person 0.0164 473 180 493 262
person 0.0147 327 111 360 158
person 0.0137 460 97 498 229
person 0.0091 475 76 500 144
person 0.0085 460 188 491 268
person 0.0075 210 106 238 149
person 0.0072 492 185 499 276
person 0.0070 433 159 450 227
person 0.0064 379 168 406 219
person 0.0055 362 78 388 172
person 0.0052 310 121 350 154
person 0.0047 367 152 476 259
person 0.0046 406 150 429 179
person 0.0044 478 174 500 310
person 0.0042 184 121 227 157
person 0.0032 322 127 358 185
person 0.0031 357 78 386 130
person 0.0030 239 87 413 215
person 0.0029 261 108 324 158
person 0.0027 363 159 378 207
person 0.0026 166 105 220 184
person 0.0026 318 131 351 161
person 0.0023 177 106 217 152
person 0.0022 341 132 358 151
person 0.0022 452 162 469 246
person 0.0020 150 83 272 210
person 0.0020 476 159 495 240
person 0.0020 477 78 500 113
person 0.0020 326 119 352 148
person 0.0020 359 156 376 237
person 0.0019 411 149 448 173
person 0.0019 441 151 468 233
person 0.0018 454 153 472 173
person 0.0017 394 141 448 201
person 0.0017 426 162 442 180
person 0.0016 384 173 404 204
person 0.0015 184 123 208 154
person 0.0014 475 127 499 190
person 0.0014 125 116 142 179
person 0.0013 494 219 499 308
person 0.0013 411 69 507 229
person 0.0012 414 153 518 261
person 0.0012 477 7 500 133
person 0.0012 437 149 471 172
person 0.0011 491 78 500 160
person 0.0010 90 109 110 138
person 0.0010 452 154 474 189
person 0.0010 205 104 232 131
person 0.0010 278 125 335 164
person 0.0010 176 93 342 167
person 0.0010 149 114 194 159
train 0.0052 0 24 131 288
