aeroplane 0.5405 -3 39 427 358
aeroplane 0.0053 116 33 486 281
aeroplane 0.0043 -4 188 489 397
aeroplane 0.0034 270 71 499 377
aeroplane 0.0018 -11 290 485 390
aeroplane 0.0018 17 -28 347 279
aeroplane 0.0010 220 48 496 216
boat 0.0038 343 77 500 372
car 0.0723 447 91 499 209
car 0.0179 473 91 500 216
car 0.0088 394 91 502 214
car 0.0078 453 97 500 161
car 0.0015 380 69 501 288
car 0.0015 438 71 501 281
person 0.0018 410 65 420 100
train 0.0162 380 81 499 371
train 0.0040 387 91 501 239
train 0.0013 448 81 499 325
tvmonitor 0.1055 1 16 136 176
tvmonitor 0.0972 127 7 227 148
tvmonitor 0.0024 60 -1 349 191
tvmonitor 0.0013 -1 70 104 179
tvmonitor 0.0011 14 19 249 174
