bottle 0.1738 251 181 278 255
bottle 0.1177 263 137 286 187
bottle 0.0484 242 174 289 266
bottle 0.0430 209 151 319 294
bottle 0.0224 204 123 223 158
bottle 0.0156 175 174 202 240
bottle 0.0124 113 32 151 135
bottle 0.0109 252 169 277 227
bottle 0.0047 163 171 185 238
bottle 0.0032 253 140 272 189
bottle 0.0030 315 180 445 374
bottle 0.0029 190 120 237 161
bottle 0.0025 255 104 313 187
bottle 0.0023 141 159 343 269
bottle 0.0016 345 211 412 344
bottle 0.0015 73 131 325 322
bottle 0.0011 109 147 266 252
bottle 0.0010 81 231 208 371
bottle 0.0010 160 149 201 230
diningtable 0.4716 80 137 443 372
diningtable 0.0048 57 247 461 374
diningtable 0.0025 131 115 388 298
diningtable 0.0021 19 162 313 372
diningtable 0.0018 42 307 475 373
person 0.9389 164 71 258 162
person 0.7438 75 86 167 219
person 0.7157 387 87 456 162
person 0.6605 326 153 498 375
person 0.6193 0 113 121 375
person 0.5662 304 93 388 210
person 0.5468 270 89 340 171
person 0.1720 328 90 388 174
person 0.1589 381 83 495 177
person 0.1285 115 88 169 173
person 0.1127 277 96 360 203
person 0.0705 370 88 500 319
person 0.0530 109 55 159 159
person 0.0226 279 82 329 142
person 0.0149 2 121 260 374
person 0.0120 340 90 420 165
person 0.0119 116 82 153 152
person 0.0096 250 90 322 154
person 0.0091 327 85 447 243
person 0.0091 254 130 298 194
person 0.0089 13 101 163 295
person 0.0073 76 85 153 152
person 0.0066 460 147 499 377
person 0.0065 49 104 145 251
person 0.0059 79 54 175 169
person 0.0048 293 88 356 159
person 0.0043 297 103 445 364
person 0.0041 480 138 500 380
person 0.0040 164 123 490 374
person 0.0036 331 169 486 292
person 0.0035 368 108 449 276
person 0.0034 357 92 480 218
person 0.0034 102 83 199 180
person 0.0025 279 93 399 281
person 0.0022 0 122 30 368
person 0.0019 310 92 335 142
person 0.0018 0 115 14 377
person 0.0016 1 113 107 252
person 0.0015 0 113 60 379
person 0.0013 281 104 326 181
person 0.0012 480 75 500 263
person 0.0010 48 84 146 178
person 0.0010 71 86 182 317
