bird 0.2349 295 233 311 256
bird 0.0017 295 234 326 258
bird 0.0013 273 235 313 295
bird 0.0013 292 233 312 280
bird 0.0012 283 233 321 283
cow 0.0304 126 99 142 105
dog 0.0136 398 218 421 240
dog 0.0117 292 232 315 254
dog 0.0064 134 216 150 236
dog 0.0028 242 208 264 234
dog 0.0011 213 201 262 233
person 0.8677 92 142 136 219
person 0.8316 325 96 376 230
person 0.0037 325 97 369 165
person 0.0024 101 171 130 217
person 0.0015 97 141 138 181
sheep 0.0470 53 104 62 115
sheep 0.0162 68 99 76 110
sheep 0.0061 54 102 67 114
sheep 0.0022 63 100 74 111
