boat 0.7274 73 168 255 324
boat 0.1805 194 171 479 259
boat 0.1072 189 162 352 231
boat 0.0258 57 156 462 292
boat 0.0212 189 160 288 217
boat 0.0046 194 193 365 243
boat 0.0025 90 126 126 143
boat 0.0014 79 160 207 275
boat 0.0013 106 155 348 255
boat 0.0012 193 161 276 191
car 0.0042 56 166 87 182
chair 0.0165 187 163 278 216
chair 0.0078 188 161 271 191
chair 0.0015 312 159 349 199
chair 0.0010 189 160 344 206
pottedplant 0.0168 76 185 254 326
pottedplant 0.0050 7 154 72 251
pottedplant 0.0033 323 117 490 226
pottedplant 0.0020 186 75 478 269
pottedplant 0.0016 310 155 351 199
pottedplant 0.0012 254 137 410 212
pottedplant 0.0010 6 154 92 311
pottedplant 0.0010 321 20 496 237
