car 0.9111 66 206 110 241
car 0.6267 167 153 183 169
car 0.3967 379 193 416 215
car 0.2949 6 128 38 146
car 0.2888 417 191 441 204
car 0.2326 0 132 15 148
car 0.1395 422 188 450 205
car 0.0783 492 202 500 230
car 0.0763 120 116 144 132
car 0.0320 410 193 436 207
car 0.0273 0 130 27 148
car 0.0263 485 199 500 231
car 0.0205 410 192 422 202
car 0.0149 395 201 415 216
car 0.0129 291 141 307 152
car 0.0119 12 126 37 139
car 0.0116 73 129 94 140
car 0.0112 413 180 447 205
car 0.0089 390 175 448 204
car 0.0059 470 193 499 226
car 0.0049 55 134 72 143
car 0.0042 38 129 61 142
car 0.0037 383 191 416 206
car 0.0033 403 192 419 201
car 0.0031 420 187 470 210
car 0.0026 379 193 399 210
car 0.0025 271 137 311 155
car 0.0025 321 148 333 156
car 0.0024 310 147 321 154
car 0.0024 413 186 433 203
car 0.0023 248 130 317 159
car 0.0022 434 192 451 204
car 0.0021 315 148 328 155
car 0.0019 493 197 500 253
car 0.0018 493 180 500 232
car 0.0016 438 189 460 204
car 0.0016 299 143 316 153
car 0.0015 46 130 70 142
car 0.0015 0 121 8 144
car 0.0015 399 184 432 203
car 0.0015 58 130 80 142
car 0.0014 382 190 410 201
car 0.0014 87 130 100 139
car 0.0013 456 189 467 202
car 0.0013 408 186 423 202
car 0.0013 25 130 49 145
car 0.0012 169 145 183 165
car 0.0011 286 139 300 152
car 0.0011 80 128 97 139
car 0.0011 162 148 187 171
car 0.0011 247 268 265 288
car 0.0010 479 197 499 260
car 0.0010 469 250 500 291
chair 0.0011 170 342 199 376
chair 0.0010 171 360 197 375
train 0.0028 384 168 444 200
train 0.0010 248 127 311 156
