chair 0.7557 262 136 331 238
chair 0.6238 429 139 480 249
chair 0.4736 0 256 40 332
chair 0.1424 313 132 354 227
chair 0.1411 0 193 44 326
chair 0.1242 44 195 100 268
chair 0.0175 322 162 354 241
chair 0.0032 0 183 24 290
chair 0.0030 0 191 24 232
chair 0.0028 428 199 476 253
chair 0.0026 73 184 168 279
chair 0.0021 118 191 220 328
chair 0.0018 322 130 371 266
chair 0.0016 18 191 103 288
chair 0.0015 425 173 476 289
chair 0.0012 6 229 64 331
chair 0.0010 3 194 68 284
diningtable 0.0014 0 224 39 313
person 0.8485 324 6 439 331
person 0.8098 123 166 228 330
person 0.0868 313 124 350 202
person 0.0148 140 167 228 263
person 0.0053 0 192 52 290
person 0.0053 0 191 19 231
person 0.0040 278 86 384 271
person 0.0036 315 56 358 236
person 0.0024 76 171 212 302
person 0.0017 0 196 34 242
person 0.0015 130 171 183 245
person 0.0012 153 188 241 298
person 0.0011 259 130 342 204
pottedplant 0.0164 198 72 245 96
sofa 0.1861 0 191 39 329
sofa 0.0014 0 192 80 327
tvmonitor 0.2223 263 133 317 187
tvmonitor 0.0576 44 195 100 245
tvmonitor 0.0351 429 138 479 192
tvmonitor 0.0127 0 190 13 233
tvmonitor 0.0077 52 194 98 225
tvmonitor 0.0021 0 187 36 265
tvmonitor 0.0012 0 191 42 234
