cow 0.8080 186 169 267 205
cow 0.7803 344 175 413 216
cow 0.7088 417 181 478 216
cow 0.0968 288 182 337 207
cow 0.0226 354 177 453 218
cow 0.0140 198 158 263 195
cow 0.0108 228 166 271 201
cow 0.0076 223 157 266 185
cow 0.0060 302 185 354 214
cow 0.0049 452 187 486 214
cow 0.0044 341 181 375 219
cow 0.0028 469 186 497 214
cow 0.0024 472 174 496 206
cow 0.0023 487 190 500 213
cow 0.0023 237 173 263 205
cow 0.0023 82 170 122 192
cow 0.0018 472 158 489 204
cow 0.0014 484 174 499 209
cow 0.0013 226 159 252 180
cow 0.0012 288 168 338 201
cow 0.0012 437 180 479 208
cow 0.0012 391 177 445 213
cow 0.0010 491 183 499 210
