horse 0.8159 114 149 268 276
horse 0.7675 253 141 313 178
horse 0.7285 358 156 499 260
horse 0.7148 295 134 371 173
horse 0.6356 58 152 148 251
horse 0.4055 311 154 394 239
horse 0.3663 431 150 500 260
horse 0.2103 310 128 355 170
horse 0.0932 313 147 451 252
horse 0.0930 148 124 200 228
horse 0.0725 140 135 175 165
horse 0.0527 86 137 128 210
horse 0.0511 116 135 199 262
horse 0.0480 269 138 349 177
horse 0.0273 318 135 369 164
horse 0.0135 301 138 344 174
horse 0.0128 61 153 201 274
horse 0.0116 457 148 500 230
horse 0.0115 370 126 464 228
horse 0.0102 355 160 433 256
horse 0.0099 126 122 231 236
horse 0.0098 186 150 266 246
horse 0.0084 166 140 209 228
horse 0.0082 136 131 189 206
horse 0.0080 324 134 345 162
horse 0.0073 336 132 369 154
horse 0.0059 474 152 499 261
horse 0.0057 263 128 311 169
horse 0.0052 94 148 161 263
horse 0.0052 155 152 228 268
horse 0.0052 296 131 383 206
horse 0.0044 337 138 378 165
horse 0.0032 307 126 340 157
horse 0.0025 80 151 149 216
horse 0.0025 250 142 288 176
horse 0.0022 437 153 494 217
horse 0.0018 57 172 99 246
horse 0.0016 481 128 500 235
horse 0.0014 331 139 389 189
horse 0.0013 270 141 297 172
person 0.8690 423 115 461 214
person 0.6786 162 117 207 226
person 0.6413 271 124 289 155
person 0.5768 85 128 120 185
person 0.5071 368 122 398 188
person 0.4174 325 118 340 149
person 0.3035 80 128 132 206
person 0.2343 346 128 399 180
person 0.1771 147 123 175 157
person 0.1726 158 124 172 148
person 0.1428 368 122 391 157
person 0.1011 270 126 296 166
person 0.0786 142 123 184 172
person 0.0504 83 127 106 178
person 0.0483 164 118 200 171
person 0.0384 158 121 182 154
person 0.0249 425 117 453 167
person 0.0244 325 121 348 160
person 0.0191 140 132 169 160
person 0.0177 373 130 463 222
person 0.0151 125 120 212 236
person 0.0147 310 128 357 166
person 0.0145 84 138 111 204
person 0.0121 94 128 132 178
person 0.0104 362 119 423 190
person 0.0072 348 133 406 234
person 0.0067 174 143 216 227
person 0.0060 419 126 483 232
person 0.0058 435 116 453 134
person 0.0056 88 128 112 158
person 0.0046 359 124 392 168
person 0.0044 313 119 338 149
person 0.0041 341 125 390 158
person 0.0038 177 122 200 160
person 0.0032 344 136 387 168
person 0.0031 371 121 391 142
person 0.0030 339 135 372 159
person 0.0028 101 137 138 201
person 0.0027 158 120 175 141
person 0.0026 324 118 337 137
person 0.0025 174 119 210 190
person 0.0024 432 117 454 151
person 0.0022 161 119 190 140
person 0.0022 302 117 347 159
person 0.0021 455 132 500 213
person 0.0016 93 127 109 143
person 0.0015 140 126 202 191
person 0.0014 372 126 399 164
person 0.0013 484 113 500 222
person 0.0013 329 118 343 140
person 0.0012 99 127 117 152
person 0.0012 430 119 464 177
person 0.0011 447 135 467 199
person 0.0011 167 159 203 226
person 0.0011 94 129 119 165
person 0.0010 174 118 197 138
person 0.0010 274 127 313 155
person 0.0010 432 139 468 217
