chair 0.8436 212 279 290 342
chair 0.8392 127 265 210 326
chair 0.7330 17 235 66 300
chair 0.6812 320 289 401 371
chair 0.6037 0 237 18 294
chair 0.5965 57 257 127 312
chair 0.4530 48 219 94 262
chair 0.3365 215 241 265 273
chair 0.2843 86 261 144 317
chair 0.2624 95 223 135 260
chair 0.2347 0 322 60 375
chair 0.2186 148 232 207 268
chair 0.2139 1 236 36 296
chair 0.1564 133 227 187 265
chair 0.1468 378 266 430 371
chair 0.1378 106 225 161 262
chair 0.1320 263 293 326 344
chair 0.0957 1 349 57 376
chair 0.0859 73 259 186 318
chair 0.0775 9 313 187 376
chair 0.0639 158 273 220 330
chair 0.0604 92 266 317 337
chair 0.0483 171 236 238 270
chair 0.0481 28 235 98 302
chair 0.0465 352 251 428 290
chair 0.0451 0 295 49 363
chair 0.0447 333 254 433 366
chair 0.0443 273 247 323 279
chair 0.0431 18 269 355 362
chair 0.0384 64 221 119 259
chair 0.0377 183 271 310 354
chair 0.0331 212 283 366 343
chair 0.0319 4 333 104 374
chair 0.0306 0 283 30 353
chair 0.0264 39 341 128 377
chair 0.0224 47 254 101 306
chair 0.0223 203 273 261 335
chair 0.0207 1 292 112 376
chair 0.0178 3 317 55 352
chair 0.0137 0 220 11 292
chair 0.0121 26 259 112 318
chair 0.0120 236 288 306 342
chair 0.0117 339 356 393 373
chair 0.0109 56 334 178 375
chair 0.0106 0 241 15 348
chair 0.0099 162 275 276 334
chair 0.0098 0 219 24 284
chair 0.0092 238 264 419 349
chair 0.0092 171 251 247 311
chair 0.0090 53 217 91 243
chair 0.0088 264 249 343 309
chair 0.0082 293 290 372 349
chair 0.0075 0 301 19 351
chair 0.0073 70 354 169 374
chair 0.0053 375 258 474 349
chair 0.0047 286 302 325 349
chair 0.0043 256 297 295 342
chair 0.0043 203 246 303 295
chair 0.0039 0 319 26 350
chair 0.0036 10 233 47 280
chair 0.0035 0 314 15 367
chair 0.0030 149 235 214 296
chair 0.0029 186 279 226 334
chair 0.0029 0 263 77 358
chair 0.0028 77 223 102 258
chair 0.0028 14 223 94 275
chair 0.0026 207 240 260 322
chair 0.0026 319 291 363 344
chair 0.0026 177 240 225 283
chair 0.0025 344 254 404 284
chair 0.0025 237 247 345 343
chair 0.0024 0 203 7 278
chair 0.0024 0 277 7 355
chair 0.0023 154 235 184 265
chair 0.0023 23 267 155 377
chair 0.0023 0 238 9 309
chair 0.0022 270 240 356 281
chair 0.0022 323 344 394 377
chair 0.0021 394 257 440 340
chair 0.0020 349 250 436 322
chair 0.0019 261 315 373 364
chair 0.0019 49 219 128 289
chair 0.0018 219 243 306 276
chair 0.0018 46 315 116 373
chair 0.0018 98 231 161 314
chair 0.0017 188 240 392 341
chair 0.0017 55 237 110 297
chair 0.0016 116 203 355 353
chair 0.0016 193 243 255 279
chair 0.0013 112 265 176 324
chair 0.0013 361 297 425 374
chair 0.0012 311 291 345 349
chair 0.0011 207 302 425 370
chair 0.0011 0 332 12 376
chair 0.0010 52 350 114 375
chair 0.0010 55 234 108 267
diningtable 0.2160 2 320 381 376
diningtable 0.0440 27 246 381 353
diningtable 0.0344 -11 274 424 389
diningtable 0.0228 185 259 441 346
diningtable 0.0120 124 340 391 385
diningtable 0.0052 92 278 322 344
diningtable 0.0019 220 331 353 369
sofa 0.0644 406 258 499 333
tvmonitor 0.1825 142 96 196 141
tvmonitor 0.0017 286 95 363 193
