aeroplane 0.7769 33 70 500 248
aeroplane 0.0832 0 180 45 216
aeroplane 0.0440 0 184 15 214
aeroplane 0.0071 447 177 495 204
aeroplane 0.0058 282 77 495 230
aeroplane 0.0050 3 176 84 216
aeroplane 0.0039 0 197 10 214
aeroplane 0.0036 447 137 499 204
aeroplane 0.0035 42 150 282 243
aeroplane 0.0025 0 190 29 216
aeroplane 0.0019 465 125 499 166
aeroplane 0.0016 409 180 486 204
aeroplane 0.0014 28 188 49 215
aeroplane 0.0014 0 163 14 209
aeroplane 0.0010 0 152 36 211
bus 0.0261 448 187 489 203
bus 0.0051 459 177 500 204
bus 0.0038 434 185 477 204
bus 0.0014 416 176 482 205
car 0.0314 446 186 488 204
car 0.0178 480 188 500 204
car 0.0068 0 197 10 215
car 0.0061 457 189 496 203
car 0.0047 418 194 440 207
car 0.0028 449 190 474 203
car 0.0018 466 191 489 202
