bottle 0.4961 448 188 474 277
bottle 0.0815 413 207 437 285
bottle 0.0808 397 177 411 198
bottle 0.0251 375 177 391 198
bottle 0.0210 423 201 446 279
bottle 0.0176 480 130 500 197
bottle 0.0173 381 176 404 199
bottle 0.0099 463 122 500 192
bottle 0.0090 403 174 415 197
bottle 0.0069 410 171 418 197
bottle 0.0068 462 120 498 273
bottle 0.0065 423 166 461 276
bottle 0.0044 432 199 453 270
bottle 0.0040 396 195 442 282
bottle 0.0035 480 120 499 263
bottle 0.0034 474 144 495 195
bottle 0.0034 429 163 462 191
bottle 0.0033 439 116 504 245
bottle 0.0033 390 178 408 198
bottle 0.0026 446 163 471 248
bottle 0.0024 471 139 485 189
bottle 0.0023 413 239 434 283
bottle 0.0022 457 116 486 190
bottle 0.0020 490 152 498 199
bottle 0.0020 364 192 422 275
bottle 0.0019 409 200 427 284
bottle 0.0016 440 142 478 262
bottle 0.0015 443 164 460 189
bottle 0.0015 365 176 410 204
bottle 0.0014 361 176 416 231
bottle 0.0014 369 176 388 204
bottle 0.0012 484 152 498 211
bottle 0.0012 0 169 12 268
bottle 0.0012 428 148 480 208
person 0.5118 111 140 194 218
person 0.2653 156 145 195 214
person 0.2544 120 149 171 208
person 0.2299 348 38 379 92
person 0.0179 366 19 385 58
person 0.0095 349 20 369 61
person 0.0094 352 34 377 67
person 0.0083 350 18 365 49
person 0.0060 358 26 385 84
person 0.0035 333 40 369 92
person 0.0031 136 137 198 196
person 0.0030 478 118 499 265
person 0.0029 153 139 189 182
person 0.0014 348 17 383 66
person 0.0013 164 160 208 216
person 0.0013 87 116 223 218
tvmonitor 0.5847 101 129 211 239
tvmonitor 0.5505 221 119 353 256
tvmonitor 0.0235 4 92 227 261
tvmonitor 0.0180 145 138 208 233
tvmonitor 0.0031 0 96 93 250
tvmonitor 0.0021 361 191 423 277
tvmonitor 0.0013 61 101 358 278
