bus 0.0080 278 97 435 192
dog 0.0643 26 208 86 232
dog 0.0125 81 203 138 224
dog 0.0068 43 202 132 227
dog 0.0048 69 203 111 227
dog 0.0019 392 208 413 222
dog 0.0016 24 186 93 227
dog 0.0013 73 208 101 225
horse 0.9081 185 150 331 251
horse 0.0026 185 149 257 245
horse 0.0010 183 151 213 195
person 0.8601 358 164 386 220
person 0.8580 219 107 257 208
person 0.7502 454 173 486 225
person 0.7165 61 155 86 210
person 0.6922 136 154 163 219
person 0.6792 410 162 436 223
person 0.6145 90 152 112 214
person 0.0945 64 148 104 219
person 0.0691 36 177 89 229
person 0.0550 427 179 457 222
person 0.0486 84 148 124 220
person 0.0355 185 148 199 193
person 0.0300 137 153 158 189
person 0.0160 142 154 181 220
person 0.0151 225 108 254 158
person 0.0144 342 159 380 220
person 0.0108 279 125 292 140
person 0.0098 85 175 110 222
person 0.0071 326 156 359 219
person 0.0063 204 139 254 213
person 0.0050 165 152 202 203
person 0.0046 434 178 474 224
person 0.0044 367 167 398 221
person 0.0041 411 186 434 220
person 0.0034 392 208 413 224
person 0.0034 484 172 501 227
person 0.0026 420 189 451 224
person 0.0020 465 174 496 227
person 0.0019 206 114 296 231
person 0.0018 493 172 500 226
person 0.0017 77 161 107 212
person 0.0016 72 184 119 225
person 0.0016 184 151 246 245
person 0.0012 93 152 111 189
person 0.0011 395 194 428 222
person 0.0010 27 186 69 222
person 0.0010 186 107 270 211
person 0.0010 68 161 89 200
sheep 0.0456 26 208 91 231
sheep 0.0147 76 208 137 225
sheep 0.0096 68 208 103 227
train 0.0034 282 99 433 188
