bicycle 0.3605 0 152 192 476
bicycle 0.3329 260 154 389 496
bicycle 0.2391 2 121 367 492
bicycle 0.0287 267 104 389 342
bicycle 0.0121 180 90 384 504
bicycle 0.0020 322 164 391 479
bicycle 0.0015 27 91 165 373
bottle 0.0802 374 78 388 140
bottle 0.0055 372 77 388 184
bottle 0.0024 324 175 389 489
bottle 0.0011 72 160 91 196
chair 0.0172 269 123 325 182
motorbike 0.0039 240 109 391 338
person 0.7039 66 6 176 185
person 0.2934 23 31 338 495
person 0.1450 138 39 325 378
person 0.0774 48 -2 186 421
person 0.0053 207 70 350 326
person 0.0020 193 41 294 192
pottedplant 0.0019 2 242 151 477
