bottle 0.6880 463 234 499 333
bottle 0.0485 476 223 499 308
bottle 0.0332 463 157 500 323
bottle 0.0088 393 234 484 331
bottle 0.0088 344 276 401 333
bottle 0.0059 484 230 499 296
bottle 0.0057 485 224 500 255
bottle 0.0042 450 141 500 257
bottle 0.0040 466 215 499 260
bottle 0.0029 490 220 500 248
bottle 0.0024 465 160 500 241
bottle 0.0023 310 172 325 210
bottle 0.0021 0 268 16 331
bottle 0.0020 244 212 297 289
bottle 0.0019 0 266 8 335
bottle 0.0016 0 256 39 332
bottle 0.0014 442 226 488 330
bottle 0.0014 465 290 500 333
bottle 0.0013 466 224 492 249
bottle 0.0013 323 230 472 331
bottle 0.0011 461 217 497 289
bottle 0.0011 409 179 493 292
bottle 0.0010 55 139 67 160
chair 0.1308 0 179 109 321
chair 0.0189 97 153 143 183
chair 0.0043 0 114 9 199
chair 0.0030 0 124 91 187
chair 0.0023 99 145 164 179
chair 0.0023 1 124 98 241
chair 0.0021 35 182 135 312
chair 0.0021 4 111 129 302
chair 0.0020 291 241 341 281
chair 0.0020 0 87 69 288
chair 0.0020 0 231 42 331
chair 0.0019 0 212 72 330
chair 0.0018 32 113 390 330
chair 0.0016 87 117 164 228
chair 0.0015 93 154 138 206
chair 0.0015 83 147 183 298
chair 0.0014 0 89 30 287
chair 0.0013 137 125 170 154
chair 0.0012 -1 115 29 198
chair 0.0011 0 90 14 251
chair 0.0011 98 186 522 333
chair 0.0010 0 219 15 330
diningtable 0.2536 -1 261 427 332
diningtable 0.0111 1 183 429 337
diningtable 0.0092 79 229 527 332
diningtable 0.0023 153 275 456 330
diningtable 0.0022 291 183 495 328
horse 0.0437 236 11 496 304
horse 0.0016 310 2 500 222
person 0.8997 97 54 305 293
person 0.0692 0 108 110 306
person 0.0125 1 120 109 215
person 0.0029 298 1 501 308
person 0.0027 457 16 499 300
person 0.0020 0 87 85 198
pottedplant 0.0017 0 83 10 191
pottedplant 0.0013 0 240 15 328
pottedplant 0.0012 77 25 502 299
sofa 0.0162 238 12 496 321
sofa 0.0046 56 48 460 305
tvmonitor 0.0029 1 0 85 36
tvmonitor 0.0015 132 88 178 153
