boat 0.0047 0 24 64 275
boat 0.0042 328 182 431 207
boat 0.0014 74 158 115 255
boat 0.0013 332 184 371 205
bottle 0.0038 166 260 189 309
bottle 0.0031 58 265 97 292
chair 0.0418 183 292 240 374
chair 0.0299 94 264 233 373
chair 0.0276 53 190 232 373
chair 0.0194 446 264 500 375
chair 0.0073 28 290 200 374
chair 0.0068 138 295 234 373
chair 0.0050 211 293 243 376
chair 0.0035 83 295 174 372
chair 0.0024 435 211 499 358
chair 0.0019 41 251 59 280
chair 0.0014 375 241 437 311
chair 0.0013 341 202 440 305
chair 0.0012 0 321 39 375
chair 0.0012 67 173 114 274
chair 0.0011 15 245 35 279
chair 0.0011 0 288 13 371
chair 0.0010 11 246 53 279
diningtable 0.0559 -5 275 162 373
diningtable 0.0021 -1 296 71 373
diningtable 0.0014 0 247 94 375
dog 0.8793 342 303 439 373
person 0.8573 84 172 229 373
person 0.0024 83 160 114 251
pottedplant 0.0031 331 181 432 209
pottedplant 0.0011 0 343 38 375
sofa 0.0319 444 259 500 374
tvmonitor 0.0022 86 201 117 247
tvmonitor 0.0013 80 171 114 265
