bicycle 0.0225 160 139 195 180
bicycle 0.0026 164 132 202 168
bicycle 0.0024 161 147 182 181
bicycle 0.0016 151 139 180 178
bird 0.0020 85 184 372 498
boat 0.0097 22 89 228 321
boat 0.0051 134 129 194 192
boat 0.0047 110 129 222 294
boat 0.0046 162 131 205 171
boat 0.0036 50 95 194 248
boat 0.0032 107 120 218 203
boat 0.0022 81 96 164 188
boat 0.0012 155 127 240 182
boat 0.0011 100 235 370 494
boat 0.0010 96 94 144 144
horse 0.0434 89 333 366 498
horse 0.0041 31 228 377 498
motorbike 0.5484 144 179 222 301
motorbike 0.0012 162 137 209 182
motorbike 0.0011 133 109 269 403
motorbike 0.0010 114 156 219 349
person 0.6978 147 153 221 259
person 0.0864 162 135 186 177
person 0.0288 157 133 202 184
person 0.0119 315 -1 368 66
person 0.0075 117 137 215 280
person 0.0059 166 134 195 166
person 0.0042 154 150 220 211
person 0.0040 231 140 249 188
person 0.0017 152 139 180 178
person 0.0013 98 225 371 496
