bottle 0.0043 336 180 348 221
bottle 0.0028 360 132 368 155
car 0.1114 72 165 109 192
car 0.0034 192 173 215 197
car 0.0025 120 156 190 197
car 0.0014 73 162 99 185
car 0.0010 70 168 119 204
chair 0.2715 0 223 128 331
chair 0.0317 396 227 500 331
chair 0.0084 81 230 128 269
chair 0.0051 350 262 393 281
chair 0.0034 0 220 43 333
chair 0.0029 142 163 190 204
chair 0.0028 329 247 408 279
chair 0.0025 319 191 410 260
chair 0.0025 70 233 137 285
chair 0.0022 329 254 415 296
chair 0.0018 0 216 52 279
chair 0.0018 448 224 499 332
chair 0.0013 8 273 132 333
chair 0.0011 190 173 215 196
chair 0.0011 9 225 139 283
chair 0.0010 19 238 196 330
diningtable 0.2513 23 236 458 333
diningtable 0.0015 79 235 394 300
dog 0.0065 349 262 395 281
person 0.0016 405 137 426 153
person 0.0015 0 202 47 291
person 0.0014 0 194 125 309
pottedplant 0.0133 119 129 145 172
pottedplant 0.0122 123 122 164 169
pottedplant 0.0067 121 128 177 189
pottedplant 0.0051 137 121 164 156
pottedplant 0.0027 88 156 191 204
pottedplant 0.0026 74 120 167 194
pottedplant 0.0014 101 132 146 183
pottedplant 0.0011 73 110 113 140
sofa 0.3134 20 246 461 336
sofa 0.0643 395 228 500 332
sofa 0.0125 0 222 107 331
sofa 0.0029 125 159 192 201
tvmonitor 0.1668 213 155 283 218
tvmonitor 0.0019 286 144 317 167
tvmonitor 0.0013 137 160 191 195
tvmonitor 0.0011 359 199 407 226
