bicycle 0.0161 482 302 500 375
bicycle 0.0026 472 288 500 383
boat 0.0760 151 88 334 334
boat 0.0010 164 119 329 205
bus 0.0978 152 98 333 351
bus 0.0012 157 261 330 361
bus 0.0010 156 187 307 301
car 0.9417 43 263 153 333
car 0.0304 0 257 28 273
car 0.0046 0 253 11 269
car 0.0038 0 259 29 286
car 0.0027 421 261 449 270
diningtable 0.0024 160 278 334 360
horse 0.0011 190 117 314 184
person 0.7461 475 249 499 375
person 0.7161 160 96 217 156
person 0.6936 223 101 274 156
person 0.5864 281 117 331 156
person 0.0814 155 114 207 274
person 0.0518 198 118 262 165
person 0.0496 285 119 332 195
person 0.0479 191 101 241 159
person 0.0382 481 292 500 376
person 0.0355 183 96 222 142
person 0.0327 273 114 310 152
person 0.0145 159 116 218 185
person 0.0124 170 115 240 167
person 0.0118 158 117 203 159
person 0.0080 189 95 218 127
person 0.0070 208 123 248 160
person 0.0068 287 125 332 262
person 0.0066 263 122 302 159
person 0.0064 275 114 297 147
person 0.0060 235 102 300 155
person 0.0053 151 105 253 299
person 0.0047 255 111 302 149
person 0.0045 87 273 97 286
person 0.0044 189 97 280 169
person 0.0044 270 138 300 160
person 0.0040 214 103 259 145
person 0.0032 231 99 274 134
person 0.0031 220 120 245 152
person 0.0025 192 133 244 169
person 0.0021 270 131 325 172
person 0.0021 218 128 274 173
person 0.0020 155 95 260 185
person 0.0020 492 247 499 272
person 0.0020 179 226 199 241
person 0.0019 169 95 213 129
person 0.0016 142 104 315 336
person 0.0014 268 137 332 213
person 0.0014 202 96 237 140
person 0.0013 154 124 197 177
person 0.0010 192 122 312 180
person 0.0010 171 215 199 247
person 0.0010 78 271 94 286
person 0.0010 77 272 106 291
person 0.0010 218 113 241 142
person 0.0010 163 132 204 209
pottedplant 0.0016 282 271 330 332
train 0.0177 155 84 334 327
train 0.0013 158 145 334 236
train 0.0010 158 183 331 282
