bicycle 0.0062 377 133 399 164
bus 0.0017 429 -16 496 286
car 0.0769 423 140 436 155
car 0.0083 421 138 436 150
car 0.0015 380 159 426 236
motorbike 0.6789 160 34 302 318
motorbike 0.5631 282 58 387 253
motorbike 0.0370 322 61 389 195
motorbike 0.0241 183 31 382 281
motorbike 0.0156 153 28 242 289
motorbike 0.0141 375 128 400 165
motorbike 0.0125 273 62 343 233
motorbike 0.0068 352 105 392 166
motorbike 0.0031 173 139 286 320
motorbike 0.0020 381 129 406 158
motorbike 0.0018 382 181 425 232
motorbike 0.0013 369 120 392 165
motorbike 0.0012 150 109 206 188
motorbike 0.0011 153 96 241 197
motorbike 0.0010 163 113 229 292
motorbike 0.0010 309 98 393 222
motorbike 0.0010 377 141 394 165
person 0.1137 154 27 285 297
person 0.0054 340 61 388 164
person 0.0045 170 25 247 193
person 0.0021 400 134 410 152
person 0.0015 186 33 237 128
person 0.0010 403 139 414 153
sheep 0.0021 381 188 421 235
