bird 0.6732 74 133 133 183
bird 0.6392 203 149 242 182
bird 0.0508 73 134 245 184
bird 0.0083 204 129 253 179
bird 0.0051 77 143 250 222
bird 0.0049 7 133 133 186
bird 0.0040 73 135 134 243
bird 0.0030 0 124 12 188
bird 0.0027 203 144 242 216
bird 0.0027 0 146 155 331
bird 0.0016 278 129 317 150
bird 0.0013 250 139 281 149
bottle 0.0045 442 150 477 178
car 0.0029 441 150 476 178
car 0.0014 51 129 511 335
dog 0.8123 407 118 440 181
dog 0.0082 401 118 471 181
dog 0.0030 427 134 480 178
dog 0.0015 399 121 427 180
sofa 0.0035 18 155 504 336
