bicycle 0.0013 236 157 289 196
bus 0.1939 89 131 284 278
bus 0.1044 136 176 217 271
bus 0.0507 142 186 192 263
bus 0.0087 0 130 69 344
bus 0.0040 80 164 222 305
bus 0.0028 73 148 190 243
bus 0.0021 171 159 283 295
motorbike 0.6929 166 214 276 388
motorbike 0.0016 148 216 197 335
person 0.5746 173 193 273 377
person 0.2455 148 193 183 272
person 0.0575 194 190 273 301
person 0.0181 90 146 292 317
person 0.0113 147 191 194 331
person 0.0056 191 191 261 253
person 0.0040 155 193 200 254
person 0.0036 223 191 282 369
person 0.0033 133 166 192 259
person 0.0028 248 195 292 333
person 0.0015 146 185 173 252
person 0.0012 228 196 286 296
person 0.0012 140 187 260 328
