bicycle 0.0030 298 190 333 231
bottle 0.1859 234 1 332 253
bottle 0.0016 286 19 333 243
pottedplant 0.7946 128 168 183 233
pottedplant 0.7727 127 64 183 124
pottedplant 0.7226 130 292 184 349
pottedplant 0.5630 118 350 214 474
pottedplant 0.3198 131 484 191 499
pottedplant 0.2531 113 272 176 347
pottedplant 0.2089 233 1 333 246
pottedplant 0.1643 107 255 155 342
pottedplant 0.1372 138 266 189 305
pottedplant 0.0737 223 32 261 76
pottedplant 0.0489 148 482 211 500
pottedplant 0.0413 108 254 150 302
pottedplant 0.0375 195 484 248 499
pottedplant 0.0333 112 259 186 311
pottedplant 0.0330 164 477 245 499
pottedplant 0.0253 204 472 262 500
pottedplant 0.0200 202 458 329 499
pottedplant 0.0174 136 490 211 499
pottedplant 0.0157 258 236 286 269
pottedplant 0.0137 218 18 276 76
pottedplant 0.0137 133 464 218 500
pottedplant 0.0106 133 42 185 84
pottedplant 0.0095 137 57 187 78
pottedplant 0.0094 123 347 311 494
pottedplant 0.0085 112 281 237 464
pottedplant 0.0075 107 486 174 499
pottedplant 0.0071 156 357 234 496
pottedplant 0.0065 202 489 238 499
pottedplant 0.0064 128 146 166 207
pottedplant 0.0061 198 480 296 500
pottedplant 0.0060 134 141 180 188
pottedplant 0.0058 184 455 273 500
pottedplant 0.0050 143 274 172 305
pottedplant 0.0049 149 65 196 119
pottedplant 0.0047 199 491 264 499
pottedplant 0.0045 141 147 182 169
pottedplant 0.0045 295 195 331 235
pottedplant 0.0043 110 267 194 415
pottedplant 0.0040 125 66 158 120
pottedplant 0.0040 132 386 180 468
pottedplant 0.0036 132 329 185 376
pottedplant 0.0036 127 33 172 77
pottedplant 0.0034 235 346 278 389
pottedplant 0.0031 138 485 167 500
pottedplant 0.0031 218 0 327 63
pottedplant 0.0030 164 489 200 499
pottedplant 0.0030 160 449 240 500
pottedplant 0.0030 187 306 226 358
pottedplant 0.0030 81 268 100 297
pottedplant 0.0028 127 165 159 188
pottedplant 0.0027 215 404 331 497
pottedplant 0.0027 64 289 87 318
pottedplant 0.0025 172 488 242 499
pottedplant 0.0025 156 61 189 97
pottedplant 0.0024 167 61 201 114
pottedplant 0.0023 62 277 94 318
pottedplant 0.0023 106 238 193 327
pottedplant 0.0022 267 465 332 499
pottedplant 0.0022 156 168 185 230
pottedplant 0.0022 158 61 185 79
pottedplant 0.0022 174 483 200 500
pottedplant 0.0021 121 282 214 375
pottedplant 0.0021 219 341 295 423
pottedplant 0.0021 185 481 227 500
pottedplant 0.0021 139 163 157 185
pottedplant 0.0021 118 314 185 395
pottedplant 0.0020 182 413 239 494
pottedplant 0.0020 93 69 119 115
pottedplant 0.0020 212 34 248 77
pottedplant 0.0020 139 275 193 330
pottedplant 0.0019 124 167 159 228
pottedplant 0.0019 122 331 238 411
pottedplant 0.0017 136 62 159 74
pottedplant 0.0016 138 59 185 102
pottedplant 0.0016 136 33 179 63
pottedplant 0.0015 91 50 112 109
pottedplant 0.0014 232 342 299 381
pottedplant 0.0013 217 0 331 30
pottedplant 0.0013 122 268 167 310
pottedplant 0.0013 166 301 227 369
pottedplant 0.0013 254 0 306 17
pottedplant 0.0013 194 404 230 479
pottedplant 0.0013 136 146 162 185
pottedplant 0.0013 100 69 138 118
pottedplant 0.0013 128 36 153 72
pottedplant 0.0012 142 255 184 295
pottedplant 0.0012 83 257 144 349
pottedplant 0.0012 135 146 167 164
pottedplant 0.0012 153 149 178 167
pottedplant 0.0012 135 341 180 367
pottedplant 0.0012 207 7 307 95
pottedplant 0.0012 151 268 195 295
pottedplant 0.0012 197 470 230 500
pottedplant 0.0011 146 35 172 55
pottedplant 0.0011 98 371 109 392
pottedplant 0.0011 193 312 257 370
pottedplant 0.0010 216 481 259 499
pottedplant 0.0010 273 485 330 499
pottedplant 0.0010 235 482 331 499
pottedplant 0.0010 97 81 127 121
pottedplant 0.0010 184 57 204 116
pottedplant 0.0010 194 319 277 403
pottedplant 0.0010 126 44 155 91
pottedplant 0.0010 124 401 241 501
pottedplant 0.0010 285 11 334 120
