boat 0.0043 217 12 246 32
cow 0.4831 0 115 145 266
cow 0.3185 61 96 292 247
cow 0.2378 203 121 447 297
cow 0.0882 117 87 151 106
cow 0.0339 167 112 349 286
cow 0.0337 0 85 154 198
cow 0.0300 70 86 152 107
cow 0.0271 314 136 478 318
cow 0.0202 37 103 415 307
cow 0.0187 -1 108 67 263
cow 0.0171 6 86 150 113
cow 0.0144 197 83 304 125
cow 0.0136 99 90 159 112
cow 0.0107 61 127 140 264
cow 0.0097 8 87 183 135
cow 0.0056 397 123 479 200
cow 0.0053 362 120 480 264
cow 0.0044 0 94 35 275
cow 0.0030 45 123 199 271
cow 0.0027 59 83 290 112
cow 0.0027 301 139 431 269
cow 0.0021 0 92 17 279
cow 0.0020 96 84 310 133
cow 0.0020 0 89 45 200
cow 0.0018 402 160 479 315
cow 0.0018 0 84 66 152
cow 0.0018 111 86 392 215
cow 0.0018 16 88 63 110
cow 0.0016 109 86 177 104
cow 0.0015 21 93 284 161
cow 0.0013 0 84 61 119
cow 0.0011 323 129 434 219
cow 0.0010 175 91 315 204
dog 0.0032 323 196 479 346
person 0.0047 392 123 478 208
person 0.0021 29 90 61 109
person 0.0017 319 101 479 263
person 0.0016 0 85 63 120
sheep 0.0052 118 88 153 105
sheep 0.0010 59 94 139 109
train 0.0013 0 83 152 111
