bottle 0.0786 456 211 488 262
bottle 0.0205 457 157 494 305
bottle 0.0072 437 197 487 266
bottle 0.0048 457 218 478 254
bottle 0.0016 453 204 483 242
person 0.8744 0 101 94 354
person 0.8667 384 189 482 366
person 0.8504 72 105 159 357
person 0.7916 133 175 225 358
person 0.7690 352 100 424 236
person 0.7667 293 203 389 343
person 0.7531 280 37 341 131
person 0.6620 179 122 235 351
person 0.6377 129 53 203 200
person 0.6368 256 120 322 337
person 0.6335 42 50 122 143
person 0.6240 217 121 276 342
person 0.5899 413 87 497 249
person 0.5346 302 113 365 236
person 0.5146 210 66 285 170
person 0.2373 393 90 495 348
person 0.1501 332 54 390 203
person 0.1388 85 51 180 146
person 0.1329 339 103 423 332
person 0.1301 345 52 390 145
person 0.0981 217 68 304 290
person 0.0903 293 107 371 334
person 0.0894 271 170 354 338
person 0.0720 58 51 154 167
person 0.0559 134 53 196 127
person 0.0552 306 192 438 359
person 0.0520 438 97 502 341
person 0.0396 228 61 322 182
person 0.0343 141 98 224 248
person 0.0335 43 93 111 160
person 0.0324 274 39 347 190
person 0.0271 47 68 132 222
person 0.0229 43 97 130 320
person 0.0215 271 111 331 277
person 0.0206 397 85 487 189
person 0.0184 61 49 118 108
person 0.0177 174 115 230 245
person 0.0156 360 88 477 245
person 0.0141 341 57 431 206
person 0.0141 98 52 161 119
person 0.0140 105 86 183 267
person 0.0122 142 52 187 90
person 0.0116 46 102 94 146
person 0.0116 0 125 20 360
person 0.0114 454 165 498 311
person 0.0111 113 168 187 360
person 0.0105 143 84 294 216
person 0.0098 313 51 401 150
person 0.0090 152 116 262 308
person 0.0090 367 75 452 194
person 0.0078 212 68 270 120
person 0.0069 42 99 104 254
person 0.0063 242 74 313 238
person 0.0059 367 59 442 146
person 0.0053 58 57 206 229
person 0.0048 472 81 501 334
person 0.0045 159 63 277 161
person 0.0042 117 99 171 213
person 0.0040 323 107 384 214
person 0.0039 288 125 343 302
person 0.0038 329 183 406 335
person 0.0038 125 53 161 86
person 0.0036 288 37 386 132
person 0.0034 265 121 318 220
person 0.0033 357 57 388 126
person 0.0032 262 86 349 229
person 0.0030 0 105 43 351
person 0.0030 390 202 489 273
person 0.0026 163 122 222 201
person 0.0025 487 70 499 217
person 0.0021 390 78 460 141
person 0.0021 292 54 371 204
person 0.0020 137 55 173 113
person 0.0018 225 65 287 130
person 0.0017 98 54 164 197
person 0.0016 472 76 500 213
person 0.0016 292 202 348 288
person 0.0016 209 127 262 269
person 0.0016 303 127 343 214
person 0.0015 132 179 208 267
person 0.0013 4 53 106 150
person 0.0012 481 165 499 367
person 0.0011 363 188 452 338
person 0.0011 221 221 365 346
person 0.0011 194 85 253 146
person 0.0010 490 65 500 105
person 0.0010 381 80 426 127
person 0.0010 214 97 279 241
person 0.0010 134 53 156 80
person 0.0010 126 48 251 230
