boat 0.0816 0 77 17 98
boat 0.0237 281 61 389 91
boat 0.0189 416 55 491 87
boat 0.0093 417 75 477 90
boat 0.0075 0 44 20 100
boat 0.0044 295 72 386 93
boat 0.0037 -25 131 456 346
boat 0.0029 1 7 73 167
boat 0.0028 0 66 24 106
boat 0.0026 39 69 229 100
boat 0.0025 421 73 495 97
boat 0.0022 204 59 385 93
boat 0.0021 281 64 485 95
boat 0.0019 426 47 497 109
boat 0.0018 6 48 207 111
boat 0.0016 461 76 496 92
boat 0.0015 -1 22 215 161
boat 0.0014 -29 21 457 286
boat 0.0012 419 66 464 88
boat 0.0011 15 39 407 107
boat 0.0011 65 62 86 72
boat 0.0010 56 76 181 97
bottle 0.0039 102 241 200 374
bottle 0.0028 83 209 161 306
bottle 0.0017 10 162 170 332
bottle 0.0012 44 211 136 278
bottle 0.0010 83 221 134 273
bottle 0.0010 126 274 181 373
chair 0.0989 182 135 417 375
chair 0.0217 85 235 337 377
chair 0.0145 133 258 286 373
chair 0.0054 -1 135 381 376
chair 0.0011 140 254 482 376
person 0.6911 210 134 425 373
person 0.6392 0 175 163 376
person 0.3537 84 202 203 372
person 0.0157 45 179 386 375
person 0.0150 332 199 433 375
person 0.0077 481 304 500 377
person 0.0049 0 176 45 376
person 0.0030 83 175 182 315
person 0.0029 105 242 183 376
person 0.0026 471 217 500 379
person 0.0026 212 132 357 302
person 0.0022 485 234 499 378
person 0.0019 83 120 455 300
person 0.0017 87 198 179 263
person 0.0013 481 339 500 375
person 0.0013 2 187 91 369
person 0.0011 107 189 279 377
person 0.0010 0 176 15 385
sofa 0.1070 81 136 436 376
tvmonitor 0.0010 173 259 438 376
