bottle 0.3001 118 129 153 164
bottle 0.0442 379 181 404 261
bottle 0.0413 0 149 46 372
bottle 0.0306 2 -3 270 363
bottle 0.0178 371 188 393 270
bottle 0.0110 370 206 386 278
bottle 0.0100 377 118 414 317
bottle 0.0088 0 180 45 287
bottle 0.0086 56 56 209 344
bottle 0.0080 110 100 168 201
bottle 0.0054 0 140 22 352
bottle 0.0035 0 157 15 285
bottle 0.0033 373 185 410 289
bottle 0.0031 81 76 191 262
bottle 0.0028 211 101 230 180
bottle 0.0022 184 293 278 374
bottle 0.0021 104 122 151 180
bottle 0.0019 0 184 13 257
bottle 0.0018 1 203 39 253
bottle 0.0017 367 165 419 351
bottle 0.0014 214 87 228 159
bottle 0.0013 364 191 392 322
bottle 0.0013 0 167 7 248
bottle 0.0012 350 169 408 292
bottle 0.0011 173 217 286 374
chair 0.0123 74 138 394 376
chair 0.0065 54 128 226 374
chair 0.0047 219 163 385 371
chair 0.0015 -2 171 171 373
diningtable 0.0014 -3 170 174 373
person 0.8805 372 -6 497 379
person 0.7047 0 -6 109 375
person 0.5783 141 8 384 375
person 0.4026 291 18 337 106
person 0.1551 371 -1 438 131
person 0.1252 293 18 335 66
person 0.1021 0 12 214 372
person 0.0750 0 171 47 374
person 0.0650 0 1 46 359
person 0.0121 275 25 323 109
person 0.0121 465 60 499 383
person 0.0082 482 68 500 374
person 0.0073 169 35 207 105
person 0.0071 277 26 307 85
person 0.0070 370 0 499 170
person 0.0068 0 -1 105 197
person 0.0059 0 191 24 375
person 0.0058 280 29 302 59
person 0.0052 0 47 24 339
person 0.0046 255 19 343 117
person 0.0042 137 31 203 105
person 0.0042 176 14 373 224
person 0.0039 286 23 317 61
person 0.0024 341 0 454 316
person 0.0024 363 0 439 230
person 0.0021 275 0 472 363
person 0.0021 301 20 328 55
person 0.0021 131 38 173 105
person 0.0017 435 45 497 375
person 0.0016 0 141 83 382
person 0.0014 55 93 246 360
person 0.0013 0 265 33 374
person 0.0012 163 19 227 107
person 0.0012 0 8 36 238
person 0.0012 205 44 230 101
person 0.0011 204 5 335 137
