cat 0.2761 297 79 451 284
cat 0.0964 313 86 415 143
cat 0.0257 118 65 483 326
cat 0.0201 0 210 20 353
cat 0.0079 0 251 19 320
cat 0.0075 34 128 404 375
cat 0.0052 309 61 499 367
chair 0.0041 91 1 171 158
chair 0.0035 284 71 427 175
chair 0.0027 376 31 499 328
chair 0.0013 207 37 435 226
chair 0.0010 168 7 220 90
chair 0.0010 139 4 230 138
dog 0.2936 55 160 499 380
dog 0.0174 97 70 463 293
dog 0.0073 0 249 21 368
dog 0.0020 94 91 336 262
dog 0.0017 44 98 346 363
person 0.0176 0 0 28 84
person 0.0024 0 149 17 343
person 0.0011 0 6 7 87
pottedplant 0.4699 169 2 212 42
pottedplant 0.2808 186 2 240 39
pottedplant 0.1196 139 1 177 37
pottedplant 0.0478 142 0 201 41
pottedplant 0.0347 206 0 251 39
pottedplant 0.0238 176 1 245 61
pottedplant 0.0135 127 0 171 27
pottedplant 0.0058 205 2 250 81
pottedplant 0.0049 134 2 185 64
pottedplant 0.0034 168 1 222 82
pottedplant 0.0033 113 0 172 83
pottedplant 0.0020 201 2 230 36
pottedplant 0.0014 137 -1 243 75
pottedplant 0.0013 194 -2 232 73
pottedplant 0.0011 227 1 251 28
tvmonitor 0.2302 0 0 48 97
tvmonitor 0.0136 0 -1 80 114
tvmonitor 0.0064 0 29 34 95
tvmonitor 0.0032 0 9 42 175
tvmonitor 0.0028 0 -1 28 77
tvmonitor 0.0015 0 88 47 170
