chair 0.7972 259 76 411 326
chair 0.7520 109 70 251 292
chair 0.3305 118 27 190 77
chair 0.3034 0 67 47 178
chair 0.2800 280 32 346 87
chair 0.2493 89 71 186 194
chair 0.1535 266 38 356 234
chair 0.0645 109 24 209 186
chair 0.0572 114 25 198 115
chair 0.0364 184 49 379 259
chair 0.0238 149 43 289 226
chair 0.0200 329 73 420 243
chair 0.0159 0 64 45 286
chair 0.0103 0 7 39 114
chair 0.0091 440 56 499 195
chair 0.0084 88 73 151 155
chair 0.0055 290 35 418 219
chair 0.0055 277 19 352 146
chair 0.0052 61 63 126 149
chair 0.0052 1 41 118 183
chair 0.0035 0 69 122 330
chair 0.0028 82 84 318 335
chair 0.0027 479 53 500 272
chair 0.0025 319 26 460 145
chair 0.0023 193 35 333 194
chair 0.0023 0 19 25 173
chair 0.0019 308 46 416 131
chair 0.0019 148 30 188 74
chair 0.0019 63 31 168 155
chair 0.0018 344 54 409 84
chair 0.0018 0 21 71 169
chair 0.0018 2 59 80 264
chair 0.0018 443 48 500 324
chair 0.0018 437 97 481 190
chair 0.0018 0 9 16 109
chair 0.0017 113 74 201 246
chair 0.0017 0 8 28 83
chair 0.0017 39 64 135 180
chair 0.0016 320 22 498 226
chair 0.0013 0 168 167 333
chair 0.0013 3 2 109 100
chair 0.0012 0 122 67 333
chair 0.0010 55 109 111 151
chair 0.0010 46 93 116 167
diningtable 0.7207 109 56 411 328
diningtable 0.0013 164 69 325 321
person 0.0018 0 11 15 77
person 0.0015 0 6 9 70
pottedplant 0.1000 210 36 274 100
pottedplant 0.0080 171 35 299 190
