cat 0.0051 156 279 203 401
person 0.0024 157 283 202 404
pottedplant 0.8565 227 424 302 499
pottedplant 0.7030 325 388 374 486
pottedplant 0.1632 283 445 355 500
pottedplant 0.0845 319 299 374 489
pottedplant 0.0820 103 460 185 498
pottedplant 0.0526 110 473 226 500
pottedplant 0.0294 141 -8 376 483
pottedplant 0.0259 122 481 190 499
pottedplant 0.0226 2 426 136 498
pottedplant 0.0206 277 267 373 483
pottedplant 0.0163 243 431 366 499
pottedplant 0.0160 250 324 357 446
pottedplant 0.0137 237 346 329 464
pottedplant 0.0136 93 451 155 497
pottedplant 0.0111 300 467 373 501
pottedplant 0.0094 110 459 167 487
pottedplant 0.0087 95 477 170 499
pottedplant 0.0070 48 456 162 499
pottedplant 0.0068 6 386 181 498
pottedplant 0.0063 105 442 159 486
pottedplant 0.0063 110 411 189 487
pottedplant 0.0059 285 475 354 499
pottedplant 0.0052 131 487 210 499
pottedplant 0.0049 233 330 375 507
pottedplant 0.0047 42 40 323 471
pottedplant 0.0043 234 464 293 498
pottedplant 0.0037 335 476 372 500
pottedplant 0.0030 308 428 375 499
pottedplant 0.0029 160 279 204 400
pottedplant 0.0029 273 457 319 499
pottedplant 0.0027 212 341 310 497
pottedplant 0.0026 109 489 183 499
pottedplant 0.0026 153 474 251 500
pottedplant 0.0024 246 477 340 500
pottedplant 0.0024 60 482 153 500
pottedplant 0.0023 300 348 371 469
pottedplant 0.0022 165 333 243 490
pottedplant 0.0020 176 286 336 492
pottedplant 0.0018 126 453 162 484
pottedplant 0.0018 268 362 332 450
pottedplant 0.0016 238 186 376 496
pottedplant 0.0016 73 428 187 498
pottedplant 0.0016 140 489 178 499
pottedplant 0.0016 142 451 239 500
pottedplant 0.0015 265 391 379 499
pottedplant 0.0014 258 421 320 498
pottedplant 0.0014 104 351 197 487
pottedplant 0.0013 118 134 217 409
pottedplant 0.0012 251 326 318 422
pottedplant 0.0012 137 389 194 473
pottedplant 0.0011 14 468 143 501
pottedplant 0.0011 185 480 244 499
pottedplant 0.0011 139 290 261 492
pottedplant 0.0011 121 460 148 485
pottedplant 0.0010 64 125 98 155
