bird 0.0102 0 2 86 250
bird 0.0010 0 22 47 266
bird 0.0010 4 3 220 247
cat 0.3794 165 10 330 237
cat 0.0318 223 0 336 195
cat 0.0295 182 -3 496 298
cat 0.0244 122 43 380 274
cat 0.0164 8 6 335 244
cat 0.0045 -16 -1 514 381
cat 0.0037 215 0 445 204
cat 0.0011 190 75 338 209
diningtable 0.0061 18 23 501 362
person 0.0010 -1 0 75 115
pottedplant 0.0368 218 0 494 303
pottedplant 0.0057 227 -3 384 175
pottedplant 0.0024 2 1 328 237
pottedplant 0.0022 178 -6 325 179
pottedplant 0.0014 223 8 272 117
pottedplant 0.0013 230 2 351 114
pottedplant 0.0012 202 0 294 115
pottedplant 0.0012 370 -6 499 302
