bicycle 0.0318 221 30 292 82
bottle 0.0031 422 304 439 346
bottle 0.0013 420 303 437 382
chair 0.2649 0 270 142 383
chair 0.0035 0 210 32 371
chair 0.0010 488 224 500 375
person 0.4938 0 275 141 383
person 0.1185 0 288 79 382
person 0.0113 72 87 445 350
person 0.0090 0 225 42 381
person 0.0015 263 45 291 81
pottedplant 0.3241 3 83 147 226
pottedplant 0.1621 -10 42 206 237
pottedplant 0.0440 13 197 71 273
pottedplant 0.0383 0 33 93 224
pottedplant 0.0322 71 70 192 126
pottedplant 0.0235 152 94 273 230
pottedplant 0.0214 58 71 201 191
pottedplant 0.0213 26 114 105 221
pottedplant 0.0210 0 31 66 168
pottedplant 0.0195 56 117 132 159
pottedplant 0.0158 16 222 60 271
pottedplant 0.0146 251 95 377 226
pottedplant 0.0143 41 149 92 221
pottedplant 0.0131 8 148 91 274
pottedplant 0.0121 48 175 83 221
pottedplant 0.0086 98 93 366 240
pottedplant 0.0069 28 86 454 342
pottedplant 0.0068 -1 211 63 378
pottedplant 0.0059 8 78 304 267
pottedplant 0.0037 13 156 81 218
pottedplant 0.0030 314 96 382 228
pottedplant 0.0029 0 221 34 381
pottedplant 0.0026 9 96 171 170
pottedplant 0.0023 14 205 53 236
pottedplant 0.0016 37 170 63 211
pottedplant 0.0015 5 202 61 309
pottedplant 0.0015 17 193 61 226
pottedplant 0.0013 -7 167 117 338
pottedplant 0.0012 6 204 35 246
pottedplant 0.0012 10 162 55 209
pottedplant 0.0012 5 131 61 238
pottedplant 0.0011 83 116 144 155
pottedplant 0.0010 29 176 78 225
sofa 0.7699 119 224 451 364
sofa 0.0243 -1 254 144 384
sofa 0.0031 0 210 31 370
sofa 0.0022 18 131 468 384
tvmonitor 0.1188 6 267 140 383
