bird 0.8332 460 133 500 232
bird 0.7752 25 193 75 281
bird 0.7325 56 276 113 330
bird 0.0196 113 104 274 300
bird 0.0132 24 124 113 234
bird 0.0115 19 78 136 279
bird 0.0078 53 275 85 327
bird 0.0074 38 150 99 210
bird 0.0051 70 277 110 312
bird 0.0044 461 132 496 158
bird 0.0029 59 275 96 305
bird 0.0017 2 110 88 283
bird 0.0016 459 133 498 184
bird 0.0016 18 177 111 283
bird 0.0014 0 187 14 258
bird 0.0013 464 122 499 167
bird 0.0010 458 136 476 159
cat 0.3145 255 113 399 297
cat 0.0026 131 92 294 302
dog 0.1316 257 117 395 299
sheep 0.7742 96 33 242 137
sheep 0.5152 1 77 127 223
sheep 0.4563 111 92 283 296
sheep 0.3366 256 115 400 297
sheep 0.1300 5 10 118 102
sheep 0.0851 0 53 38 121
sheep 0.0441 0 44 35 230
sheep 0.0296 6 3 214 103
sheep 0.0116 2 19 228 173
sheep 0.0116 37 135 100 211
sheep 0.0111 101 29 263 222
sheep 0.0088 244 94 325 156
sheep 0.0068 275 101 324 151
sheep 0.0046 0 73 20 243
sheep 0.0042 0 3 31 106
sheep 0.0040 0 -3 16 68
sheep 0.0034 -6 61 207 250
sheep 0.0033 230 84 288 160
sheep 0.0031 92 38 200 265
sheep 0.0023 236 81 327 212
sheep 0.0023 -2 20 48 122
sheep 0.0020 17 99 95 238
sheep 0.0019 -2 -3 123 194
sheep 0.0018 0 29 20 124
sheep 0.0016 103 0 224 70
sheep 0.0014 234 31 261 62
sheep 0.0013 0 1 77 80
sheep 0.0011 253 70 378 235
sheep 0.0011 0 36 91 162
sheep 0.0011 339 112 394 162
sheep 0.0010 460 -2 500 153
sheep 0.0010 -1 74 53 282
