boat 0.0244 -3 141 502 351
horse 0.5511 121 133 169 223
horse 0.4989 177 137 224 215
horse 0.4049 272 160 304 209
horse 0.2471 253 155 278 210
horse 0.1688 227 162 254 215
horse 0.0517 251 148 297 210
horse 0.0049 227 157 276 214
horse 0.0048 141 146 175 224
horse 0.0027 179 154 210 219
horse 0.0026 183 140 344 231
horse 0.0022 193 148 231 219
horse 0.0017 154 146 183 224
horse 0.0016 93 134 187 230
horse 0.0015 275 158 304 187
person 0.7143 178 127 225 182
person 0.6101 122 122 164 194
person 0.2531 255 137 278 175
person 0.0387 254 134 278 209
person 0.0143 412 185 422 206
person 0.0126 177 127 208 165
person 0.0117 469 183 479 207
person 0.0063 128 124 161 160
person 0.0038 92 180 109 226
person 0.0019 409 181 424 215
person 0.0018 187 130 255 187
person 0.0017 407 187 420 238
person 0.0017 365 170 377 198
person 0.0014 192 132 221 170
