boat 0.0379 6 -1 497 350
bus 0.0031 428 335 498 374
bus 0.0016 459 341 499 375
bus 0.0012 226 310 507 373
bus 0.0012 491 357 500 374
bus 0.0011 350 328 498 374
car 0.9144 0 281 85 372
car 0.0467 180 306 260 338
car 0.0050 177 311 257 359
car 0.0020 178 366 204 376
car 0.0019 177 305 213 331
car 0.0017 180 299 239 331
car 0.0014 460 280 499 339
car 0.0012 183 306 311 353
person 0.0018 46 283 63 308
person 0.0017 0 285 31 311
person 0.0015 70 182 91 247
person 0.0014 379 359 389 374
person 0.0012 2 278 38 336
person 0.0011 0 284 14 313
train 0.0109 179 264 493 336
train 0.0068 0 -6 494 327
train 0.0032 166 284 482 364
train 0.0025 1 71 130 141
train 0.0011 42 73 135 113
