chair 0.0616 227 144 259 228
chair 0.0108 0 65 62 375
chair 0.0104 246 142 282 211
chair 0.0086 0 69 139 372
chair 0.0055 127 81 232 236
chair 0.0026 -3 174 224 374
chair 0.0025 148 241 221 375
chair 0.0021 249 89 307 269
chair 0.0021 241 128 289 246
chair 0.0017 222 102 299 360
chair 0.0017 232 139 270 206
chair 0.0011 0 159 43 377
chair 0.0010 181 111 260 239
person 0.7059 0 6 169 376
person 0.4742 226 67 261 135
person 0.3219 250 -1 403 349
person 0.2705 314 95 392 320
person 0.1178 358 23 499 383
person 0.0856 0 10 50 353
person 0.0403 464 77 499 375
person 0.0335 111 68 156 175
person 0.0245 437 25 499 374
person 0.0179 225 69 261 212
person 0.0166 114 74 229 231
person 0.0156 291 9 462 381
person 0.0145 226 68 256 103
person 0.0123 79 48 241 372
person 0.0092 113 72 201 177
person 0.0065 255 77 330 335
person 0.0052 176 67 189 88
person 0.0049 0 39 15 328
person 0.0048 235 66 274 141
person 0.0027 44 26 189 228
person 0.0024 334 102 421 353
person 0.0020 376 2 429 79
person 0.0015 479 37 500 333
person 0.0015 93 38 161 168
person 0.0014 0 39 7 117
person 0.0014 152 74 262 224
person 0.0014 107 49 161 258
person 0.0012 22 1 134 101
person 0.0012 357 -10 447 305
person 0.0011 349 0 385 34
person 0.0011 350 1 398 86
person 0.0010 112 71 156 117
person 0.0010 485 -5 499 251
pottedplant 0.0034 217 152 296 357
tvmonitor 0.0013 394 16 502 222
