bottle 0.0123 339 234 377 289
bottle 0.0017 371 162 419 309
chair 0.0165 0 144 139 324
chair 0.0116 0 190 77 335
chair 0.0109 378 150 498 327
chair 0.0087 0 59 50 306
dog 0.3566 56 171 377 333
dog 0.0022 143 174 287 268
horse 0.0617 436 140 499 332
horse 0.0241 377 157 500 331
person 0.4409 60 81 300 337
person 0.0558 124 172 381 334
person 0.0370 439 84 499 332
person 0.0238 0 51 44 229
person 0.0098 65 71 502 318
person 0.0082 0 59 57 330
person 0.0056 383 160 499 333
person 0.0041 0 53 16 317
person 0.0029 124 81 298 250
person 0.0020 13 100 217 316
person 0.0011 -3 4 126 269
pottedplant 0.3238 45 128 141 202
pottedplant 0.0219 4 115 146 289
pottedplant 0.0023 39 64 142 219
tvmonitor 0.0014 70 73 502 250
