bus 0.8655 219 91 347 220
bus 0.0019 234 93 464 214
bus 0.0010 292 150 429 244
car 0.8690 303 186 403 246
car 0.8649 0 157 124 258
car 0.3519 470 171 499 190
car 0.3246 444 175 476 193
car 0.2114 197 167 221 180
car 0.1993 435 172 472 187
car 0.1462 454 172 497 194
car 0.1077 150 170 178 184
car 0.0867 430 171 462 184
car 0.0316 489 175 500 190
car 0.0294 477 177 500 191
car 0.0188 466 177 494 192
car 0.0167 453 180 475 197
car 0.0148 492 179 500 192
car 0.0108 160 167 191 182
car 0.0099 471 164 499 185
car 0.0096 456 176 484 192
car 0.0092 433 166 471 181
car 0.0089 128 168 178 185
car 0.0076 183 165 214 181
car 0.0056 420 169 452 182
car 0.0051 174 166 198 181
car 0.0049 436 166 488 187
car 0.0033 450 173 473 186
car 0.0023 447 166 469 179
car 0.0020 1 154 128 209
car 0.0016 205 166 227 180
car 0.0015 465 151 499 188
car 0.0015 196 159 223 178
car 0.0012 443 157 494 183
car 0.0011 168 164 209 183
car 0.0011 286 152 434 241
car 0.0011 151 163 183 181
