bottle 0.0012 0 216 12 372
chair 0.0318 20 189 91 291
chair 0.0130 16 166 149 327
chair 0.0073 0 175 34 307
chair 0.0042 10 183 60 285
chair 0.0039 0 190 62 358
chair 0.0020 0 186 20 355
chair 0.0011 0 214 34 368
diningtable 0.6865 138 177 498 374
diningtable 0.0017 20 112 454 349
person 0.7987 287 58 400 209
person 0.6673 175 97 245 186
person 0.6400 377 74 462 248
person 0.5691 438 40 498 270
person 0.5429 33 75 203 319
person 0.4786 261 88 319 162
person 0.3110 230 89 316 181
person 0.1611 3 279 152 374
person 0.0663 190 97 248 152
person 0.0281 77 74 227 224
person 0.0237 263 83 341 194
person 0.0216 391 60 495 292
person 0.0167 394 71 459 170
person 0.0145 453 83 500 377
person 0.0131 305 64 460 242
person 0.0108 270 84 339 140
person 0.0082 0 80 18 284
person 0.0058 14 102 143 300
person 0.0054 81 92 260 307
person 0.0053 472 39 500 298
person 0.0049 0 156 32 295
person 0.0048 136 90 249 231
person 0.0044 401 76 444 144
person 0.0038 440 41 499 157
person 0.0038 181 95 296 177
person 0.0036 281 68 355 175
person 0.0034 4 182 156 377
person 0.0032 54 86 127 209
person 0.0030 3 142 61 273
person 0.0024 0 8 16 230
person 0.0023 238 84 375 217
person 0.0023 -1 279 77 373
person 0.0022 161 79 262 166
person 0.0021 395 33 496 178
person 0.0019 267 87 315 127
person 0.0019 61 94 108 173
person 0.0017 0 78 11 239
person 0.0016 27 77 167 220
person 0.0015 0 191 17 373
person 0.0013 0 139 23 246
person 0.0013 300 70 341 131
person 0.0012 413 94 501 390
person 0.0012 147 95 225 192
person 0.0011 41 163 64 205
person 0.0010 19 102 400 359
person 0.0010 22 158 65 235
person 0.0010 0 267 34 372
tvmonitor 0.0011 32 77 69 111
