boat 0.0982 142 160 168 193
boat 0.0196 229 151 264 195
boat 0.0148 326 151 363 185
boat 0.0023 0 77 46 169
boat 0.0022 143 147 179 192
boat 0.0017 333 159 356 188
boat 0.0017 196 157 222 195
boat 0.0014 0 174 11 208
boat 0.0012 224 149 289 201
boat 0.0010 251 147 286 193
car 0.7525 199 143 236 168
car 0.6733 321 134 380 168
car 0.5690 151 144 188 169
car 0.5164 423 142 490 165
car 0.5013 44 141 104 168
car 0.4032 100 144 158 169
car 0.3643 476 146 500 166
car 0.1964 1 142 55 169
car 0.1759 408 145 449 164
car 0.1601 297 143 339 168
car 0.0889 246 143 269 166
car 0.0660 234 143 269 175
car 0.0609 378 146 439 167
car 0.0580 66 145 110 170
car 0.0425 375 146 408 166
car 0.0201 229 145 256 166
car 0.0161 135 145 157 167
car 0.0151 194 141 242 185
car 0.0149 453 143 500 167
car 0.0140 63 142 138 168
car 0.0127 143 151 174 190
car 0.0113 0 143 17 170
car 0.0108 130 144 175 171
car 0.0100 360 138 423 163
car 0.0098 136 162 167 191
car 0.0088 0 143 32 166
car 0.0078 41 146 83 165
car 0.0072 322 141 373 186
car 0.0072 208 144 255 167
car 0.0056 13 145 94 168
car 0.0050 89 147 111 166
car 0.0046 112 145 142 169
car 0.0043 13 142 42 166
car 0.0041 261 143 311 179
car 0.0040 274 141 317 166
car 0.0039 304 141 363 166
car 0.0037 145 137 188 183
car 0.0035 371 125 446 170
car 0.0030 163 145 213 167
car 0.0030 222 147 243 166
car 0.0028 226 144 260 189
car 0.0027 250 141 275 188
car 0.0025 0 117 45 170
car 0.0024 -1 145 60 186
car 0.0024 342 138 382 174
car 0.0022 340 254 363 263
car 0.0021 308 142 334 161
car 0.0020 167 144 193 167
car 0.0019 25 145 64 167
car 0.0019 158 248 199 264
car 0.0018 89 146 128 168
car 0.0016 388 136 472 162
car 0.0016 0 142 7 176
car 0.0015 407 146 432 163
car 0.0015 482 133 499 164
car 0.0015 179 147 198 166
car 0.0015 195 148 226 193
car 0.0013 318 143 343 164
car 0.0013 433 145 460 164
car 0.0012 449 142 479 166
car 0.0012 291 136 345 175
car 0.0011 76 146 165 184
car 0.0010 356 145 400 173
car 0.0010 415 130 492 172
car 0.0010 34 148 123 180
car 0.0010 0 142 13 202
chair 0.0029 229 150 264 211
person 0.0279 282 146 298 170
person 0.0117 295 144 315 169
person 0.0020 278 145 296 184
person 0.0013 237 145 275 196
person 0.0012 253 142 288 194
person 0.0010 369 148 386 172
