bicycle 0.1813 0 30 17 60
bicycle 0.0182 0 36 10 62
bicycle 0.0064 7 35 30 56
bicycle 0.0032 406 184 499 333
bicycle 0.0012 0 43 16 63
bicycle 0.0012 400 61 500 343
bicycle 0.0010 0 28 6 82
bird 0.0040 418 255 499 332
car 0.3817 360 14 499 168
car 0.3506 80 10 290 136
car 0.3223 76 -8 502 395
car 0.1185 103 4 288 82
car 0.0956 354 26 499 329
car 0.0525 191 5 287 66
car 0.0517 421 8 499 145
car 0.0356 206 8 278 36
car 0.0288 225 8 285 55
car 0.0097 85 29 293 241
car 0.0072 12 34 43 50
car 0.0054 256 4 289 61
car 0.0047 70 3 495 183
car 0.0037 4 33 49 55
car 0.0037 19 27 62 66
car 0.0031 21 33 54 51
car 0.0029 147 12 423 119
car 0.0028 406 30 500 230
car 0.0023 253 4 301 86
car 0.0022 237 3 286 35
car 0.0018 451 28 499 156
car 0.0015 248 19 322 110
car 0.0014 356 20 440 152
car 0.0013 88 17 253 58
car 0.0012 225 14 293 113
car 0.0011 98 80 263 181
car 0.0010 270 2 369 96
chair 0.3199 15 52 74 112
chair 0.0183 24 38 64 95
chair 0.0179 12 73 59 115
chair 0.0089 18 74 87 188
chair 0.0072 96 182 223 373
chair 0.0059 5 38 57 102
chair 0.0058 11 80 41 112
chair 0.0040 396 183 501 331
chair 0.0019 28 67 83 103
motorbike 0.0767 0 31 18 59
motorbike 0.0321 354 32 499 329
motorbike 0.0113 356 0 491 139
motorbike 0.0051 67 0 358 365
motorbike 0.0044 335 2 381 89
motorbike 0.0041 421 4 497 117
motorbike 0.0037 347 4 413 117
motorbike 0.0031 311 5 425 144
motorbike 0.0018 8 34 33 53
person 0.6117 55 20 76 70
person 0.5909 428 0 471 41
person 0.1434 269 1 287 29
person 0.0748 60 24 87 64
person 0.0605 0 28 16 60
person 0.0564 82 29 97 56
person 0.0443 15 28 69 93
person 0.0266 47 23 72 77
person 0.0256 413 -2 478 89
person 0.0170 268 0 288 53
person 0.0124 24 78 87 187
person 0.0098 157 21 168 32
person 0.0078 96 37 112 55
person 0.0070 245 2 285 34
person 0.0054 166 4 221 50
person 0.0051 186 4 200 48
person 0.0049 81 39 125 179
person 0.0047 147 1 260 60
person 0.0047 97 31 117 52
person 0.0042 421 2 497 121
person 0.0039 338 3 379 72
person 0.0033 67 28 101 61
person 0.0032 47 30 63 63
person 0.0030 0 23 9 55
person 0.0026 70 27 85 56
person 0.0026 134 22 189 41
person 0.0026 50 19 67 54
person 0.0024 6 26 63 65
person 0.0023 107 29 121 51
person 0.0023 193 1 246 54
person 0.0023 157 13 171 32
person 0.0021 43 59 119 187
person 0.0018 453 0 494 47
person 0.0017 66 35 84 67
person 0.0016 155 24 167 37
person 0.0015 78 29 110 63
person 0.0015 48 23 62 48
person 0.0014 275 0 290 24
person 0.0014 163 21 174 33
person 0.0014 86 28 100 48
person 0.0014 58 24 109 101
person 0.0013 267 3 302 80
person 0.0012 480 12 500 46
person 0.0012 481 27 499 47
person 0.0012 485 13 500 95
person 0.0011 384 0 471 51
person 0.0010 50 35 78 94
person 0.0010 73 33 95 67
pottedplant 0.0071 407 184 499 333
pottedplant 0.0050 417 252 499 332
pottedplant 0.0021 263 7 293 91
