bottle 0.0013 289 55 305 78
car 0.7464 4 6 498 371
person 0.6597 49 8 105 90
person 0.6103 0 64 40 122
person 0.4993 114 19 135 59
person 0.4567 131 18 149 48
person 0.4418 147 15 167 42
person 0.3927 94 22 121 67
person 0.2610 119 18 144 52
person 0.2149 32 25 60 93
person 0.1697 1 30 31 78
person 0.1371 67 13 118 77
person 0.1058 12 34 54 111
person 0.0758 131 17 166 48
person 0.0627 115 20 133 40
person 0.0478 0 62 19 111
person 0.0276 44 22 72 94
person 0.0220 11 29 42 87
person 0.0213 21 19 56 74
person 0.0173 0 67 40 173
person 0.0148 95 21 117 48
person 0.0130 0 39 22 97
person 0.0126 0 68 10 122
person 0.0108 -1 60 31 101
person 0.0106 0 27 7 69
person 0.0086 53 8 100 54
person 0.0077 0 30 23 64
person 0.0057 81 22 135 82
person 0.0056 84 15 114 68
person 0.0053 98 20 129 54
person 0.0053 33 23 56 64
person 0.0052 0 60 23 194
person 0.0036 7 53 44 106
person 0.0035 0 25 7 48
person 0.0033 0 72 5 141
person 0.0032 -7 31 77 121
person 0.0030 114 18 151 68
person 0.0029 104 28 135 69
person 0.0028 0 6 15 54
person 0.0026 0 64 14 95
person 0.0025 0 50 41 310
person 0.0024 0 29 9 100
person 0.0020 105 20 125 36
person 0.0017 129 19 160 68
person 0.0017 0 -1 10 44
person 0.0016 15 33 39 63
person 0.0016 35 34 69 114
person 0.0015 1 19 27 57
person 0.0013 116 20 130 33
person 0.0012 0 24 18 50
person 0.0011 232 79 294 157
person 0.0011 33 10 66 57
person 0.0010 381 281 400 334
