motorbike 0.5265 42 7 491 310
motorbike 0.1536 421 58 500 270
motorbike 0.0660 317 49 498 260
motorbike 0.0200 9 52 224 309
motorbike 0.0164 80 5 348 259
motorbike 0.0100 188 51 483 205
motorbike 0.0025 394 42 498 199
motorbike 0.0019 0 142 35 293
motorbike 0.0015 77 12 262 188
motorbike 0.0015 317 78 475 184
motorbike 0.0014 4 58 117 319
motorbike 0.0013 451 96 499 264
motorbike 0.0010 379 90 500 337
person 0.5146 18 52 97 255
person 0.4433 372 38 441 88
person 0.3720 0 61 27 128
person 0.3690 463 56 500 157
person 0.2984 0 55 32 252
person 0.2850 67 63 104 103
person 0.1805 99 66 119 96
person 0.1400 424 57 500 263
person 0.1171 40 55 110 195
person 0.1092 84 66 119 102
person 0.0883 0 62 24 92
person 0.0873 337 77 362 107
person 0.0857 -1 56 43 150
person 0.0833 364 37 451 118
person 0.0799 72 63 96 89
person 0.0747 348 37 462 162
person 0.0705 0 57 22 191
person 0.0573 469 56 499 117
person 0.0466 62 59 111 159
person 0.0444 112 69 127 96
person 0.0440 64 65 91 96
person 0.0439 17 64 42 108
person 0.0436 7 62 39 123
person 0.0393 21 50 92 156
person 0.0384 328 70 389 119
person 0.0358 107 67 134 101
person 0.0283 309 38 486 197
person 0.0280 323 80 342 107
person 0.0279 1 50 58 229
person 0.0273 73 64 115 117
person 0.0248 176 0 261 77
person 0.0239 21 66 39 96
person 0.0234 61 68 81 90
person 0.0203 319 63 404 134
person 0.0188 456 60 500 232
person 0.0183 415 54 499 161
person 0.0158 475 56 500 211
person 0.0156 20 56 55 112
person 0.0145 309 78 327 98
person 0.0139 99 62 118 84
person 0.0131 347 77 365 104
person 0.0097 114 70 145 106
person 0.0097 130 1 341 194
person 0.0089 331 77 352 110
person 0.0075 165 -1 271 156
person 0.0064 0 59 14 83
person 0.0052 28 51 73 99
person 0.0046 0 113 24 278
person 0.0045 7 68 31 102
person 0.0043 339 76 356 95
person 0.0041 393 38 455 75
person 0.0037 300 78 343 107
person 0.0036 8 66 28 89
person 0.0035 323 73 363 113
person 0.0033 101 72 127 107
person 0.0033 254 72 391 131
person 0.0032 80 63 112 90
person 0.0031 130 1 256 100
person 0.0029 5 45 129 314
person 0.0027 474 57 499 91
person 0.0027 94 70 116 110
person 0.0024 302 78 321 96
person 0.0022 0 61 12 148
person 0.0021 342 75 378 106
person 0.0021 201 62 439 155
person 0.0020 118 28 140 72
person 0.0019 42 57 89 92
person 0.0018 181 0 316 112
person 0.0017 102 58 149 125
person 0.0016 181 0 224 74
person 0.0016 0 57 7 75
person 0.0016 104 11 222 129
person 0.0015 355 77 372 101
person 0.0015 187 17 380 144
person 0.0015 48 48 155 161
person 0.0012 -2 52 29 100
person 0.0012 0 89 17 170
person 0.0011 37 55 129 129
person 0.0011 1 90 42 323
person 0.0011 413 49 449 75
person 0.0011 325 75 344 95
person 0.0010 119 45 159 101
person 0.0010 112 60 126 82
