bottle 0.8774 110 1 270 351
bottle 0.8219 266 0 411 346
bottle 0.2248 224 0 265 160
bottle 0.0898 264 2 338 153
bottle 0.0687 408 87 499 351
bottle 0.0638 199 19 271 336
bottle 0.0260 321 0 419 181
bottle 0.0184 62 -4 426 352
bottle 0.0167 414 88 498 176
bottle 0.0130 164 0 259 157
bottle 0.0073 264 3 357 266
bottle 0.0048 265 0 403 161
bottle 0.0047 239 0 293 58
bottle 0.0042 317 -10 434 310
bottle 0.0029 149 43 338 331
bottle 0.0024 222 16 279 222
bottle 0.0018 212 1 304 178
bottle 0.0014 210 118 267 313
bottle 0.0011 272 0 334 74
bottle 0.0011 323 3 416 95
bottle 0.0010 440 66 500 284
car 0.0016 425 104 499 354
diningtable 0.0068 0 233 367 367
diningtable 0.0063 38 -2 455 377
sheep 0.0131 415 88 498 177
