boat 0.0062 2 83 477 227
car 0.0573 3 101 213 209
car 0.0344 48 107 124 150
car 0.0273 438 146 500 214
car 0.0272 27 105 151 183
car 0.0118 0 148 234 250
car 0.0066 4 68 129 193
car 0.0053 0 166 256 329
car 0.0050 425 131 500 185
car 0.0039 12 105 494 252
car 0.0038 -8 0 219 203
car 0.0033 486 143 499 216
car 0.0030 54 144 261 213
car 0.0029 0 95 54 203
car 0.0025 1 82 375 216
car 0.0015 456 152 499 189
car 0.0013 202 136 241 151
car 0.0013 415 138 478 174
car 0.0011 100 168 238 216
car 0.0011 33 113 107 196
car 0.0011 236 132 278 161
chair 0.3879 298 252 409 353
chair 0.1666 184 207 412 360
chair 0.1570 451 233 484 287
chair 0.0845 96 245 187 320
chair 0.0571 133 245 337 365
chair 0.0526 177 261 290 364
chair 0.0358 433 138 499 214
chair 0.0300 95 247 219 360
chair 0.0129 440 151 497 289
chair 0.0073 22 195 359 367
chair 0.0060 439 128 499 181
chair 0.0043 396 143 490 244
chair 0.0035 297 290 387 352
chair 0.0031 35 212 217 333
chair 0.0025 454 152 499 228
chair 0.0022 275 209 410 337
chair 0.0022 484 156 499 222
chair 0.0021 189 207 353 311
chair 0.0019 492 149 499 205
chair 0.0019 478 152 500 287
chair 0.0016 291 264 477 366
chair 0.0015 120 175 251 227
chair 0.0012 420 141 489 174
chair 0.0012 69 162 303 237
chair 0.0011 229 260 389 359
person 0.0093 0 89 26 172
person 0.0048 0 56 18 160
person 0.0045 486 128 500 188
person 0.0033 1 61 44 194
person 0.0024 491 145 499 198
person 0.0021 463 130 500 186
person 0.0017 0 136 13 253
person 0.0012 0 83 11 111
person 0.0011 0 121 17 371
person 0.0010 0 139 41 368
person 0.0010 0 110 30 219
person 0.0010 0 89 9 166
person 0.0010 0 149 7 231
pottedplant 0.0419 262 83 306 137
pottedplant 0.0098 260 86 286 140
sofa 0.0660 52 203 419 366
sofa 0.0078 6 119 469 349
train 0.0021 -2 4 267 204
