car 0.9718 109 32 367 233
person 0.7830 277 0 312 37
person 0.7034 234 2 273 35
person 0.6989 327 1 355 57
person 0.6439 412 1 444 51
person 0.4418 370 2 401 56
person 0.4284 350 1 378 55
person 0.1928 408 0 429 53
person 0.1899 393 7 413 53
person 0.1779 386 1 406 54
person 0.1300 378 0 401 30
person 0.0687 348 0 373 34
person 0.0558 220 52 265 90
person 0.0384 358 0 382 41
person 0.0274 388 0 409 31
person 0.0253 232 27 277 85
person 0.0201 102 27 119 69
person 0.0200 427 0 447 47
person 0.0124 377 0 394 23
person 0.0117 360 9 382 59
person 0.0115 257 0 283 29
person 0.0110 147 17 164 66
person 0.0091 328 0 353 31
person 0.0088 393 3 432 57
person 0.0073 363 0 390 28
person 0.0064 389 1 403 21
person 0.0064 241 50 277 87
person 0.0060 231 1 255 36
person 0.0057 268 0 288 28
person 0.0054 274 6 313 61
person 0.0052 273 0 298 30
person 0.0045 225 4 271 57
person 0.0041 209 58 252 89
person 0.0038 409 0 424 28
person 0.0030 368 13 390 52
person 0.0028 351 0 377 21
person 0.0026 156 10 185 58
person 0.0025 321 7 341 56
person 0.0025 362 0 380 21
person 0.0025 396 3 418 39
person 0.0019 145 10 339 150
person 0.0016 271 0 286 18
person 0.0015 434 1 456 48
person 0.0015 144 11 177 66
person 0.0014 230 59 259 87
person 0.0014 344 0 367 21
person 0.0014 308 10 334 56
person 0.0013 288 4 320 42
person 0.0012 241 0 265 25
person 0.0012 333 8 374 60
person 0.0010 352 23 376 58
person 0.0010 168 2 192 53
