bicycle 0.0051 60 264 94 309
bicycle 0.0035 56 259 120 314
bicycle 0.0020 31 242 94 294
bottle 0.0033 361 158 370 181
chair 0.0566 90 229 128 283
chair 0.0362 412 253 447 300
chair 0.0208 447 244 496 306
chair 0.0186 371 251 420 304
chair 0.0109 86 244 130 313
chair 0.0095 433 184 470 229
chair 0.0091 383 251 450 303
chair 0.0065 30 239 86 288
chair 0.0022 31 240 64 280
chair 0.0016 428 253 476 305
chair 0.0016 45 255 92 310
chair 0.0015 400 228 469 305
chair 0.0014 432 183 486 246
chair 0.0012 478 255 501 307
chair 0.0011 63 265 127 315
person 0.5340 453 205 498 257
person 0.0309 447 205 497 304
person 0.0152 439 189 483 247
person 0.0127 487 150 500 191
person 0.0074 373 249 423 303
person 0.0061 473 200 499 252
person 0.0048 484 151 500 229
person 0.0044 476 211 499 302
person 0.0038 491 207 500 260
person 0.0036 460 201 496 237
person 0.0035 474 145 500 191
person 0.0023 463 141 499 216
person 0.0019 464 213 493 252
person 0.0017 441 220 480 258
person 0.0016 423 177 476 236
person 0.0015 378 229 449 301
person 0.0014 477 168 500 244
person 0.0013 50 153 67 188
person 0.0010 422 200 502 282
tvmonitor 0.3683 188 128 352 216
tvmonitor 0.0012 412 163 487 241
tvmonitor 0.0012 366 136 508 259
tvmonitor 0.0010 131 232 164 304
