bicycle 0.0049 179 211 229 246
bicycle 0.0016 485 200 500 267
bicycle 0.0012 464 197 499 266
bus 0.8044 249 69 418 259
bus 0.0034 146 78 390 251
bus 0.0031 430 159 459 197
bus 0.0025 424 162 447 195
bus 0.0016 204 104 281 225
bus 0.0014 212 144 263 201
bus 0.0010 452 164 485 199
car 0.0562 443 182 459 199
car 0.0179 451 178 486 197
car 0.0146 442 179 474 200
car 0.0137 424 175 454 201
car 0.0055 434 172 460 200
car 0.0036 425 183 446 201
car 0.0032 492 181 499 211
car 0.0026 477 186 493 200
car 0.0025 483 184 498 206
car 0.0024 456 176 496 223
car 0.0023 467 181 494 200
car 0.0013 487 173 500 202
car 0.0011 490 178 500 240
car 0.0010 485 178 499 217
person 0.0286 174 192 218 244
person 0.0081 203 170 222 196
person 0.0047 177 191 210 226
person 0.0027 187 178 226 241
person 0.0021 20 153 36 224
person 0.0017 194 169 228 200
person 0.0015 0 160 5 192
