bicycle 0.0024 -11 343 369 498
boat 0.2873 1 14 71 84
boat 0.0208 106 2 128 27
boat 0.0047 -63 0 77 86
boat 0.0015 103 1 159 26
boat 0.0011 -1 0 141 73
boat 0.0010 11 19 57 70
boat 0.0010 51 0 146 47
chair 0.9098 245 238 372 383
chair 0.0189 312 206 375 357
chair 0.0149 261 208 376 334
chair 0.0046 330 205 375 271
chair 0.0023 360 288 374 401
chair 0.0010 340 203 374 246
chair 0.0010 224 142 366 375
diningtable 0.0027 5 353 387 498
person 0.9051 148 129 264 492
person 0.0132 4 140 265 481
person 0.0022 37 22 49 41
person 0.0019 346 0 375 42
pottedplant 0.0010 75 467 188 499
