bicycle 0.0054 72 219 349 331
bottle 0.2371 120 92 353 331
bottle 0.2261 281 151 366 207
bottle 0.0912 192 188 250 263
bottle 0.0484 258 150 334 199
bottle 0.0457 185 120 363 289
bottle 0.0337 152 146 272 299
bottle 0.0217 242 142 361 226
bottle 0.0206 194 174 283 274
bottle 0.0176 179 184 257 308
bottle 0.0124 262 151 304 193
bottle 0.0063 290 148 347 194
bottle 0.0062 197 189 246 229
bottle 0.0054 83 107 246 289
bottle 0.0033 312 162 365 210
bottle 0.0023 124 167 176 205
bottle 0.0020 238 163 264 235
bottle 0.0017 215 155 267 237
bottle 0.0017 155 176 265 249
bottle 0.0016 118 167 164 194
bottle 0.0016 210 188 242 216
bottle 0.0014 298 149 316 165
bottle 0.0013 200 114 345 220
bottle 0.0013 474 129 484 156
bottle 0.0012 201 152 339 247
bottle 0.0012 192 142 251 246
bottle 0.0012 287 148 330 180
chair 0.0508 88 167 172 259
chair 0.0200 103 169 174 221
chair 0.0093 410 202 499 331
chair 0.0027 48 149 263 305
chair 0.0015 91 182 156 232
chair 0.0013 120 166 172 200
diningtable 0.0071 10 221 356 330
person 0.7552 109 81 363 326
person 0.5376 423 76 499 331
person 0.0098 441 163 498 331
person 0.0088 443 66 498 253
person 0.0057 77 88 256 309
person 0.0042 207 138 369 337
person 0.0041 468 84 501 339
person 0.0038 445 85 490 187
person 0.0024 451 92 485 157
person 0.0015 388 162 430 254
person 0.0010 458 213 500 328
tvmonitor 0.0143 388 162 428 245
