cat 0.2595 0 117 299 375
cat 0.0851 283 20 498 370
cat 0.0716 2 12 500 380
cat 0.0378 284 87 418 365
cat 0.0081 159 88 431 375
cat 0.0032 297 115 409 219
cow 0.2107 2 118 300 375
cow 0.0691 -8 10 475 380
cow 0.0030 463 129 499 372
cow 0.0020 298 52 498 374
cow 0.0017 437 74 499 372
cow 0.0011 0 124 113 374
dog 0.0264 -15 11 393 386
person 0.0036 425 24 499 373
person 0.0011 460 91 500 375
person 0.0010 0 110 20 383
pottedplant 0.0058 275 -2 290 12
pottedplant 0.0032 264 -2 277 12
pottedplant 0.0022 295 -1 311 12
pottedplant 0.0020 302 -1 316 11
pottedplant 0.0016 292 -1 301 12
pottedplant 0.0014 354 0 364 12
pottedplant 0.0012 350 0 361 12
sheep 0.0097 0 134 292 376
sheep 0.0020 464 171 500 371
sheep 0.0010 -1 174 116 374
