aeroplane 0.0059 422 98 501 174
aeroplane 0.0021 460 99 500 167
bus 0.0012 486 133 500 183
bus 0.0011 463 136 499 184
car 0.0088 483 171 499 211
car 0.0069 482 169 493 182
car 0.0067 0 123 18 144
car 0.0039 483 163 497 182
car 0.0027 0 120 9 144
car 0.0025 490 161 499 179
car 0.0019 0 112 13 146
car 0.0013 263 41 300 55
car 0.0010 487 182 499 209
person 0.0581 475 162 483 181
person 0.0289 476 164 487 182
person 0.0164 459 165 467 177
person 0.0071 456 158 484 180
person 0.0070 299 132 316 172
person 0.0056 466 164 476 179
person 0.0055 376 153 393 189
person 0.0043 463 163 482 182
person 0.0021 456 159 466 177
person 0.0017 474 157 490 182
person 0.0017 217 108 250 162
person 0.0016 304 133 324 183
person 0.0014 300 131 313 157
person 0.0013 468 168 478 180
person 0.0011 303 133 319 162
person 0.0010 189 100 245 162
person 0.0010 184 125 205 141
train 0.7294 66 69 459 339
train 0.0374 -1 97 125 321
train 0.0113 3 116 114 231
train 0.0057 422 124 501 179
train 0.0049 44 140 97 201
train 0.0038 438 146 501 183
train 0.0034 24 158 90 207
train 0.0027 0 124 15 144
train 0.0026 -3 85 283 328
train 0.0024 367 136 474 178
train 0.0023 52 159 85 201
train 0.0019 423 153 453 177
train 0.0017 0 92 64 326
train 0.0017 444 135 498 171
train 0.0016 455 153 500 191
train 0.0016 410 143 454 175
train 0.0014 450 157 475 178
train 0.0013 388 101 503 187
train 0.0012 324 66 499 179
train 0.0012 0 120 12 219
train 0.0011 98 26 468 235
train 0.0011 155 91 406 215
train 0.0010 -1 123 65 207
tvmonitor 0.0018 273 110 303 154
