bird 0.0014 102 22 239 195
bottle 0.0181 58 4 425 328
bottle 0.0121 308 26 474 316
bottle 0.0105 103 11 322 243
bottle 0.0057 131 200 195 281
bottle 0.0045 5 11 269 334
bottle 0.0040 101 17 235 192
bottle 0.0032 113 121 210 304
bottle 0.0029 80 92 243 312
bottle 0.0016 139 177 215 294
bottle 0.0011 177 115 456 333
bottle 0.0010 58 148 208 330
chair 0.0047 5 12 217 331
chair 0.0019 -1 4 122 257
chair 0.0016 0 12 30 238
chair 0.0012 0 9 54 265
person 0.4925 99 1 474 335
person 0.1200 383 -3 500 331
person 0.0301 212 -2 465 242
person 0.0222 382 0 497 171
person 0.0121 106 16 318 205
person 0.0063 16 15 310 333
person 0.0042 453 8 499 334
person 0.0033 5 5 223 220
person 0.0015 478 20 500 328
person 0.0014 319 3 487 272
person 0.0011 98 11 238 285
tvmonitor 0.0391 27 176 78 262
tvmonitor 0.0157 0 175 34 249
tvmonitor 0.0116 3 173 64 260
tvmonitor 0.0085 0 20 41 283
tvmonitor 0.0063 0 199 21 248
tvmonitor 0.0054 129 201 198 297
tvmonitor 0.0044 -1 170 78 341
tvmonitor 0.0040 31 176 60 251
tvmonitor 0.0039 -1 7 123 294
tvmonitor 0.0038 0 230 65 332
tvmonitor 0.0028 11 173 99 276
tvmonitor 0.0028 75 185 201 330
tvmonitor 0.0021 -1 117 38 257
tvmonitor 0.0020 0 195 11 244
tvmonitor 0.0017 0 178 18 237
tvmonitor 0.0012 28 208 78 284
tvmonitor 0.0012 -1 195 36 315
tvmonitor 0.0012 -1 174 38 216
tvmonitor 0.0012 0 51 32 219
tvmonitor 0.0011 45 182 141 329
tvmonitor 0.0011 3 196 46 253
tvmonitor 0.0010 0 304 45 332
