aeroplane 0.8588 151 113 325 205
aeroplane 0.0116 197 137 314 207
aeroplane 0.0071 149 125 271 190
aeroplane 0.0069 150 147 233 176
aeroplane 0.0052 262 150 330 176
aeroplane 0.0028 124 123 469 186
aeroplane 0.0027 381 162 423 176
aeroplane 0.0025 204 139 389 181
aeroplane 0.0023 329 163 364 175
aeroplane 0.0019 192 163 272 203
aeroplane 0.0018 351 161 388 196
aeroplane 0.0015 334 158 372 176
aeroplane 0.0014 469 144 499 167
aeroplane 0.0014 271 161 330 175
aeroplane 0.0014 236 153 364 183
boat 0.0015 63 150 120 165
boat 0.0011 0 114 4 187
bus 0.0032 0 155 30 202
bus 0.0016 0 144 11 216
car 0.8863 421 160 499 259
car 0.0110 38 169 59 212
car 0.0073 40 173 58 193
car 0.0048 0 163 6 192
car 0.0036 0 166 24 223
car 0.0032 0 158 12 225
car 0.0027 11 165 34 216
car 0.0019 0 155 10 200
car 0.0018 469 157 496 168
car 0.0014 5 168 36 197
car 0.0011 465 154 499 177
car 0.0010 33 165 60 197
car 0.0010 334 163 359 174
car 0.0010 53 157 115 192
motorbike 0.6388 96 188 148 223
motorbike 0.0157 123 189 149 222
motorbike 0.0110 107 185 135 219
motorbike 0.0107 98 178 129 220
motorbike 0.0011 118 182 163 224
person 0.8819 54 161 76 227
person 0.8386 17 167 44 229
person 0.4669 253 163 271 208
person 0.4012 367 171 383 203
person 0.3511 0 161 7 230
person 0.3131 101 176 138 220
person 0.2920 105 171 127 214
person 0.1365 128 168 142 207
person 0.0892 34 169 56 228
person 0.0458 0 156 12 232
person 0.0214 125 178 145 220
person 0.0208 107 170 123 199
person 0.0070 247 163 265 205
person 0.0062 -3 151 37 232
person 0.0060 51 156 98 222
person 0.0046 241 146 275 205
person 0.0044 0 147 6 196
person 0.0044 0 172 22 227
person 0.0035 215 167 248 203
person 0.0033 115 178 140 213
person 0.0029 354 168 385 199
person 0.0026 218 161 273 203
person 0.0024 230 147 259 203
person 0.0020 201 159 297 208
person 0.0018 232 168 265 204
person 0.0017 0 188 5 230
person 0.0011 0 119 8 213
person 0.0011 59 168 87 226
person 0.0010 0 176 5 214
