bottle 0.0022 1 367 30 482
chair 0.0019 270 239 347 363
chair 0.0017 0 367 30 489
tvmonitor 0.8424 0 181 175 449
tvmonitor 0.7318 199 1 375 179
tvmonitor 0.4597 169 128 351 296
tvmonitor 0.0267 204 45 305 161
tvmonitor 0.0230 171 266 334 401
tvmonitor 0.0117 164 142 276 316
tvmonitor 0.0064 159 226 253 312
tvmonitor 0.0038 173 292 245 391
tvmonitor 0.0031 55 189 169 347
tvmonitor 0.0029 264 240 345 369
tvmonitor 0.0020 200 64 289 134
tvmonitor 0.0016 178 6 322 257
tvmonitor 0.0015 167 165 354 404
tvmonitor 0.0011 170 135 235 255
tvmonitor 0.0010 224 152 307 283
