bottle 0.0042 0 281 56 374
bottle 0.0020 10 255 186 374
bottle 0.0012 398 11 489 78
cat 0.3643 96 96 458 285
cat 0.0152 0 101 180 378
cat 0.0080 103 101 325 213
cat 0.0039 0 93 88 371
chair 0.0090 98 -1 373 91
chair 0.0013 94 14 475 270
chair 0.0013 383 37 499 132
chair 0.0011 432 12 490 57
dog 0.2647 103 88 445 273
dog 0.0163 0 122 182 374
dog 0.0100 23 89 469 376
dog 0.0078 0 266 176 375
person 0.1229 383 11 497 129
person 0.0268 469 17 500 123
person 0.0143 437 15 498 96
person 0.0071 0 146 181 375
person 0.0057 459 16 500 76
person 0.0038 99 -1 358 80
person 0.0031 439 14 497 58
person 0.0022 476 18 499 90
person 0.0010 407 9 493 72
sofa 0.0022 7 152 471 378
