bicycle 0.0311 6 450 188 499
bicycle 0.0044 0 481 79 499
bicycle 0.0039 23 482 186 500
bicycle 0.0028 14 387 187 499
bicycle 0.0016 18 485 97 500
bicycle 0.0015 4 490 86 500
bicycle 0.0013 5 462 103 500
bicycle 0.0010 92 437 184 492
bird 0.0139 96 72 195 268
bird 0.0108 133 23 204 93
bird 0.0059 89 32 200 129
bird 0.0020 137 16 196 51
bottle 0.0015 139 225 152 254
bottle 0.0010 132 224 151 250
chair 0.0434 99 179 342 491
chair 0.0106 69 84 250 481
chair 0.0053 278 225 376 496
chair 0.0030 105 338 343 500
person 0.6415 38 74 194 478
person 0.0738 94 85 197 354
person 0.0680 24 175 146 477
person 0.0335 26 192 83 469
person 0.0066 25 107 49 175
person 0.0049 44 24 197 310
person 0.0037 44 73 138 385
person 0.0035 99 103 193 226
person 0.0016 88 8 346 484
person 0.0014 32 374 185 492
person 0.0014 81 30 206 198
person 0.0014 92 144 212 469
person 0.0013 99 370 185 480
