bottle 0.4970 363 121 479 333
bottle 0.0140 264 -1 318 128
chair 0.8978 26 15 275 309
chair 0.0536 180 44 272 147
chair 0.0338 454 55 500 332
chair 0.0151 459 224 500 334
chair 0.0142 183 90 275 285
chair 0.0072 181 41 244 106
chair 0.0038 488 37 499 154
chair 0.0035 407 124 498 332
chair 0.0022 347 40 503 331
chair 0.0018 472 130 499 334
chair 0.0014 219 0 323 135
chair 0.0013 485 18 500 233
chair 0.0010 469 37 499 175
diningtable 0.0042 260 123 488 330
diningtable 0.0025 463 222 501 331
person 0.0015 482 29 499 270
tvmonitor 0.0188 264 -5 319 136
tvmonitor 0.0100 270 48 316 127
tvmonitor 0.0071 488 49 499 129
