aeroplane 0.0021 -2 3 279 128
car 0.0012 110 18 284 115
cat 0.0020 108 25 284 128
diningtable 0.0010 21 89 274 194
dog 0.0257 76 44 282 168
dog 0.0161 143 54 277 128
person 0.2564 3 41 271 191
person 0.0506 2 31 117 135
person 0.0279 77 57 225 189
person 0.0224 172 55 278 126
person 0.0144 129 53 282 188
person 0.0114 0 0 103 69
person 0.0094 82 47 281 135
person 0.0068 0 14 73 154
person 0.0035 3 21 214 138
person 0.0034 0 0 46 58
person 0.0030 0 5 54 111
person 0.0028 0 12 42 196
person 0.0024 37 10 113 116
person 0.0015 201 36 288 170
person 0.0014 224 -47 287 41
person 0.0012 0 2 22 55
person 0.0012 45 0 115 72
person 0.0012 0 58 123 192
person 0.0011 51 30 124 154
person 0.0011 164 68 246 185
