boat 0.3686 227 135 289 207
boat 0.2818 137 77 378 272
boat 0.1943 78 28 421 329
boat 0.0319 137 33 401 186
boat 0.0294 245 150 395 250
boat 0.0202 190 102 305 211
boat 0.0174 134 52 276 260
boat 0.0167 148 147 467 281
boat 0.0151 217 146 324 249
boat 0.0104 14 59 324 284
boat 0.0046 295 159 478 226
boat 0.0044 154 37 289 171
boat 0.0041 175 140 233 176
boat 0.0032 147 110 242 193
boat 0.0026 327 169 475 210
boat 0.0023 191 146 244 169
boat 0.0022 20 109 124 163
boat 0.0021 62 104 172 189
boat 0.0017 161 137 268 197
boat 0.0014 191 140 262 178
boat 0.0014 165 120 265 173
boat 0.0013 296 144 400 222
boat 0.0013 130 133 289 229
boat 0.0012 185 150 224 180
boat 0.0012 169 137 215 167
boat 0.0010 50 50 280 202
person 0.8086 85 111 139 173
person 0.7260 232 139 291 198
person 0.4557 300 154 369 211
person 0.0400 276 156 368 250
person 0.0384 169 141 195 170
person 0.0243 20 109 143 174
person 0.0205 233 154 295 241
person 0.0171 327 161 374 223
person 0.0170 318 154 361 197
person 0.0105 275 152 347 213
person 0.0089 226 142 272 184
person 0.0066 229 150 254 181
person 0.0056 301 156 344 200
person 0.0043 177 145 212 173
person 0.0032 258 124 356 226
person 0.0027 152 138 189 167
person 0.0024 194 147 208 173
person 0.0019 298 171 376 229
person 0.0015 219 106 364 253
person 0.0014 246 156 291 208
person 0.0014 225 168 274 236
person 0.0013 241 138 288 175
person 0.0012 338 157 384 206
person 0.0012 344 173 375 229
person 0.0011 302 163 425 267
person 0.0010 209 147 259 186
person 0.0010 333 165 362 199
person 0.0010 310 156 345 182
person 0.0010 229 153 243 181
