bottle 0.8411 154 271 186 363
bottle 0.8061 1 254 33 349
bottle 0.7524 241 280 269 371
bottle 0.0431 111 277 140 332
bottle 0.0356 101 274 154 340
bottle 0.0274 180 283 324 373
bottle 0.0250 154 271 184 316
bottle 0.0196 229 257 268 361
bottle 0.0099 0 252 28 308
bottle 0.0092 104 250 140 319
bottle 0.0086 214 292 280 370
bottle 0.0085 75 269 175 343
bottle 0.0057 182 144 193 167
bottle 0.0042 88 291 247 372
bottle 0.0036 0 251 5 316
bottle 0.0024 0 256 9 302
bottle 0.0018 232 245 265 321
bottle 0.0015 215 283 252 352
bottle 0.0014 239 274 267 324
chair 0.4219 374 195 486 320
chair 0.0146 0 149 24 237
chair 0.0013 343 250 366 320
chair 0.0013 0 174 125 304
diningtable 0.0727 57 277 452 382
diningtable 0.0551 7 252 292 390
diningtable 0.0098 155 301 497 375
diningtable 0.0079 58 266 199 353
diningtable 0.0027 62 287 273 374
diningtable 0.0017 3 284 186 373
person 0.8576 86 100 227 308
person 0.8526 241 127 361 320
person 0.1090 0 157 108 300
person 0.0348 0 145 23 297
person 0.0119 0 68 26 242
person 0.0087 0 101 54 270
person 0.0063 0 110 193 301
person 0.0036 0 128 25 217
person 0.0031 460 -9 499 306
person 0.0021 482 5 500 282
person 0.0020 60 120 409 332
person 0.0012 455 0 500 132
pottedplant 0.0015 463 301 500 375
sofa 0.0679 -1 158 110 299
sofa 0.0238 0 148 24 240
sofa 0.0213 1 117 231 310
sofa 0.0010 31 111 377 328
tvmonitor 0.0142 0 148 26 200
tvmonitor 0.0024 453 1 500 109
