bottle 0.0023 455 311 479 338
chair 0.1600 364 3 500 278
chair 0.0295 172 2 506 351
chair 0.0028 424 2 499 348
chair 0.0026 0 64 218 369
chair 0.0024 457 50 500 350
chair 0.0011 482 131 500 330
diningtable 0.0045 -8 105 524 382
dog 0.5938 170 73 313 260
dog 0.0199 158 136 282 261
dog 0.0134 175 74 263 221
dog 0.0121 109 76 279 238
dog 0.0106 59 63 324 284
dog 0.0068 194 132 325 236
dog 0.0040 120 51 456 343
dog 0.0037 106 119 395 293
dog 0.0032 169 166 253 257
dog 0.0012 173 170 231 221
person 0.5508 -1 -2 269 367
person 0.0033 79 29 295 246
person 0.0026 164 14 487 303
person 0.0023 4 -14 185 281
person 0.0015 0 2 219 161
person 0.0013 0 179 221 376
pottedplant 0.0839 459 247 498 318
pottedplant 0.0038 452 200 500 320
pottedplant 0.0011 454 272 499 372
sofa 0.0137 168 13 504 369
sofa 0.0047 3 24 366 358
