aeroplane 0.0031 4 97 418 380
bird 0.0103 413 264 459 301
bird 0.0018 418 279 451 301
boat 0.0045 42 116 419 373
boat 0.0017 5 23 164 269
bottle 0.0011 397 195 407 225
bus 0.0072 95 152 139 193
bus 0.0033 80 154 147 207
bus 0.0029 9 195 92 253
bus 0.0010 10 154 148 252
car 0.0144 0 255 9 290
car 0.0058 19 195 90 247
car 0.0039 67 225 89 241
car 0.0022 40 210 93 246
car 0.0021 0 240 8 265
car 0.0014 0 244 6 271
chair 0.0015 0 21 53 111
dog 0.0069 414 263 460 301
dog 0.0020 416 278 452 301
person 0.9465 64 131 252 375
person 0.9245 248 109 394 374
person 0.0050 338 196 390 375
person 0.0024 103 112 417 375
person 0.0010 487 217 499 274
pottedplant 0.0390 416 233 445 268
pottedplant 0.0097 420 248 443 268
pottedplant 0.0071 411 223 453 281
pottedplant 0.0050 410 247 457 300
pottedplant 0.0012 411 209 476 290
sofa 0.0016 54 149 415 372
tvmonitor 0.0139 97 150 138 194
