boat 0.6372 197 305 371 358
boat 0.4813 85 240 231 351
boat 0.4107 36 348 351 489
boat 0.2075 25 -6 373 327
boat 0.1882 1 228 103 313
boat 0.0852 39 175 149 221
boat 0.0742 0 278 99 331
boat 0.0714 71 124 370 356
boat 0.0658 7 213 167 312
boat 0.0470 3 27 147 192
boat 0.0438 6 158 149 230
boat 0.0376 90 187 164 250
boat 0.0364 0 355 148 391
boat 0.0326 117 201 165 262
boat 0.0258 194 235 374 354
boat 0.0244 46 88 312 293
boat 0.0239 107 258 274 329
boat 0.0235 176 6 371 293
boat 0.0232 2 90 151 228
boat 0.0226 34 242 103 301
boat 0.0217 29 200 224 332
boat 0.0212 32 167 159 262
boat 0.0185 72 160 274 309
boat 0.0184 267 174 339 219
boat 0.0175 123 213 154 259
boat 0.0169 0 178 47 228
boat 0.0166 9 9 307 211
boat 0.0157 1 177 101 236
boat 0.0148 13 271 113 313
boat 0.0134 243 170 363 245
boat 0.0132 18 111 215 273
boat 0.0130 -1 212 45 273
boat 0.0119 247 116 366 263
boat 0.0117 0 231 38 256
boat 0.0114 85 215 179 293
boat 0.0104 337 112 373 159
boat 0.0103 1 115 113 207
boat 0.0099 46 364 153 394
boat 0.0098 142 339 171 353
boat 0.0098 75 186 150 220
boat 0.0090 15 337 216 392
boat 0.0089 211 148 374 330
boat 0.0087 161 262 231 305
boat 0.0081 0 256 195 354
boat 0.0079 328 119 374 189
boat 0.0077 148 141 266 275
boat 0.0075 -4 310 151 394
boat 0.0075 39 27 201 174
boat 0.0072 285 98 373 216
boat 0.0069 328 164 375 230
boat 0.0065 253 304 374 340
boat 0.0063 -1 161 119 274
boat 0.0063 316 55 374 175
boat 0.0055 4 65 109 175
boat 0.0053 0 210 33 237
boat 0.0050 280 39 373 190
boat 0.0050 28 95 110 165
boat 0.0047 82 256 369 397
boat 0.0047 190 13 315 228
boat 0.0046 41 294 220 360
boat 0.0046 236 59 328 204
boat 0.0044 263 119 299 142
boat 0.0044 317 306 374 334
boat 0.0044 199 309 294 348
boat 0.0044 54 173 128 209
boat 0.0041 121 167 149 197
boat 0.0039 0 187 29 229
boat 0.0039 108 107 153 150
boat 0.0039 181 242 197 266
boat 0.0038 0 212 87 282
boat 0.0038 269 198 344 231
boat 0.0038 92 238 176 278
boat 0.0036 88 231 169 339
boat 0.0035 3 175 74 214
boat 0.0033 0 234 66 274
boat 0.0033 56 190 136 236
boat 0.0033 177 282 227 305
boat 0.0033 252 144 341 225
boat 0.0032 78 164 152 205
boat 0.0032 168 162 246 253
boat 0.0032 279 159 375 232
boat 0.0031 287 119 354 192
boat 0.0031 45 197 170 286
boat 0.0030 48 106 89 152
boat 0.0028 113 77 247 281
boat 0.0028 0 127 57 213
boat 0.0024 93 220 152 261
boat 0.0024 175 158 337 285
boat 0.0024 35 305 329 436
boat 0.0023 95 163 170 221
boat 0.0023 344 238 374 289
boat 0.0023 117 148 244 243
boat 0.0023 108 238 169 264
boat 0.0022 56 109 82 135
boat 0.0021 124 -2 328 185
boat 0.0020 89 100 157 164
boat 0.0020 142 18 296 314
boat 0.0019 74 168 184 244
boat 0.0019 69 290 340 367
boat 0.0019 24 105 154 176
boat 0.0019 44 60 93 153
boat 0.0019 209 7 373 180
boat 0.0018 141 341 189 356
boat 0.0018 0 356 36 389
boat 0.0018 177 190 257 266
boat 0.0018 83 281 192 349
boat 0.0017 0 82 68 192
boat 0.0017 40 114 96 170
boat 0.0017 35 416 316 498
boat 0.0016 24 165 105 203
boat 0.0016 247 113 296 148
boat 0.0016 132 340 365 441
boat 0.0016 48 37 113 171
boat 0.0016 161 178 232 234
boat 0.0015 107 236 243 310
boat 0.0015 330 166 375 201
boat 0.0014 38 186 122 217
boat 0.0014 345 126 372 155
boat 0.0014 0 232 40 296
boat 0.0014 59 140 151 210
boat 0.0014 121 336 182 354
boat 0.0013 154 93 191 125
boat 0.0013 50 220 128 291
boat 0.0013 266 112 296 135
boat 0.0013 334 215 374 265
boat 0.0013 284 148 329 200
boat 0.0013 123 168 159 214
boat 0.0012 331 125 367 169
boat 0.0012 222 280 373 344
boat 0.0012 253 177 315 214
boat 0.0012 0 303 61 342
boat 0.0011 208 98 297 165
boat 0.0011 -10 135 79 247
boat 0.0011 67 197 145 261
boat 0.0011 203 325 355 404
boat 0.0011 75 71 188 242
boat 0.0010 244 205 374 317
boat 0.0010 159 287 220 307
boat 0.0010 101 254 189 289
boat 0.0010 191 307 219 330
boat 0.0010 -2 282 115 372
car 0.0170 126 452 167 478
car 0.0037 114 452 195 484
person 0.1124 128 206 155 255
person 0.0252 183 241 195 266
person 0.0119 133 203 154 232
person 0.0022 110 228 160 262
person 0.0018 56 107 81 138
person 0.0017 126 230 152 258
person 0.0014 109 269 118 289
person 0.0011 57 107 75 127
