bicycle 0.0012 427 46 499 230
bus 0.0134 -7 24 483 175
bus 0.0013 243 200 283 246
bus 0.0010 218 202 249 240
car 0.0027 230 200 251 238
car 0.0016 212 199 271 267
car 0.0010 228 207 262 255
dog 0.0012 158 255 175 286
person 0.8907 252 202 289 321
person 0.8862 441 185 484 312
person 0.8776 189 201 226 308
person 0.8694 289 201 324 296
person 0.7676 336 207 363 271
person 0.0526 484 182 499 313
person 0.0099 470 174 499 309
person 0.0098 254 203 321 293
person 0.0063 86 77 106 153
person 0.0053 325 211 354 270
person 0.0051 280 209 296 292
person 0.0025 253 204 288 262
person 0.0018 476 230 499 312
person 0.0018 288 211 308 297
person 0.0015 188 206 211 294
person 0.0013 281 194 296 226
person 0.0012 239 207 264 257
person 0.0010 351 212 371 268
person 0.0010 455 228 493 314
pottedplant 0.0048 4 1 80 135
pottedplant 0.0021 0 2 107 217
pottedplant 0.0019 230 200 250 229
pottedplant 0.0018 0 18 74 322
pottedplant 0.0016 107 84 131 163
train 0.0054 14 19 502 279
