bottle 0.3945 184 133 228 232
bottle 0.1539 119 143 168 255
bottle 0.0693 230 111 267 186
bottle 0.0355 202 119 254 225
bottle 0.0175 169 138 246 322
bottle 0.0148 234 119 279 211
bottle 0.0112 349 104 382 165
bottle 0.0075 142 113 283 262
bottle 0.0054 319 91 370 157
bottle 0.0054 292 90 334 158
bottle 0.0049 291 90 315 147
bottle 0.0046 314 83 337 115
bottle 0.0043 122 132 265 333
bottle 0.0036 252 149 283 211
bottle 0.0036 312 89 350 147
bottle 0.0033 220 187 262 232
bottle 0.0029 253 105 314 197
bottle 0.0027 80 133 193 268
bottle 0.0024 314 83 373 128
bottle 0.0024 312 107 364 173
bottle 0.0021 271 88 322 164
bottle 0.0019 322 102 354 140
bottle 0.0019 153 213 212 275
bottle 0.0018 263 105 367 193
bottle 0.0018 286 82 351 127
bottle 0.0016 294 102 317 177
bottle 0.0016 192 136 335 277
bottle 0.0016 183 107 229 193
bottle 0.0013 356 128 381 162
bottle 0.0012 247 108 287 186
bottle 0.0011 159 143 192 220
bottle 0.0011 164 177 221 283
bottle 0.0010 219 154 266 234
chair 0.7589 325 132 501 373
chair 0.0460 0 188 40 376
chair 0.0358 393 35 473 122
chair 0.0312 99 202 210 343
chair 0.0226 416 66 499 138
chair 0.0177 1 170 168 374
chair 0.0130 0 192 17 372
chair 0.0057 364 57 499 317
chair 0.0042 114 158 270 349
chair 0.0040 387 62 500 173
chair 0.0035 349 105 387 158
chair 0.0029 339 180 500 303
chair 0.0028 97 224 173 330
chair 0.0025 0 184 82 375
chair 0.0025 339 97 376 137
chair 0.0023 416 70 499 281
chair 0.0021 313 225 472 377
chair 0.0020 134 174 233 311
chair 0.0019 0 173 9 348
chair 0.0014 440 78 500 159
chair 0.0013 414 138 499 369
chair 0.0013 441 28 499 129
chair 0.0012 -1 105 21 363
chair 0.0012 0 27 21 135
chair 0.0012 366 98 468 258
chair 0.0011 0 69 141 344
chair 0.0010 154 214 225 343
diningtable 0.2834 24 104 490 369
diningtable 0.0305 15 152 316 347
diningtable 0.0217 80 197 237 344
diningtable 0.0077 148 108 466 301
diningtable 0.0039 125 179 341 357
diningtable 0.0028 0 70 178 352
diningtable 0.0014 102 201 470 379
diningtable 0.0011 169 81 453 227
person 0.7284 107 1 189 160
person 0.0019 102 1 126 75
person 0.0019 154 3 193 158
