bicycle 0.0042 286 334 483 373
bottle 0.0133 0 350 25 374
bottle 0.0082 19 280 278 375
bottle 0.0072 412 340 483 373
bottle 0.0049 0 197 8 348
bottle 0.0032 0 241 12 374
bottle 0.0023 0 243 6 315
bottle 0.0019 -1 315 43 375
bottle 0.0013 0 -3 43 244
bottle 0.0010 0 279 32 374
chair 0.0027 270 152 498 376
chair 0.0024 21 168 274 375
chair 0.0013 0 97 67 354
chair 0.0011 0 -4 43 259
diningtable 0.0288 12 303 504 374
diningtable 0.0109 44 299 276 375
diningtable 0.0064 281 331 488 373
diningtable 0.0012 -2 240 417 376
person 0.9390 273 137 452 344
person 0.9103 32 94 276 370
person 0.1291 468 218 500 373
person 0.0201 475 283 500 375
person 0.0176 442 187 500 373
person 0.0175 482 195 499 372
person 0.0109 0 7 64 383
person 0.0043 445 286 500 373
person 0.0030 412 258 500 376
person 0.0013 0 75 114 378
person 0.0012 0 138 14 379
