aeroplane 0.0012 38 151 484 305
boat 0.0062 18 30 493 317
car 0.8741 126 258 391 373
car 0.7704 0 263 37 359
car 0.7310 15 245 94 328
car 0.5175 137 235 274 306
car 0.4635 80 253 122 302
car 0.1689 95 257 130 299
car 0.1480 110 259 144 297
car 0.0845 132 243 379 326
car 0.0671 56 249 111 316
car 0.0356 121 262 156 302
car 0.0313 75 244 101 260
car 0.0310 110 249 142 282
car 0.0280 110 249 134 267
car 0.0270 74 253 105 310
car 0.0249 1 233 50 274
car 0.0245 128 263 148 294
car 0.0200 136 275 168 310
car 0.0139 143 236 306 278
car 0.0136 4 249 63 320
car 0.0134 122 249 191 305
car 0.0133 78 245 99 254
car 0.0100 5 237 76 280
car 0.0069 74 247 104 286
car 0.0068 140 235 231 289
car 0.0061 1 245 40 282
car 0.0052 136 267 185 316
car 0.0049 90 256 116 292
car 0.0046 2 254 39 304
car 0.0043 103 251 132 281
car 0.0042 68 258 97 331
car 0.0037 0 279 6 364
car 0.0035 123 299 314 373
car 0.0033 17 238 62 265
car 0.0031 0 280 21 367
car 0.0029 96 269 121 302
car 0.0023 128 243 236 333
car 0.0022 180 237 270 272
car 0.0020 126 270 160 321
car 0.0018 121 271 145 300
car 0.0017 132 271 151 304
car 0.0017 1 235 27 273
car 0.0016 116 249 147 271
car 0.0013 83 247 126 275
car 0.0013 46 256 92 332
car 0.0011 106 249 131 259
car 0.0011 34 241 52 251
car 0.0011 143 209 433 312
car 0.0011 314 336 394 375
car 0.0011 -2 266 86 363
car 0.0010 63 243 155 311
