bottle 0.0023 245 216 282 255
chair 0.4768 429 240 499 332
chair 0.0291 384 243 488 331
chair 0.0118 5 214 57 329
chair 0.0106 376 246 440 321
chair 0.0054 10 207 176 331
chair 0.0047 406 201 479 327
chair 0.0045 261 216 309 245
chair 0.0018 374 212 421 312
chair 0.0016 433 220 479 276
chair 0.0014 479 239 500 332
person 0.0038 250 89 268 129
pottedplant 0.0682 381 195 473 320
pottedplant 0.0140 376 247 467 330
pottedplant 0.0070 389 192 467 270
pottedplant 0.0026 384 193 429 279
pottedplant 0.0020 427 202 474 272
pottedplant 0.0020 140 268 181 296
pottedplant 0.0011 411 201 465 254
sofa 0.8787 13 173 327 332
tvmonitor 0.0010 0 100 8 204
