aeroplane 0.1058 282 94 494 167
aeroplane 0.0675 2 130 225 195
aeroplane 0.0095 -3 99 303 194
aeroplane 0.0033 267 59 447 175
aeroplane 0.0020 0 143 140 202
aeroplane 0.0015 -6 124 281 278
bicycle 0.0123 348 82 382 105
boat 0.0082 -5 194 320 310
boat 0.0015 82 266 168 306
boat 0.0013 257 238 337 278
boat 0.0010 83 228 334 304
bus 0.0903 1 49 263 197
bus 0.0547 1 121 260 194
bus 0.0051 52 65 387 174
bus 0.0050 158 77 316 159
bus 0.0049 214 80 263 158
bus 0.0027 6 3 467 158
car 0.5549 151 156 283 214
car 0.0441 471 170 499 217
car 0.0430 281 99 436 163
car 0.0128 -4 119 314 212
car 0.0090 0 158 26 202
car 0.0063 0 154 47 202
car 0.0046 446 147 499 214
car 0.0040 312 82 408 128
car 0.0034 489 153 500 218
car 0.0033 216 80 261 160
car 0.0031 126 171 308 269
car 0.0027 302 62 353 93
car 0.0026 -10 118 340 291
car 0.0023 43 147 287 237
car 0.0022 44 139 214 193
car 0.0021 301 75 354 100
car 0.0020 0 145 139 201
car 0.0019 476 149 500 210
car 0.0018 266 104 382 155
car 0.0017 186 198 245 254
car 0.0017 51 85 373 243
car 0.0016 246 134 337 211
car 0.0016 206 160 299 216
car 0.0013 168 160 332 243
car 0.0013 220 129 260 161
car 0.0013 123 154 214 184
car 0.0012 247 168 315 209
car 0.0010 167 189 274 257
car 0.0010 138 159 191 182
car 0.0010 194 138 277 192
motorbike 0.0020 354 82 387 104
person 0.7432 310 145 333 209
person 0.6668 384 164 411 234
person 0.3929 283 95 304 147
person 0.2596 312 91 334 110
person 0.0482 350 86 362 104
person 0.0228 308 88 340 113
person 0.0203 395 115 425 173
person 0.0161 417 109 437 175
person 0.0136 353 84 374 104
person 0.0101 109 238 130 277
person 0.0086 360 106 450 179
person 0.0081 488 175 499 218
person 0.0056 478 178 500 215
person 0.0040 319 90 337 107
person 0.0039 340 86 365 104
person 0.0037 424 107 442 174
person 0.0036 298 89 346 140
person 0.0035 345 87 357 104
person 0.0034 316 140 334 188
person 0.0033 418 109 464 177
person 0.0033 340 82 390 104
person 0.0031 347 82 369 106
person 0.0030 411 102 429 140
person 0.0025 417 104 439 143
person 0.0024 316 87 335 102
person 0.0024 287 95 303 119
person 0.0024 414 102 434 156
person 0.0023 487 102 499 146
person 0.0022 420 105 480 153
person 0.0019 408 107 421 134
person 0.0019 299 74 347 105
person 0.0015 59 178 68 199
person 0.0015 415 104 426 129
person 0.0014 407 105 423 150
person 0.0013 421 105 433 126
person 0.0012 289 92 314 119
person 0.0012 270 102 315 164
person 0.0011 428 106 439 125
person 0.0011 42 1 87 61
person 0.0010 468 100 500 144
person 0.0010 404 110 419 131
person 0.0010 283 74 379 130
person 0.0010 326 80 372 104
person 0.0010 306 95 332 115
person 0.0010 429 111 446 154
pottedplant 0.0156 423 105 495 151
pottedplant 0.0025 393 106 468 185
pottedplant 0.0020 355 82 386 104
pottedplant 0.0018 408 90 497 168
