bottle 0.0013 130 78 165 117
bottle 0.0012 136 85 155 117
chair 0.1309 412 49 478 99
chair 0.0424 471 89 499 165
chair 0.0356 416 51 498 154
chair 0.0311 119 66 189 136
chair 0.0167 70 67 157 139
chair 0.0156 101 67 227 153
chair 0.0154 461 235 500 377
chair 0.0154 482 62 500 159
chair 0.0148 130 65 178 115
chair 0.0121 1 171 170 373
chair 0.0099 434 39 497 94
chair 0.0092 420 93 498 222
chair 0.0043 404 47 450 95
chair 0.0042 397 64 476 110
chair 0.0037 410 76 472 101
chair 0.0037 398 13 456 100
chair 0.0033 456 123 499 380
chair 0.0031 328 85 381 109
chair 0.0028 479 37 500 122
chair 0.0028 466 40 500 93
chair 0.0027 338 86 495 234
chair 0.0023 467 40 501 152
chair 0.0023 12 170 355 372
chair 0.0023 348 59 395 101
chair 0.0019 473 81 501 223
chair 0.0018 0 178 82 375
chair 0.0016 443 89 500 165
chair 0.0015 383 48 477 144
chair 0.0014 73 74 240 215
chair 0.0013 310 89 348 103
chair 0.0013 19 64 161 174
chair 0.0012 135 82 170 116
chair 0.0012 478 182 499 378
person 0.8662 3 67 198 375
person 0.0049 -2 82 98 375
person 0.0025 80 63 232 276
person 0.0024 -18 69 394 355
person 0.0019 2 205 163 377
person 0.0019 74 0 104 17
person 0.0017 0 88 37 375
person 0.0016 0 92 15 373
person 0.0013 34 0 90 20
pottedplant 0.0012 202 0 211 10
pottedplant 0.0010 398 0 435 95
sofa 0.3730 3 82 506 361
tvmonitor 0.0448 477 25 500 61
tvmonitor 0.0058 351 59 392 97
tvmonitor 0.0052 436 34 502 88
tvmonitor 0.0044 473 41 499 77
tvmonitor 0.0021 469 22 500 82
tvmonitor 0.0011 485 22 500 81
tvmonitor 0.0010 484 23 501 51
tvmonitor 0.0010 439 39 479 83
