boat 0.8068 121 -3 318 274
boat 0.3046 454 77 499 94
boat 0.1168 132 159 311 277
boat 0.0455 250 78 266 89
boat 0.0248 0 55 25 91
boat 0.0150 252 74 280 92
boat 0.0093 252 -3 332 170
boat 0.0087 249 69 270 88
boat 0.0083 147 151 293 217
boat 0.0068 265 94 384 220
boat 0.0066 292 0 328 156
boat 0.0057 293 98 351 198
boat 0.0051 411 79 483 94
boat 0.0049 137 112 304 204
boat 0.0047 20 73 54 92
boat 0.0047 0 70 20 90
boat 0.0044 255 54 294 114
boat 0.0040 0 60 7 90
boat 0.0038 142 38 434 261
boat 0.0037 258 80 286 92
boat 0.0034 248 49 272 89
boat 0.0031 299 21 319 156
boat 0.0026 102 1 242 218
boat 0.0025 222 0 381 210
boat 0.0025 301 47 318 125
boat 0.0023 0 42 6 97
boat 0.0022 3 47 41 89
boat 0.0020 0 67 36 92
boat 0.0019 456 18 500 94
boat 0.0018 292 27 381 195
boat 0.0018 252 30 308 149
boat 0.0018 108 72 135 90
boat 0.0018 306 42 324 121
boat 0.0016 0 74 8 94
boat 0.0016 77 72 106 92
boat 0.0014 441 82 493 96
boat 0.0014 117 74 135 88
boat 0.0014 252 77 264 97
boat 0.0013 192 111 387 237
boat 0.0011 139 71 295 175
boat 0.0011 194 62 205 72
boat 0.0011 418 82 460 92
boat 0.0011 134 227 304 279
person 0.7486 331 89 382 243
person 0.0529 293 101 365 220
person 0.0513 297 114 345 198
person 0.0179 311 91 382 186
person 0.0049 238 129 259 166
person 0.0048 144 147 298 207
person 0.0034 204 169 225 191
person 0.0028 200 172 220 185
person 0.0026 191 173 234 193
person 0.0014 226 111 267 184
person 0.0012 191 130 229 149
person 0.0012 194 171 217 191
person 0.0010 206 156 232 187
sheep 0.0024 87 330 154 376
