boat 0.0032 0 66 19 200
boat 0.0018 15 58 64 106
bus 0.9214 41 140 383 251
bus 0.8229 302 107 498 238
bus 0.7304 -2 136 71 201
bus 0.3816 0 154 43 202
bus 0.0388 488 134 500 227
bus 0.0259 42 147 123 214
bus 0.0193 460 106 500 228
bus 0.0183 420 110 501 230
bus 0.0160 40 143 229 228
bus 0.0141 474 132 499 228
bus 0.0137 482 113 499 204
bus 0.0133 91 110 514 248
bus 0.0097 0 79 17 202
bus 0.0096 0 134 6 200
bus 0.0087 489 149 499 203
bus 0.0087 0 139 14 196
bus 0.0071 381 159 498 231
bus 0.0067 0 164 27 202
bus 0.0064 36 146 83 206
bus 0.0046 308 109 384 235
bus 0.0038 470 143 499 196
bus 0.0032 439 112 501 187
bus 0.0021 323 141 383 217
bus 0.0021 0 164 8 202
bus 0.0017 207 146 386 251
bus 0.0016 -2 157 11 200
bus 0.0015 13 139 142 200
bus 0.0013 491 166 499 199
bus 0.0011 452 173 490 195
bus 0.0010 460 160 499 205
bus 0.0010 0 149 6 183
car 0.0120 0 230 43 342
person 0.0116 308 185 329 213
person 0.0098 337 178 357 212
person 0.0066 327 157 365 210
person 0.0057 0 10 17 181
person 0.0051 304 187 321 211
person 0.0047 311 177 349 214
person 0.0041 340 173 354 201
person 0.0032 261 127 477 237
person 0.0029 330 173 354 207
person 0.0029 279 173 340 223
person 0.0027 356 179 377 213
person 0.0017 0 183 40 328
person 0.0017 340 175 375 226
person 0.0014 379 124 389 140
person 0.0014 198 144 416 241
person 0.0012 349 175 374 206
