bicycle 0.0377 382 219 499 333
horse 0.1251 387 215 499 330
motorbike 0.4395 376 211 500 331
motorbike 0.0761 409 103 500 179
motorbike 0.0024 451 90 500 178
motorbike 0.0017 2 82 94 176
motorbike 0.0013 398 101 462 182
person 0.8896 366 157 499 326
person 0.7003 87 41 129 94
person 0.6691 266 60 318 104
person 0.6308 169 40 214 99
person 0.5941 128 39 177 96
person 0.4605 27 46 69 104
person 0.4397 435 73 483 132
person 0.3754 14 46 75 173
person 0.2901 0 36 20 66
person 0.2435 395 71 438 171
person 0.1393 396 75 474 180
person 0.0594 0 36 39 171
person 0.0545 427 70 486 172
person 0.0397 32 46 94 126
person 0.0357 0 27 20 176
person 0.0188 31 39 110 167
person 0.0171 397 71 434 126
person 0.0153 0 34 25 105
person 0.0118 459 196 499 326
person 0.0083 415 205 499 328
person 0.0079 94 37 156 90
person 0.0077 365 157 434 321
person 0.0071 0 66 81 217
person 0.0067 77 59 154 150
person 0.0061 1 32 66 134
person 0.0052 286 62 315 100
person 0.0051 476 159 500 314
person 0.0047 62 42 132 124
person 0.0038 83 42 179 116
person 0.0035 174 38 209 70
person 0.0035 123 41 180 150
person 0.0028 1 40 31 70
person 0.0028 373 100 501 272
person 0.0028 0 50 17 271
person 0.0024 468 214 500 285
person 0.0023 461 123 499 297
person 0.0023 139 38 223 106
person 0.0021 486 140 499 283
person 0.0021 173 38 244 108
person 0.0021 145 39 180 76
person 0.0020 0 35 11 87
person 0.0020 44 45 117 104
person 0.0018 0 53 42 250
person 0.0016 449 70 498 146
person 0.0012 431 153 499 295
person 0.0011 366 159 412 208
person 0.0010 172 50 228 133
person 0.0010 482 233 500 330
person 0.0010 389 -83 431 -4
