bicycle 0.0043 410 351 494 370
bicycle 0.0021 479 195 500 263
bicycle 0.0010 484 217 500 263
bottle 0.0011 410 354 495 371
bus 0.8995 70 63 398 293
bus 0.3675 380 102 448 260
bus 0.0427 470 153 500 265
bus 0.0357 318 101 445 260
bus 0.0272 305 122 417 226
bus 0.0030 347 131 407 209
bus 0.0027 387 187 450 261
bus 0.0014 442 113 499 257
bus 0.0014 384 139 432 192
bus 0.0012 355 108 433 213
bus 0.0011 332 126 399 254
car 0.0029 387 193 449 261
person 0.2850 305 130 368 187
person 0.2190 100 72 400 279
person 0.2007 249 113 303 182
person 0.0949 292 134 345 196
person 0.0905 221 114 343 213
person 0.0601 265 131 319 200
person 0.0422 306 122 415 224
person 0.0316 317 128 388 202
person 0.0257 229 133 286 200
person 0.0164 212 106 409 235
person 0.0107 344 140 387 189
person 0.0100 281 124 329 180
person 0.0078 267 113 309 163
person 0.0060 217 149 275 208
person 0.0055 252 109 303 152
person 0.0035 259 139 299 202
person 0.0025 237 99 284 171
person 0.0024 316 122 367 167
person 0.0020 351 128 400 194
person 0.0017 270 100 345 186
person 0.0014 332 121 384 176
