car 0.7783 462 47 499 101
car 0.0357 465 65 498 136
car 0.0243 309 55 500 198
car 0.0060 469 47 500 75
car 0.0058 385 52 407 64
car 0.0056 354 52 381 88
car 0.0030 452 59 500 177
car 0.0029 455 63 496 111
car 0.0029 475 38 500 68
car 0.0024 62 5 200 90
car 0.0018 438 43 494 99
car 0.0018 358 50 500 154
car 0.0015 486 51 499 98
car 0.0015 344 51 418 92
car 0.0012 311 46 373 100
motorbike 0.7693 0 7 497 300
motorbike 0.0035 286 52 502 248
motorbike 0.0016 -2 6 230 268
person 0.0077 0 -2 15 89
person 0.0046 0 -3 6 82
