bottle 0.0014 247 210 274 247
bottle 0.0012 235 170 290 290
cat 0.0010 0 3 53 173
chair 0.0187 219 118 378 376
chair 0.0105 124 55 390 377
chair 0.0076 0 287 42 376
chair 0.0049 0 153 44 260
chair 0.0027 256 128 376 284
chair 0.0017 0 2 50 328
chair 0.0014 2 23 280 370
chair 0.0013 23 269 201 376
diningtable 0.0096 0 296 42 375
diningtable 0.0024 0 145 45 254
person 0.8761 124 29 289 375
person 0.0141 0 2 51 281
person 0.0010 0 3 15 283
pottedplant 0.0052 2 216 38 278
pottedplant 0.0020 7 244 35 276
pottedplant 0.0014 0 1 53 154
sofa 0.0069 114 113 407 379
sofa 0.0011 31 47 309 373
tvmonitor 0.0079 307 122 377 285
tvmonitor 0.0044 457 16 499 338
tvmonitor 0.0025 366 251 500 373
