cat 0.0014 445 204 499 254
chair 0.7597 58 248 208 377
chair 0.2820 296 237 486 374
chair 0.2333 0 104 137 248
chair 0.1983 379 101 501 253
chair 0.0299 382 225 499 369
chair 0.0265 130 90 376 298
chair 0.0201 0 0 151 266
chair 0.0144 294 112 501 376
chair 0.0121 97 102 484 375
chair 0.0091 398 132 498 318
chair 0.0066 316 301 479 375
chair 0.0038 376 229 468 330
chair 0.0033 91 243 483 374
chair 0.0028 436 197 500 369
chair 0.0020 124 12 376 118
chair 0.0015 36 -1 385 303
chair 0.0015 454 138 499 259
chair 0.0014 484 219 500 372
chair 0.0013 1 234 71 373
chair 0.0010 372 -1 500 218
chair 0.0010 181 258 349 372
chair 0.0010 60 243 129 371
diningtable 0.0138 400 229 500 370
dog 0.0055 440 205 499 256
dog 0.0029 438 161 500 285
person 0.0027 413 141 501 321
person 0.0014 463 97 499 206
pottedplant 0.0069 39 -1 160 118
pottedplant 0.0016 34 -2 157 242
sofa 0.0411 0 110 135 264
sofa 0.0295 289 238 479 375
sofa 0.0190 19 239 500 373
tvmonitor 0.0017 132 242 486 374
