bird 0.1104 120 -3 494 335
bird 0.0507 267 176 475 333
bird 0.0355 311 178 450 290
bird 0.0178 266 -1 501 265
bird 0.0132 0 1 323 329
bird 0.0076 334 182 414 273
bird 0.0040 220 89 457 321
bird 0.0025 240 149 399 327
bird 0.0023 0 219 88 333
bird 0.0014 262 200 374 331
bird 0.0012 315 107 498 321
cat 0.2049 103 -1 493 328
cat 0.0041 10 220 303 332
cat 0.0015 119 1 294 303
chair 0.0010 337 4 500 290
dog 0.0182 4 0 320 330
dog 0.0077 4 217 260 331
dog 0.0068 329 181 501 333
dog 0.0030 0 221 105 332
person 0.0578 312 280 401 330
person 0.0126 203 288 293 328
person 0.0091 284 186 497 332
person 0.0055 305 262 463 332
sheep 0.0097 357 242 501 332
