bicycle 0.0074 5 231 107 375
bird 0.0412 417 23 445 49
bird 0.0010 414 21 449 63
bottle 0.0043 89 278 201 375
bottle 0.0015 18 230 101 376
bottle 0.0015 14 231 197 374
bottle 0.0010 460 105 500 351
cat 0.6134 79 156 332 376
chair 0.0021 2 233 101 374
chair 0.0017 95 276 215 374
pottedplant 0.0091 12 232 102 375
tvmonitor 0.4656 448 113 499 236
tvmonitor 0.1311 416 106 463 221
tvmonitor 0.0425 364 115 420 183
tvmonitor 0.0379 312 127 413 232
tvmonitor 0.0075 0 0 101 247
tvmonitor 0.0063 365 109 464 220
tvmonitor 0.0053 470 116 500 271
tvmonitor 0.0034 96 276 210 375
tvmonitor 0.0030 371 52 453 202
tvmonitor 0.0019 415 105 487 266
tvmonitor 0.0016 403 33 463 230
tvmonitor 0.0013 346 87 431 198
tvmonitor 0.0012 464 133 499 222
