chair 0.1254 8 40 345 377
chair 0.0548 166 28 352 192
chair 0.0285 -1 44 211 207
chair 0.0131 133 17 387 295
chair 0.0067 265 74 384 246
chair 0.0026 -4 143 309 480
chair 0.0024 5 16 340 219
chair 0.0024 161 24 267 145
chair 0.0013 10 176 278 357
chair 0.0011 1 72 220 338
diningtable 0.0032 -9 214 318 500
dog 0.9196 40 372 189 499
dog 0.7525 103 113 203 209
dog 0.6442 255 64 314 134
dog 0.1219 225 44 332 144
dog 0.0178 66 70 228 287
dog 0.0062 265 86 379 130
dog 0.0061 259 63 383 194
dog 0.0028 21 103 204 209
dog 0.0016 248 68 349 155
dog 0.0016 102 157 202 221
dog 0.0011 263 104 319 147
sofa 0.2930 31 15 346 367
sofa 0.1944 56 58 265 267
sofa 0.1866 81 90 227 240
sofa 0.0116 14 332 313 502
sofa 0.0066 0 29 330 223
sofa 0.0027 -9 177 316 499
