bottle 0.0683 147 240 191 331
car 0.0033 2 1 52 42
car 0.0028 26 2 73 21
car 0.0026 12 1 119 39
car 0.0013 25 2 95 30
car 0.0010 1 4 70 59
chair 0.5549 325 39 490 243
chair 0.3432 0 76 70 316
chair 0.0775 326 38 473 151
chair 0.0138 325 60 411 170
chair 0.0119 142 71 236 141
chair 0.0107 0 76 59 178
chair 0.0053 208 68 288 141
chair 0.0016 0 107 35 341
chair 0.0015 141 5 253 137
chair 0.0015 0 118 16 338
chair 0.0015 140 76 213 183
chair 0.0012 402 57 491 230
chair 0.0012 0 105 103 371
chair 0.0010 327 37 409 130
diningtable 0.1429 108 81 500 304
diningtable 0.0412 114 123 378 284
diningtable 0.0031 83 140 428 372
dog 0.0024 0 167 14 360
person 0.0106 192 2 285 137
person 0.0034 0 46 10 137
person 0.0018 140 5 256 139
person 0.0018 0 55 16 172
person 0.0014 0 49 5 129
pottedplant 0.0506 230 76 293 140
pottedplant 0.0471 273 102 332 180
pottedplant 0.0372 245 75 330 166
pottedplant 0.0358 139 119 206 193
pottedplant 0.0221 321 105 373 182
pottedplant 0.0216 177 125 443 231
pottedplant 0.0141 155 52 467 239
pottedplant 0.0132 329 117 378 156
pottedplant 0.0128 306 96 386 199
pottedplant 0.0119 319 149 363 194
pottedplant 0.0086 300 73 431 216
pottedplant 0.0085 214 55 321 140
pottedplant 0.0082 240 103 286 139
pottedplant 0.0051 204 6 298 137
pottedplant 0.0048 278 151 394 208
pottedplant 0.0041 317 96 367 155
pottedplant 0.0040 314 164 353 202
pottedplant 0.0033 119 106 213 246
pottedplant 0.0027 273 139 320 185
pottedplant 0.0024 227 110 307 189
pottedplant 0.0022 344 132 384 177
pottedplant 0.0019 324 135 385 195
pottedplant 0.0019 0 141 16 341
pottedplant 0.0019 180 64 299 160
pottedplant 0.0018 144 70 261 148
pottedplant 0.0018 343 123 372 155
pottedplant 0.0015 28 14 495 303
pottedplant 0.0015 347 150 387 206
pottedplant 0.0011 253 120 319 181
pottedplant 0.0010 219 49 380 160
pottedplant 0.0010 279 99 360 197
