bicycle 0.0047 1 85 498 339
bicycle 0.0033 66 0 169 59
bicycle 0.0015 416 20 500 320
bottle 0.0021 75 0 161 56
car 0.0043 0 3 34 190
car 0.0036 1 1 171 152
car 0.0034 12 0 350 168
car 0.0033 0 11 18 159
car 0.0023 214 0 265 19
car 0.0014 151 2 295 90
car 0.0013 46 -1 317 105
car 0.0012 0 4 55 136
chair 0.0010 67 0 212 64
motorbike 0.7474 1 12 495 329
motorbike 0.0928 238 4 434 112
motorbike 0.0518 302 5 479 139
motorbike 0.0363 217 5 500 268
motorbike 0.0290 0 1 226 163
motorbike 0.0203 300 2 425 89
motorbike 0.0082 222 1 291 80
motorbike 0.0062 0 -2 38 23
motorbike 0.0056 417 11 499 238
motorbike 0.0053 238 1 337 90
motorbike 0.0048 9 0 205 96
motorbike 0.0040 0 2 52 149
motorbike 0.0032 279 4 326 72
motorbike 0.0031 176 3 360 130
motorbike 0.0027 21 1 161 64
motorbike 0.0023 203 5 290 125
motorbike 0.0022 0 -3 21 19
motorbike 0.0019 103 8 471 192
motorbike 0.0018 -1 -2 91 68
motorbike 0.0016 358 5 455 77
motorbike 0.0016 -2 8 320 248
motorbike 0.0015 226 9 389 180
motorbike 0.0014 285 0 372 69
motorbike 0.0012 70 1 239 69
person 0.1661 0 -1 46 66
person 0.1393 419 2 494 158
person 0.1033 0 1 21 68
person 0.0293 0 5 10 70
person 0.0201 223 0 288 87
person 0.0195 486 1 499 82
person 0.0193 323 2 496 193
person 0.0166 484 4 499 166
person 0.0160 417 2 497 71
person 0.0121 399 -1 499 240
person 0.0113 454 4 500 192
person 0.0098 282 1 313 66
person 0.0081 492 -3 500 74
person 0.0061 464 0 500 99
person 0.0060 0 -2 39 22
person 0.0059 0 0 14 125
person 0.0043 226 4 261 84
person 0.0043 0 -3 31 120
person 0.0041 7 0 68 51
person 0.0037 292 4 323 64
person 0.0034 475 0 500 215
person 0.0032 343 0 398 43
person 0.0023 265 0 298 74
person 0.0020 299 1 336 58
person 0.0017 488 40 500 204
person 0.0013 1 -3 73 87
person 0.0013 374 2 492 93
person 0.0012 474 -1 500 57
person 0.0010 493 -10 500 43
person 0.0010 206 -1 271 116
person 0.0010 483 21 500 294
person 0.0010 355 0 423 47
person 0.0010 215 0 274 50
