cat 0.0136 0 63 55 375
cat 0.0012 0 63 111 373
cow 0.0723 28 76 493 336
cow 0.0211 175 95 421 346
cow 0.0027 0 55 83 365
cow 0.0024 1 39 187 368
cow 0.0018 488 55 499 90
cow 0.0015 159 83 252 309
horse 0.2016 188 90 492 357
horse 0.0359 7 38 504 340
horse 0.0069 4 39 217 364
horse 0.0061 352 140 488 370
horse 0.0025 68 59 219 278
horse 0.0011 141 81 249 308
horse 0.0010 188 88 350 326
sheep 0.1058 181 94 457 347
sheep 0.0045 12 48 309 306
sheep 0.0041 362 151 474 370
sheep 0.0019 133 99 351 334
sheep 0.0014 183 85 303 307
sheep 0.0011 435 186 501 371
sheep 0.0010 240 169 492 369
