bottle 0.0134 461 162 475 203
bottle 0.0031 456 160 480 231
person 0.8680 1 207 162 331
person 0.4307 175 48 253 316
person 0.2592 177 49 249 149
person 0.0266 346 74 385 156
person 0.0233 368 73 392 144
person 0.0140 168 45 268 203
person 0.0073 439 165 493 292
person 0.0032 207 52 247 137
person 0.0027 439 170 473 261
person 0.0025 435 56 499 312
person 0.0022 230 97 263 296
person 0.0019 455 150 481 244
person 0.0015 485 185 500 310
person 0.0014 333 34 450 176
person 0.0013 191 52 235 134
person 0.0012 455 119 497 283
person 0.0012 216 61 276 313
person 0.0012 231 160 262 242
person 0.0011 417 136 488 279
pottedplant 0.0034 445 31 475 123
pottedplant 0.0011 460 13 498 138
train 0.2953 18 1 496 336
train 0.0545 148 25 292 293
train 0.0216 93 46 353 333
train 0.0029 267 13 496 329
tvmonitor 0.0023 364 46 449 167
tvmonitor 0.0019 235 -15 497 281
tvmonitor 0.0018 307 22 475 234
