bottle 0.0059 150 146 204 282
car 0.4226 228 260 271 300
car 0.2774 234 258 270 283
car 0.0645 224 271 259 301
car 0.0246 203 308 260 321
car 0.0121 293 137 343 160
car 0.0111 203 255 235 278
car 0.0109 200 237 228 254
car 0.0108 178 264 269 316
car 0.0104 202 298 258 319
car 0.0075 201 244 233 270
car 0.0070 189 255 251 300
car 0.0067 187 285 258 319
car 0.0055 200 207 231 230
car 0.0052 223 265 300 310
car 0.0046 227 254 265 275
car 0.0038 202 240 217 253
car 0.0038 226 256 241 274
car 0.0035 218 257 237 276
car 0.0035 224 239 240 260
car 0.0033 204 254 248 287
car 0.0026 311 141 343 160
car 0.0025 241 258 269 274
car 0.0021 193 272 262 304
car 0.0017 196 241 240 282
car 0.0013 154 246 282 324
car 0.0012 229 266 255 293
car 0.0011 247 263 275 287
car 0.0011 226 261 258 277
car 0.0011 225 279 249 301
car 0.0011 154 186 362 338
car 0.0010 200 214 231 253
car 0.0010 205 244 302 316
car 0.0010 225 235 236 249
chair 0.0111 5 229 154 320
chair 0.0092 70 286 154 321
chair 0.0027 0 219 64 321
person 0.0034 0 175 71 319
person 0.0013 0 147 121 320
pottedplant 0.0680 154 144 208 246
pottedplant 0.0111 168 145 212 213
pottedplant 0.0034 75 82 266 278
pottedplant 0.0032 131 138 230 263
pottedplant 0.0012 155 177 206 300
pottedplant 0.0010 188 187 230 257
pottedplant 0.0010 0 177 77 321
train 0.0701 236 63 495 312
train 0.0284 299 139 339 160
train 0.0043 307 72 498 239
train 0.0015 265 113 374 184
train 0.0012 98 111 473 334
train 0.0012 200 64 424 238
train 0.0010 250 115 387 285
tvmonitor 0.0211 290 134 342 159
tvmonitor 0.0031 237 135 284 167
tvmonitor 0.0012 297 137 320 155
tvmonitor 0.0011 280 135 323 156
