boat 0.0034 472 179 499 288
bottle 0.0022 472 176 500 290
car 0.9599 9 61 310 297
car 0.8395 228 96 489 235
car 0.0953 330 105 492 218
car 0.0489 486 114 500 180
car 0.0184 475 115 500 203
car 0.0176 484 119 500 154
car 0.0175 226 95 339 217
car 0.0120 469 99 500 253
car 0.0064 489 110 500 147
car 0.0051 413 112 499 204
car 0.0035 362 113 495 176
car 0.0026 449 124 498 209
car 0.0022 472 168 500 297
car 0.0016 0 121 15 166
car 0.0016 128 97 354 234
car 0.0015 476 119 500 166
car 0.0014 0 102 43 183
car 0.0011 229 98 411 187
car 0.0010 0 123 6 142
chair 0.0126 472 189 499 295
chair 0.0015 412 280 500 334
motorbike 0.3048 0 135 21 183
motorbike 0.0224 0 125 40 179
motorbike 0.0035 0 129 12 176
motorbike 0.0021 3 108 50 172
motorbike 0.0011 0 144 13 201
person 0.0982 470 112 500 285
person 0.0293 486 107 500 214
person 0.0178 489 112 500 152
person 0.0170 454 109 467 135
person 0.0044 449 97 499 300
person 0.0029 490 82 500 145
person 0.0020 0 134 16 159
person 0.0018 492 123 500 210
person 0.0016 481 122 500 253
person 0.0016 455 111 476 143
person 0.0014 0 132 9 153
