bird 0.6254 184 142 373 270
bird 0.0094 187 144 287 264
bird 0.0035 25 394 325 499
bird 0.0023 19 0 195 174
bird 0.0020 179 124 346 384
bird 0.0020 139 0 206 29
bird 0.0018 149 109 288 318
bird 0.0014 163 53 357 280
bird 0.0013 6 2 335 480
bottle 0.0168 22 390 214 499
bottle 0.0074 3 -2 243 437
bottle 0.0029 19 358 129 488
bottle 0.0020 44 363 120 444
bottle 0.0020 330 116 374 204
bottle 0.0019 72 466 279 500
bottle 0.0016 3 405 119 499
bottle 0.0011 142 485 211 500
bottle 0.0011 0 349 297 501
bottle 0.0010 1 343 118 444
cat 0.0057 98 418 360 499
cat 0.0045 99 458 355 500
person 0.0097 10 -1 208 168
person 0.0033 -1 27 307 498
person 0.0027 103 389 226 499
person 0.0010 114 0 224 183
pottedplant 0.0103 53 386 350 499
pottedplant 0.0030 8 -4 286 438
sheep 0.0053 6 -2 209 167
