aeroplane 0.4970 143 85 422 272
aeroplane 0.0574 5 26 420 299
aeroplane 0.0136 7 150 380 296
aeroplane 0.0091 3 224 205 295
aeroplane 0.0035 264 85 417 256
aeroplane 0.0023 171 169 294 253
aeroplane 0.0021 27 255 148 294
aeroplane 0.0019 196 185 268 236
aeroplane 0.0017 0 28 86 187
aeroplane 0.0016 216 184 296 264
aeroplane 0.0013 0 1 182 298
aeroplane 0.0013 265 51 495 278
aeroplane 0.0011 271 90 412 180
aeroplane 0.0010 0 -4 39 226
car 0.0080 57 263 130 295
car 0.0027 11 257 146 294
car 0.0020 41 267 91 292
car 0.0014 215 201 249 243
person 0.4765 376 189 394 228
person 0.2372 114 267 127 295
person 0.2109 166 205 176 229
person 0.1396 104 267 117 295
person 0.0508 199 244 212 269
person 0.0074 271 248 286 275
person 0.0063 108 270 123 296
person 0.0037 98 267 134 298
person 0.0029 360 179 395 235
person 0.0025 374 193 388 238
person 0.0018 59 264 130 295
person 0.0013 373 197 397 250
person 0.0012 125 267 141 291
person 0.0011 128 269 140 284
person 0.0010 377 187 393 211
person 0.0010 218 209 247 242
