car 0.0427 238 0 279 24
car 0.0394 134 39 170 53
car 0.0202 338 7 374 47
car 0.0095 340 20 370 43
car 0.0090 173 58 194 75
car 0.0070 147 41 174 60
car 0.0050 319 2 378 43
car 0.0028 261 0 321 27
car 0.0028 158 44 174 61
car 0.0024 252 0 283 19
car 0.0022 341 16 356 41
car 0.0019 239 0 310 20
car 0.0014 188 0 280 19
car 0.0013 199 0 227 9
car 0.0010 296 0 324 27
person 0.2420 191 218 213 279
person 0.0626 190 218 207 257
person 0.0335 197 221 223 274
person 0.0241 188 218 227 295
person 0.0101 200 219 229 256
person 0.0072 173 154 279 305
person 0.0067 193 219 218 251
person 0.0062 72 38 310 461
person 0.0055 153 113 164 150
person 0.0051 312 0 322 18
person 0.0047 192 219 209 242
person 0.0047 196 202 233 260
person 0.0036 146 147 318 371
person 0.0026 187 219 203 277
person 0.0023 168 123 185 156
person 0.0017 204 219 228 239
person 0.0017 180 189 318 324
person 0.0016 160 205 226 293
person 0.0012 127 183 252 297
person 0.0011 151 108 171 160
train 0.5773 88 14 327 335
train 0.0049 -7 2 317 514
train 0.0038 185 103 326 323
train 0.0023 117 46 185 111
train 0.0012 124 38 176 90
