bicycle 0.0032 442 281 500 375
bottle 0.5596 370 262 432 365
bottle 0.0010 373 278 501 374
chair 0.0170 1 207 43 330
chair 0.0081 0 216 11 373
chair 0.0042 444 221 500 377
chair 0.0034 0 195 16 327
chair 0.0027 440 303 500 375
chair 0.0017 0 238 27 375
chair 0.0011 481 190 499 374
diningtable 0.0102 18 321 447 378
diningtable 0.0024 441 296 499 375
diningtable 0.0020 233 333 494 375
person 0.0035 444 181 500 376
person 0.0016 482 211 499 376
person 0.0010 0 120 14 323
pottedplant 0.0264 2 332 108 374
tvmonitor 0.9160 189 51 319 159
tvmonitor 0.0047 488 161 500 219
tvmonitor 0.0011 305 47 359 158
