bottle 0.0170 263 222 274 264
bottle 0.0085 19 11 169 343
bottle 0.0033 236 237 251 257
bottle 0.0014 269 220 283 264
bottle 0.0010 218 234 230 266
car 0.1073 2 296 285 382
car 0.0041 219 294 287 377
cat 0.0091 5 0 184 306
diningtable 0.0290 3 301 275 382
person 0.0324 41 237 234 338
person 0.0264 -6 206 276 367
person 0.0227 100 262 179 306
person 0.0215 72 260 205 313
person 0.0055 218 253 232 299
person 0.0042 274 226 287 264
person 0.0038 262 220 279 288
person 0.0037 48 135 218 359
person 0.0030 272 236 286 297
person 0.0018 91 193 177 302
person 0.0016 14 95 169 339
person 0.0014 218 234 231 269
person 0.0014 255 264 271 299
person 0.0011 70 8 181 347
person 0.0010 263 228 274 270
sofa 0.0129 0 294 261 383
