bottle 0.0051 257 143 313 294
bottle 0.0018 259 141 310 219
chair 0.0087 53 140 282 442
chair 0.0040 30 210 440 435
chair 0.0025 58 286 219 436
chair 0.0011 166 171 292 439
person 0.8913 254 64 453 440
person 0.6534 54 92 279 440
person 0.0250 226 106 344 391
person 0.0195 112 95 435 433
person 0.0143 257 147 312 316
person 0.0045 350 89 454 413
person 0.0035 158 103 319 449
person 0.0017 259 142 310 219
person 0.0015 281 67 446 290
person 0.0013 184 84 392 357
sofa 0.0356 105 98 347 437
sofa 0.0122 25 177 451 439
