bicycle 0.0084 385 114 500 353
boat 0.0124 467 66 500 165
boat 0.0011 452 43 501 210
bus 0.0113 466 51 500 165
car 0.0472 0 7 202 213
car 0.0081 0 90 14 192
car 0.0058 465 61 499 164
car 0.0043 0 135 22 190
car 0.0033 0 85 32 198
car 0.0025 0 97 7 150
car 0.0025 -1 7 65 202
car 0.0024 2 288 218 439
car 0.0021 0 7 15 202
car 0.0017 465 98 499 199
car 0.0017 443 56 500 252
car 0.0016 469 95 500 153
car 0.0014 0 108 6 191
car 0.0014 0 5 134 133
diningtable 0.0021 -14 320 491 440
motorbike 0.5496 93 81 482 432
motorbike 0.2883 24 77 192 287
motorbike 0.0453 52 52 373 311
motorbike 0.0164 25 129 160 251
motorbike 0.0067 89 48 243 305
motorbike 0.0059 326 38 497 367
motorbike 0.0046 167 19 440 339
motorbike 0.0028 6 14 139 267
motorbike 0.0024 60 133 224 241
motorbike 0.0017 42 54 141 125
motorbike 0.0017 29 111 202 214
person 0.3435 21 14 203 245
person 0.2897 214 38 347 225
person 0.0951 120 38 359 280
person 0.0513 337 10 452 251
person 0.0490 96 20 203 213
person 0.0314 336 30 397 216
person 0.0182 265 38 341 166
person 0.0107 82 11 264 245
person 0.0074 278 28 409 234
person 0.0050 356 1 503 298
person 0.0031 44 23 195 147
person 0.0030 0 44 11 191
person 0.0027 340 7 449 124
person 0.0021 323 29 422 166
person 0.0020 284 43 381 151
person 0.0019 297 24 439 325
person 0.0016 382 3 482 220
person 0.0015 220 38 344 127
person 0.0011 230 41 317 182
person 0.0010 126 19 205 143
sheep 0.0015 35 46 151 116
