bus 0.6999 28 105 483 318
bus 0.2519 226 86 495 256
bus 0.1128 0 7 57 291
bus 0.1026 429 97 500 297
bus 0.0337 12 147 256 294
bus 0.0258 0 169 13 230
bus 0.0207 460 120 500 302
bus 0.0176 0 165 57 285
bus 0.0165 0 159 14 281
bus 0.0123 0 163 28 302
bus 0.0093 0 85 20 292
bus 0.0086 411 126 498 237
bus 0.0085 0 15 118 312
bus 0.0064 0 158 117 282
bus 0.0054 0 168 22 237
bus 0.0038 2 173 74 367
bus 0.0025 0 62 51 222
bus 0.0024 0 176 11 212
bus 0.0022 1 95 36 261
bus 0.0022 357 85 500 252
bus 0.0018 318 90 473 299
bus 0.0018 452 93 500 234
bus 0.0017 1 24 216 276
bus 0.0017 17 112 284 246
bus 0.0011 481 122 499 295
bus 0.0010 79 92 501 189
car 0.0217 0 158 25 352
car 0.0033 466 188 499 299
car 0.0019 0 224 13 355
car 0.0013 0 202 21 314
car 0.0011 0 286 7 320
person 0.8844 10 200 66 365
person 0.0098 1 201 39 362
person 0.0029 266 194 307 222
person 0.0029 0 206 19 357
person 0.0019 2 164 84 330
person 0.0018 221 200 233 221
person 0.0015 360 180 388 217
person 0.0011 407 188 437 226
person 0.0010 0 100 31 142
