bottle 0.0084 346 143 372 188
bottle 0.0076 232 86 435 275
bottle 0.0054 222 70 259 105
bottle 0.0030 57 359 77 375
bottle 0.0024 271 136 396 203
bottle 0.0014 328 132 388 215
bottle 0.0012 263 147 350 219
chair 0.0096 413 227 501 372
chair 0.0063 160 205 415 375
chair 0.0046 228 86 436 279
chair 0.0023 153 272 367 376
chair 0.0015 -1 217 288 374
chair 0.0010 331 221 500 373
person 0.5570 0 -5 251 375
person 0.3789 141 130 436 370
person 0.0196 31 38 440 345
person 0.0189 154 316 190 376
person 0.0178 297 152 435 367
person 0.0160 196 80 430 292
person 0.0053 486 103 500 338
person 0.0046 0 3 147 321
person 0.0039 71 13 295 282
person 0.0023 124 43 240 245
person 0.0018 153 313 225 375
person 0.0016 7 212 416 373
person 0.0015 282 124 428 289
person 0.0015 249 100 389 268
person 0.0013 0 14 45 378
person 0.0012 299 161 408 270
person 0.0011 478 129 499 383
sofa 0.0019 420 219 500 372
