cat 0.0011 106 0 236 92
pottedplant 0.7258 42 27 312 494
pottedplant 0.0148 0 133 110 452
pottedplant 0.0114 167 0 242 99
pottedplant 0.0105 166 -2 373 114
pottedplant 0.0076 222 0 375 73
pottedplant 0.0048 -8 17 198 459
pottedplant 0.0041 170 0 241 49
pottedplant 0.0033 51 -37 237 384
pottedplant 0.0022 186 96 370 429
pottedplant 0.0016 105 0 209 106
pottedplant 0.0014 150 0 361 51
pottedplant 0.0014 1 203 77 423
pottedplant 0.0012 195 161 364 328
pottedplant 0.0011 73 0 135 13
pottedplant 0.0010 140 170 310 467
pottedplant 0.0010 202 0 304 110
