bicycle 0.0421 339 218 446 307
bicycle 0.0048 0 100 51 320
bicycle 0.0039 359 260 446 306
bicycle 0.0019 183 90 225 131
bicycle 0.0016 365 225 426 289
bicycle 0.0015 325 179 420 303
boat 0.0367 337 217 440 306
boat 0.0027 338 160 478 311
boat 0.0021 340 270 454 321
boat 0.0013 326 150 418 307
bottle 0.0020 437 253 445 281
diningtable 0.0011 332 288 477 328
person 0.0027 436 253 446 288
person 0.0012 371 226 430 289
pottedplant 0.0116 354 261 455 307
pottedplant 0.0038 400 263 450 307
pottedplant 0.0013 366 291 390 307
pottedplant 0.0010 442 319 472 335
train 0.9051 161 127 282 239
train 0.0037 331 117 493 315
