bottle 0.2094 175 162 203 240
bottle 0.1140 162 165 183 240
bottle 0.0690 203 124 224 160
bottle 0.0388 120 36 147 86
bottle 0.0139 162 164 216 251
bottle 0.0118 250 164 279 241
bottle 0.0065 195 121 232 156
bottle 0.0058 172 101 254 156
bottle 0.0055 108 100 196 238
bottle 0.0045 116 36 148 121
bottle 0.0038 136 149 209 295
bottle 0.0030 253 151 285 221
bottle 0.0027 204 125 233 179
bottle 0.0025 161 150 204 225
bottle 0.0022 189 116 247 169
bottle 0.0021 261 137 285 192
bottle 0.0019 390 209 415 276
bottle 0.0017 325 179 494 303
bottle 0.0016 176 137 245 232
bottle 0.0016 221 159 307 253
bottle 0.0011 108 128 307 274
bottle 0.0011 117 235 171 335
car 0.0021 35 67 137 106
diningtable 0.4862 78 142 447 375
diningtable 0.0173 40 267 482 376
diningtable 0.0010 129 323 482 375
person 0.8920 165 70 259 159
person 0.8502 -1 114 102 375
person 0.6927 325 156 500 375
person 0.6543 294 88 391 213
person 0.6260 74 86 160 218
person 0.5461 384 85 488 167
person 0.5153 271 83 340 180
person 0.2942 101 85 170 184
person 0.2153 379 85 500 225
person 0.0565 121 89 163 168
person 0.0339 43 96 177 369
person 0.0337 97 142 503 379
person 0.0267 326 89 388 162
person 0.0252 394 83 501 369
person 0.0203 315 89 453 239
person 0.0192 281 84 332 143
person 0.0166 3 110 123 248
person 0.0156 300 87 496 316
person 0.0145 463 157 500 375
person 0.0130 44 108 151 274
person 0.0070 0 103 16 392
person 0.0061 481 129 500 364
person 0.0056 311 146 430 322
person 0.0055 89 69 153 155
person 0.0051 282 85 404 299
person 0.0051 479 86 499 229
person 0.0050 78 85 202 269
person 0.0041 115 36 150 142
person 0.0038 232 87 319 170
person 0.0036 303 92 347 148
person 0.0032 339 88 478 190
person 0.0032 296 85 375 155
person 0.0031 471 71 500 319
person 0.0028 332 89 410 220
person 0.0027 280 108 360 217
person 0.0026 116 131 226 313
person 0.0024 320 190 420 277
person 0.0021 0 100 34 386
person 0.0021 15 128 315 370
person 0.0020 224 115 466 345
person 0.0020 0 33 18 228
person 0.0018 323 162 473 284
person 0.0016 437 70 500 318
person 0.0014 379 99 447 165
person 0.0012 252 95 343 229
person 0.0012 485 115 500 273
person 0.0011 429 193 501 375
person 0.0010 0 102 14 212
pottedplant 0.0050 303 2 328 92
pottedplant 0.0047 242 45 284 113
