bottle 0.0128 0 162 28 369
bottle 0.0069 275 277 315 363
bottle 0.0060 0 291 26 368
bottle 0.0027 249 250 345 371
bottle 0.0027 1 329 80 376
bottle 0.0027 238 7 285 58
bottle 0.0021 257 17 274 59
bottle 0.0019 207 242 403 372
bottle 0.0012 286 1 325 56
chair 0.0669 167 68 292 193
chair 0.0446 0 94 26 372
chair 0.0155 486 178 500 333
chair 0.0093 0 34 47 375
chair 0.0087 86 46 298 198
chair 0.0078 385 176 500 374
chair 0.0059 477 133 500 347
chair 0.0058 184 157 466 374
chair 0.0033 0 12 112 240
chair 0.0029 32 0 424 354
chair 0.0026 442 83 503 354
chair 0.0025 0 81 114 381
chair 0.0012 97 53 372 305
diningtable 0.0156 9 40 301 256
person 0.8776 184 72 468 374
person 0.6409 78 144 223 373
person 0.0191 60 128 413 369
person 0.0049 484 92 499 351
person 0.0046 0 47 34 371
person 0.0027 22 62 290 356
person 0.0026 163 146 325 370
person 0.0023 186 164 302 243
person 0.0020 156 125 381 297
person 0.0018 0 40 17 334
pottedplant 0.0092 313 1 344 55
pottedplant 0.0084 309 -1 333 19
pottedplant 0.0061 310 0 335 37
pottedplant 0.0025 0 54 19 346
pottedplant 0.0011 288 0 343 63
tvmonitor 0.2693 82 0 215 51
tvmonitor 0.0243 0 3 54 61
tvmonitor 0.0087 214 3 284 57
tvmonitor 0.0042 0 10 32 59
tvmonitor 0.0027 166 16 215 43
tvmonitor 0.0025 171 0 291 47
tvmonitor 0.0024 1 1 106 58
tvmonitor 0.0020 135 0 229 43
tvmonitor 0.0014 174 0 215 40
tvmonitor 0.0011 19 1 174 55
