bottle 0.0015 47 119 54 136
cat 0.0268 2 243 76 318
chair 0.0322 1 168 126 293
chair 0.0119 0 220 76 319
chair 0.0062 1 189 45 313
chair 0.0060 117 187 215 330
chair 0.0032 108 250 478 333
chair 0.0024 0 156 18 315
chair 0.0021 258 210 498 332
diningtable 0.0585 0 170 123 293
dog 0.0180 0 243 74 316
person 0.6365 97 78 187 276
person 0.6337 123 73 252 328
person 0.6204 273 118 499 335
person 0.4267 192 187 348 323
person 0.1740 224 159 454 314
person 0.1300 235 188 378 289
person 0.0239 133 188 493 333
person 0.0190 137 94 356 327
person 0.0165 269 191 361 257
person 0.0102 295 188 385 272
person 0.0019 159 68 249 231
person 0.0011 280 190 427 307
person 0.0011 278 191 355 319
person 0.0010 291 188 338 263
sofa 0.0626 0 165 123 287
