bottle 0.0018 92 61 200 149
dog 0.0012 172 230 284 334
person 0.7188 259 116 452 336
person 0.6219 341 42 499 322
person 0.5942 168 177 280 333
person 0.5728 20 73 188 333
person 0.5232 0 37 111 334
person 0.0863 79 61 229 327
person 0.0196 119 105 272 333
person 0.0109 217 24 484 344
person 0.0057 177 166 264 260
person 0.0055 84 68 209 204
person 0.0051 153 141 292 290
person 0.0041 56 66 355 328
person 0.0035 1 35 54 335
person 0.0030 175 129 347 331
person 0.0021 -3 41 20 341
person 0.0016 255 117 367 313
