bird 0.0010 2 0 302 226
bottle 0.0103 486 0 498 33
bottle 0.0077 435 0 452 24
bottle 0.0063 474 0 489 30
bottle 0.0056 444 0 467 25
bottle 0.0054 457 0 474 27
bottle 0.0021 491 1 500 38
bottle 0.0011 431 1 448 21
chair 0.0032 230 1 363 78
chair 0.0017 276 0 367 43
chair 0.0010 0 60 393 414
dog 0.1406 298 187 433 303
dog 0.1055 247 177 498 411
dog 0.0216 173 26 502 405
dog 0.0105 374 172 499 413
dog 0.0082 284 116 486 333
dog 0.0045 245 145 422 353
dog 0.0013 458 172 500 414
dog 0.0012 422 143 500 358
person 0.0957 37 23 455 415
person 0.0935 60 2 306 220
person 0.0198 236 183 420 400
person 0.0042 73 3 491 249
person 0.0035 98 176 473 407
person 0.0019 169 125 409 369
sheep 0.0011 0 1 158 130
sheep 0.0010 1 -1 302 226
sofa 0.0855 53 17 505 417
sofa 0.0196 277 34 495 369
sofa 0.0013 9 162 426 410
sofa 0.0011 304 38 499 217
