bicycle 0.0022 65 174 106 242
car 0.0334 108 137 236 235
car 0.0073 93 135 249 316
car 0.0066 177 165 254 220
car 0.0042 69 147 137 235
car 0.0034 134 138 202 202
car 0.0030 38 126 205 238
car 0.0013 0 204 31 272
horse 0.6642 82 258 237 500
motorbike 0.0020 65 170 125 243
person 0.8160 96 141 245 365
person 0.2163 96 119 124 194
person 0.0194 82 231 215 493
person 0.0189 96 117 122 159
person 0.0167 85 118 130 227
person 0.0146 0 185 29 247
person 0.0093 94 129 116 211
person 0.0061 37 123 72 240
person 0.0053 29 114 57 202
person 0.0053 5 113 60 221
person 0.0030 106 116 126 174
person 0.0023 31 114 51 164
person 0.0015 -3 153 32 239
person 0.0011 47 140 108 241
person 0.0011 0 119 40 210
pottedplant 0.0393 277 196 303 239
pottedplant 0.0071 333 185 373 256
pottedplant 0.0058 363 180 375 204
pottedplant 0.0016 64 179 106 250
train 0.0019 279 90 336 129
