cow 0.9225 328 102 438 315
cow 0.3265 41 -1 266 325
cow 0.0066 414 142 500 319
cow 0.0062 429 151 500 248
cow 0.0050 438 147 462 180
cow 0.0047 361 94 496 318
cow 0.0037 459 151 500 306
cow 0.0025 437 141 484 189
cow 0.0023 464 152 500 233
cow 0.0021 425 153 467 227
cow 0.0012 481 141 499 321
cow 0.0012 485 149 500 260
cow 0.0011 105 0 265 141
horse 0.5374 41 0 267 323
horse 0.0052 410 140 500 320
horse 0.0010 485 147 500 239
person 0.0032 87 -8 245 320
person 0.0017 105 -1 262 143
person 0.0013 432 147 467 228
