bottle 0.0032 265 347 280 384
bottle 0.0015 179 80 187 99
bottle 0.0012 7 219 114 320
bottle 0.0012 37 240 90 292
bottle 0.0010 272 344 288 382
bottle 0.0010 60 248 101 295
car 0.0049 153 94 359 293
chair 0.0019 162 414 335 498
chair 0.0013 229 389 360 499
dog 0.0013 66 247 96 288
dog 0.0012 38 247 116 309
person 0.8954 161 338 323 500
person 0.8670 12 283 129 500
person 0.8333 197 119 272 344
person 0.7819 151 275 236 345
person 0.6714 262 258 372 487
person 0.6209 253 129 336 332
person 0.4229 1 160 106 352
person 0.1398 134 337 255 498
person 0.1169 0 284 25 337
person 0.0295 -1 280 27 370
person 0.0247 189 277 236 339
person 0.0077 245 259 357 383
person 0.0074 212 126 349 268
person 0.0073 235 375 375 499
person 0.0071 154 282 197 347
person 0.0068 165 114 283 282
person 0.0043 7 150 142 455
person 0.0042 0 282 49 500
person 0.0040 38 198 124 345
person 0.0027 174 118 261 190
person 0.0024 233 120 352 406
person 0.0022 164 123 225 310
person 0.0020 -6 176 61 430
person 0.0019 3 245 108 340
person 0.0018 175 230 263 362
person 0.0013 359 165 375 219
person 0.0012 0 287 13 368
person 0.0012 60 240 128 316
person 0.0011 0 284 17 326
person 0.0010 151 272 235 421
person 0.0010 285 125 373 310
pottedplant 0.1032 309 404 372 497
pottedplant 0.0070 250 400 370 499
pottedplant 0.0018 343 377 375 455
pottedplant 0.0014 257 462 343 499
pottedplant 0.0010 0 187 24 242
tvmonitor 0.0157 148 3 291 104
tvmonitor 0.0039 169 114 276 205
tvmonitor 0.0037 156 79 358 244
