bottle 0.0083 413 156 443 205
bottle 0.0051 423 164 443 199
bottle 0.0050 425 169 433 194
bottle 0.0048 428 168 436 195
bottle 0.0046 428 164 464 209
bottle 0.0045 402 163 455 210
bottle 0.0037 420 155 436 198
bottle 0.0015 430 165 454 196
bottle 0.0015 424 172 435 200
chair 0.6711 306 194 385 295
chair 0.2019 289 177 339 265
chair 0.1925 369 200 467 320
chair 0.1301 288 170 375 273
chair 0.0206 410 210 471 332
chair 0.0121 311 206 448 302
chair 0.0072 359 201 430 299
chair 0.0028 77 162 139 274
person 0.8862 78 108 138 276
person 0.8538 126 115 177 278
person 0.7010 372 143 466 299
person 0.4960 298 138 408 276
person 0.3516 293 127 373 242
person 0.2487 369 157 392 187
person 0.2191 295 128 347 210
person 0.2099 339 142 378 198
person 0.1352 378 144 461 227
person 0.1207 350 148 408 205
person 0.0571 328 139 401 223
person 0.0317 347 146 445 254
person 0.0316 361 149 433 217
person 0.0213 95 113 162 272
person 0.0131 353 156 392 193
person 0.0076 295 127 330 176
person 0.0068 426 157 462 211
person 0.0062 284 125 335 237
person 0.0058 307 177 452 295
person 0.0054 375 154 418 199
person 0.0038 340 141 368 180
person 0.0038 374 159 390 178
person 0.0037 420 151 465 261
person 0.0035 371 155 408 185
person 0.0030 429 161 454 193
person 0.0027 381 143 437 200
person 0.0026 302 136 376 201
person 0.0017 408 146 446 195
person 0.0011 328 144 367 215
person 0.0011 143 118 196 277
pottedplant 0.0035 396 32 427 114
pottedplant 0.0013 378 8 429 119
pottedplant 0.0010 487 84 500 238
tvmonitor 0.0731 0 131 44 208
tvmonitor 0.0090 0 205 40 275
tvmonitor 0.0019 -1 122 54 262
tvmonitor 0.0015 1 129 92 216
tvmonitor 0.0011 0 200 15 275
