bus 0.2258 75 174 106 197
bus 0.0035 93 170 142 187
bus 0.0031 126 172 149 182
bus 0.0025 106 173 135 183
bus 0.0012 70 164 114 202
bus 0.0010 76 168 122 193
car 0.2850 55 192 73 204
car 0.0563 134 172 149 180
car 0.0037 127 172 145 180
car 0.0034 139 171 162 180
car 0.0033 148 171 172 180
car 0.0030 75 176 101 198
car 0.0028 133 175 149 183
car 0.0026 51 185 81 206
car 0.0014 55 180 105 201
car 0.0013 179 167 198 179
car 0.0011 451 277 497 301
car 0.0010 109 173 133 182
car 0.0010 141 256 157 266
cat 0.0063 169 11 501 334
person 0.0068 65 305 73 340
person 0.0037 56 304 68 336
person 0.0024 63 302 77 351
person 0.0018 70 299 84 371
train 0.0399 6 57 507 356
train 0.0107 162 154 477 305
train 0.0029 74 123 414 282
train 0.0028 193 163 330 242
train 0.0019 175 172 354 282
