bottle 0.0039 187 36 349 245
bottle 0.0018 281 142 331 195
bottle 0.0013 152 38 405 325
bottle 0.0013 152 220 191 271
person 0.8913 285 41 499 373
person 0.8800 0 101 309 374
person 0.7979 13 110 96 283
person 0.1561 471 20 499 162
person 0.0694 418 149 500 362
person 0.0413 467 19 498 53
person 0.0127 90 49 479 374
person 0.0112 453 37 499 367
person 0.0095 209 234 232 258
person 0.0081 6 114 134 337
person 0.0065 464 19 500 91
person 0.0050 289 171 380 375
person 0.0048 458 16 499 212
person 0.0044 466 127 500 358
person 0.0040 195 212 246 281
person 0.0036 181 191 266 304
person 0.0025 270 78 396 386
person 0.0025 215 131 372 379
person 0.0021 482 46 499 211
person 0.0019 0 115 16 350
person 0.0019 481 67 500 350
person 0.0018 216 142 323 264
person 0.0018 137 113 295 355
person 0.0017 239 165 321 238
person 0.0015 460 233 500 355
person 0.0010 193 96 330 311
pottedplant 0.0012 107 -1 165 32
