bottle 0.0223 338 23 350 52
bottle 0.0122 335 15 357 54
bottle 0.0041 325 5 377 61
bottle 0.0038 341 20 349 46
bottle 0.0010 324 23 352 57
chair 0.2416 0 41 64 177
chair 0.1173 0 169 43 274
chair 0.0871 0 180 46 370
chair 0.0745 0 278 41 373
chair 0.0195 0 168 22 270
chair 0.0076 1 102 56 187
chair 0.0075 334 48 467 191
chair 0.0072 286 0 321 52
chair 0.0072 472 55 500 256
chair 0.0051 0 63 55 291
chair 0.0049 0 180 26 334
chair 0.0042 0 147 15 248
chair 0.0042 0 -9 46 159
chair 0.0035 0 153 7 201
chair 0.0030 0 165 33 234
chair 0.0029 0 133 12 206
chair 0.0027 483 25 499 220
chair 0.0026 0 69 14 190
chair 0.0022 462 90 499 351
chair 0.0021 0 166 77 289
chair 0.0020 0 114 34 224
chair 0.0020 317 67 420 195
chair 0.0019 0 297 21 377
chair 0.0019 0 163 17 205
chair 0.0018 432 28 501 213
chair 0.0017 0 154 31 203
chair 0.0016 -1 182 94 367
chair 0.0015 0 175 7 256
chair 0.0014 0 0 17 167
chair 0.0014 489 10 500 181
chair 0.0010 0 -4 98 166
chair 0.0010 311 4 379 63
diningtable 0.6636 16 123 499 361
person 0.0491 326 54 437 173
person 0.0197 103 0 140 55
person 0.0141 328 61 408 142
person 0.0066 284 51 408 158
person 0.0061 475 61 500 273
person 0.0039 335 11 465 191
person 0.0029 407 13 444 45
person 0.0026 426 19 436 40
person 0.0015 461 58 500 340
person 0.0014 485 -9 499 180
person 0.0013 419 17 435 40
person 0.0012 424 24 439 41
pottedplant 0.0879 200 41 333 210
pottedplant 0.0243 244 43 354 168
pottedplant 0.0040 239 49 426 187
pottedplant 0.0037 162 42 255 148
pottedplant 0.0027 350 17 378 65
pottedplant 0.0024 132 41 368 238
tvmonitor 0.5048 383 5 447 61
tvmonitor 0.0177 65 5 105 38
tvmonitor 0.0132 5 0 63 45
tvmonitor 0.0050 11 0 120 45
tvmonitor 0.0019 0 -1 58 79
