bottle 0.6498 447 196 472 276
bottle 0.0886 478 126 500 193
bottle 0.0669 396 177 412 199
bottle 0.0604 375 176 391 199
bottle 0.0589 456 119 481 187
bottle 0.0447 411 208 434 286
bottle 0.0402 464 122 495 191
bottle 0.0313 428 203 475 280
bottle 0.0198 438 157 476 191
bottle 0.0178 438 196 464 271
bottle 0.0166 433 20 447 53
bottle 0.0145 473 122 499 162
bottle 0.0136 420 161 467 192
bottle 0.0132 435 199 451 270
bottle 0.0126 469 120 483 162
bottle 0.0099 402 173 416 198
bottle 0.0095 408 171 418 199
bottle 0.0091 454 78 466 127
bottle 0.0064 371 176 385 197
bottle 0.0061 439 15 450 54
bottle 0.0060 376 173 400 200
bottle 0.0057 419 7 430 51
bottle 0.0054 460 121 481 159
bottle 0.0047 428 204 446 272
bottle 0.0046 32 225 59 267
bottle 0.0045 473 151 498 195
bottle 0.0038 385 173 411 199
bottle 0.0036 446 82 457 126
bottle 0.0035 449 117 476 165
bottle 0.0030 487 136 499 203
bottle 0.0025 443 177 475 254
bottle 0.0024 450 83 468 142
bottle 0.0023 369 176 380 200
bottle 0.0021 489 124 499 161
bottle 0.0018 442 84 453 123
bottle 0.0017 433 180 458 263
bottle 0.0017 437 104 451 126
bottle 0.0016 409 237 425 282
bottle 0.0015 421 8 441 55
bottle 0.0014 412 240 434 283
bottle 0.0013 437 164 462 190
bottle 0.0013 89 12 102 74
bottle 0.0013 446 100 454 126
bottle 0.0013 468 136 487 194
bottle 0.0012 389 179 407 198
bottle 0.0011 434 93 452 128
bottle 0.0011 469 159 486 189
bottle 0.0010 31 217 94 268
bottle 0.0010 0 237 24 274
person 0.6585 116 148 195 211
person 0.4916 97 130 221 240
person 0.4489 351 38 378 90
person 0.0525 151 142 199 205
person 0.0137 354 25 383 78
person 0.0124 333 34 365 85
person 0.0119 119 148 164 204
person 0.0097 367 20 384 65
person 0.0086 353 36 375 67
person 0.0078 61 141 201 213
person 0.0063 345 30 372 78
person 0.0030 430 104 449 125
person 0.0022 137 148 216 227
person 0.0019 345 33 385 154
person 0.0015 363 34 385 85
person 0.0014 100 153 154 212
person 0.0014 365 19 384 41
person 0.0014 346 20 365 53
person 0.0010 161 154 213 212
tvmonitor 0.7895 223 124 355 254
tvmonitor 0.7159 98 130 222 242
tvmonitor 0.0141 421 160 467 192
tvmonitor 0.0042 30 100 228 245
tvmonitor 0.0020 92 192 221 255
