bird 0.0028 88 181 373 498
bottle 0.0028 -8 361 356 500
chair 0.0014 84 356 372 500
motorbike 0.7092 140 195 224 328
motorbike 0.0067 94 156 221 312
motorbike 0.0047 165 140 192 183
motorbike 0.0029 156 175 231 286
motorbike 0.0018 143 201 223 268
motorbike 0.0010 143 160 260 358
person 0.7416 149 153 218 269
person 0.4350 163 135 185 178
person 0.0281 167 136 187 161
person 0.0073 158 148 215 213
person 0.0024 164 151 178 183
person 0.0020 90 278 371 500
person 0.0015 317 0 369 55
person 0.0013 0 0 42 80
person 0.0010 156 142 185 209
