bird 0.0058 241 277 314 327
bird 0.0021 247 275 295 309
bird 0.0011 233 272 339 346
bus 0.0286 4 7 505 336
bus 0.0016 451 171 497 241
car 0.7200 6 339 263 381
car 0.5467 392 349 499 376
car 0.2403 10 334 170 372
car 0.0271 179 347 260 362
car 0.0254 96 345 261 376
car 0.0178 389 353 500 431
car 0.0085 167 352 264 375
car 0.0079 358 346 499 394
car 0.0060 63 335 148 369
car 0.0049 0 350 262 428
car 0.0033 393 323 499 380
car 0.0022 492 326 499 351
car 0.0016 452 354 500 375
car 0.0016 488 317 500 351
car 0.0016 454 330 486 350
car 0.0013 3 6 504 265
car 0.0013 488 340 499 371
car 0.0012 150 342 259 366
car 0.0012 81 332 254 369
car 0.0012 1 329 52 366
car 0.0011 401 357 501 390
car 0.0011 494 330 499 374
chair 0.0039 361 232 407 285
chair 0.0021 110 237 153 284
chair 0.0019 419 239 499 357
chair 0.0011 448 291 495 350
chair 0.0010 106 242 136 285
person 0.0076 450 208 469 240
person 0.0059 489 312 499 351
person 0.0048 450 195 480 241
person 0.0042 493 326 500 351
person 0.0037 445 166 496 244
person 0.0030 413 144 448 242
person 0.0020 16 328 39 367
person 0.0020 484 295 499 350
person 0.0013 435 398 500 435
person 0.0013 404 140 486 308
