bird 0.0031 393 55 418 74
bottle 0.0032 248 190 277 215
bottle 0.0028 461 181 472 215
bottle 0.0023 56 195 69 215
chair 0.9123 320 113 393 199
chair 0.0352 51 152 95 206
chair 0.0320 244 126 320 187
chair 0.0130 297 124 332 186
chair 0.0094 119 170 199 214
chair 0.0011 199 117 236 154
diningtable 0.0018 408 156 472 215
person 0.0305 52 28 93 79
person 0.0229 258 54 271 76
person 0.0018 77 50 97 82
person 0.0012 74 34 97 77
person 0.0011 56 53 98 84
pottedplant 0.1071 75 182 101 213
pottedplant 0.0615 152 39 165 67
pottedplant 0.0216 428 109 457 174
pottedplant 0.0180 56 159 96 213
pottedplant 0.0088 200 120 224 145
pottedplant 0.0074 72 180 98 201
pottedplant 0.0053 415 106 465 211
pottedplant 0.0039 56 190 86 214
pottedplant 0.0036 146 38 173 70
pottedplant 0.0035 68 183 91 212
pottedplant 0.0030 58 61 71 84
pottedplant 0.0029 55 193 70 215
pottedplant 0.0023 57 57 97 84
pottedplant 0.0020 70 194 85 213
pottedplant 0.0017 212 123 231 147
pottedplant 0.0017 431 131 454 163
pottedplant 0.0014 155 37 181 69
pottedplant 0.0013 149 37 170 101
pottedplant 0.0012 79 56 98 83
pottedplant 0.0012 176 64 190 96
pottedplant 0.0012 71 191 97 215
pottedplant 0.0011 70 175 111 215
sofa 0.0055 245 125 321 176
sofa 0.0046 110 172 198 214
sofa 0.0027 99 173 268 217
sofa 0.0018 200 189 294 216
sofa 0.0013 241 189 279 215
