bicycle 0.0337 482 308 499 374
bicycle 0.0029 472 293 499 377
bottle 0.0016 216 278 234 292
car 0.9187 45 265 152 333
car 0.0780 161 190 330 292
car 0.0029 0 256 27 276
car 0.0023 421 260 448 271
car 0.0016 155 288 330 360
car 0.0014 155 153 328 229
chair 0.0010 168 291 216 351
diningtable 0.0031 159 289 325 362
motorbike 0.0047 162 124 327 217
motorbike 0.0038 154 152 321 290
person 0.6709 474 249 499 372
person 0.6069 230 100 276 154
person 0.5069 161 97 217 161
person 0.4571 281 116 331 156
person 0.1953 219 114 272 165
person 0.1793 281 118 332 200
person 0.0799 156 100 212 282
person 0.0789 202 124 261 167
person 0.0537 269 111 305 150
person 0.0223 88 273 99 287
person 0.0200 167 94 210 132
person 0.0177 232 107 289 172
person 0.0158 194 110 244 159
person 0.0156 212 99 268 143
person 0.0155 231 97 273 130
person 0.0132 155 102 245 190
person 0.0110 52 263 142 318
person 0.0097 253 101 302 146
person 0.0076 256 135 308 168
person 0.0076 191 99 239 142
person 0.0062 163 132 326 207
person 0.0060 197 100 283 168
person 0.0048 266 119 317 170
person 0.0045 220 124 245 156
person 0.0043 288 141 332 249
person 0.0040 154 106 204 176
person 0.0039 247 102 275 140
person 0.0036 491 246 499 271
person 0.0035 92 272 109 287
person 0.0034 289 149 330 201
person 0.0031 224 132 306 177
person 0.0030 196 129 240 165
person 0.0028 158 231 180 290
person 0.0026 247 108 333 169
person 0.0025 224 112 246 141
person 0.0024 283 165 322 201
person 0.0021 111 271 124 288
person 0.0018 156 123 200 205
person 0.0018 58 274 124 304
person 0.0017 238 139 325 199
person 0.0016 298 120 334 172
person 0.0014 82 271 103 288
person 0.0014 154 110 266 284
person 0.0014 187 97 226 131
person 0.0013 100 272 119 287
person 0.0013 194 135 251 177
person 0.0011 297 177 322 200
person 0.0011 208 136 276 194
person 0.0011 487 231 500 301
person 0.0010 266 107 290 141
tvmonitor 0.0069 170 288 215 343
tvmonitor 0.0031 170 287 316 352
tvmonitor 0.0011 209 290 282 350
