bottle 0.0036 10 13 21 38
car 0.0176 423 141 437 155
motorbike 0.7514 165 24 290 322
motorbike 0.5415 283 67 382 252
motorbike 0.1913 327 66 388 189
motorbike 0.0406 150 44 237 256
motorbike 0.0323 277 38 343 242
motorbike 0.0225 211 31 371 275
motorbike 0.0175 381 124 401 165
motorbike 0.0151 154 95 256 308
motorbike 0.0120 151 104 213 188
motorbike 0.0083 341 109 394 189
motorbike 0.0038 378 136 396 168
motorbike 0.0038 288 49 357 190
motorbike 0.0028 148 10 327 212
motorbike 0.0028 271 88 332 206
motorbike 0.0025 181 139 278 317
motorbike 0.0025 331 104 377 182
motorbike 0.0021 322 103 383 233
motorbike 0.0019 157 96 244 205
motorbike 0.0019 363 98 403 174
motorbike 0.0017 402 136 414 152
motorbike 0.0011 309 36 396 170
motorbike 0.0011 194 98 284 193
person 0.0015 151 105 196 184
person 0.0010 164 37 238 187
