bicycle 0.0021 292 124 348 176
bicycle 0.0013 205 159 321 340
bottle 0.2315 326 237 450 375
bottle 0.0142 351 318 424 377
bottle 0.0120 351 242 409 319
bottle 0.0107 0 179 60 251
bottle 0.0086 302 111 345 171
bottle 0.0065 379 323 432 375
bottle 0.0057 0 139 60 291
bottle 0.0037 -1 150 33 309
bottle 0.0037 324 140 404 196
bottle 0.0031 443 106 498 183
bottle 0.0029 0 205 31 256
bottle 0.0024 1 217 22 254
bottle 0.0023 484 107 499 183
bottle 0.0019 0 192 22 274
bottle 0.0010 294 120 398 193
bottle 0.0010 -3 74 73 321
bottle 0.0010 447 126 483 180
cat 0.0042 2 161 66 274
cat 0.0038 0 119 63 338
chair 0.0149 26 57 257 368
chair 0.0022 299 108 344 166
chair 0.0012 0 57 60 307
dog 0.0049 0 151 67 362
person 0.7688 174 82 316 335
person 0.4649 45 22 258 334
person 0.0829 46 22 180 242
person 0.0160 15 29 163 367
person 0.0024 229 81 322 293
person 0.0012 214 176 320 333
person 0.0011 0 14 8 79
person 0.0010 0 180 22 300
person 0.0010 0 15 13 55
tvmonitor 0.0011 0 61 45 276
