chair 0.0174 45 118 281 368
chair 0.0019 104 154 356 374
chair 0.0011 267 204 499 373
person 0.8551 49 38 275 379
person 0.8094 0 58 81 375
person 0.6968 199 89 291 373
person 0.4806 384 100 498 372
person 0.4665 287 107 400 353
person 0.2617 281 108 494 374
person 0.1545 0 56 37 383
person 0.1375 395 9 502 204
person 0.0814 203 92 288 225
person 0.0385 453 14 499 375
person 0.0098 347 8 498 311
person 0.0080 162 99 388 377
person 0.0072 469 99 500 380
person 0.0044 174 85 282 273
person 0.0038 0 107 21 395
person 0.0034 203 98 258 199
person 0.0031 306 85 468 286
person 0.0027 133 114 278 386
person 0.0027 0 60 70 235
person 0.0018 440 11 499 185
person 0.0017 305 108 392 264
person 0.0017 203 94 348 311
person 0.0011 475 0 500 293
sofa 0.0167 44 118 281 369
sofa 0.0019 83 152 432 374
