bird 0.0051 423 178 480 254
bird 0.0027 395 144 481 271
bird 0.0027 326 119 480 324
bird 0.0011 328 203 426 270
car 0.0019 399 72 424 84
car 0.0013 0 83 27 109
car 0.0010 320 87 341 97
car 0.0010 3 86 61 112
cow 0.5645 1 119 161 267
cow 0.4212 55 99 254 252
cow 0.0294 117 105 394 299
cow 0.0220 210 83 287 125
cow 0.0188 118 88 149 104
cow 0.0146 1 87 71 255
cow 0.0122 197 117 346 303
cow 0.0122 -1 86 211 229
cow 0.0071 38 49 463 306
cow 0.0036 140 108 274 242
cow 0.0032 2 84 155 171
cow 0.0024 167 78 293 199
cow 0.0023 135 84 284 141
cow 0.0023 0 85 62 152
cow 0.0022 35 90 218 139
cow 0.0019 0 79 39 268
cow 0.0019 59 141 183 265
cow 0.0017 19 87 279 163
cow 0.0017 0 106 110 221
cow 0.0015 86 86 149 105
cow 0.0012 2 84 61 115
cow 0.0010 112 61 380 223
cow 0.0010 0 93 16 280
person 0.0032 22 87 61 109
person 0.0013 117 88 137 105
sheep 0.0204 183 99 475 334
sheep 0.0135 180 115 364 304
sheep 0.0021 325 114 479 325
sheep 0.0010 318 182 436 298
