bottle 0.0734 425 305 480 375
bottle 0.0405 391 329 427 375
bottle 0.0383 363 317 445 375
bottle 0.0126 314 294 474 375
bottle 0.0069 368 307 397 371
bottle 0.0064 352 303 418 371
bottle 0.0061 122 350 170 375
bottle 0.0020 100 327 185 373
bottle 0.0019 0 296 55 375
bottle 0.0017 385 294 493 375
bottle 0.0016 452 307 498 375
chair 0.1589 0 148 40 296
chair 0.0371 7 188 114 292
chair 0.0272 0 217 41 302
chair 0.0194 0 88 28 277
chair 0.0103 10 110 252 306
chair 0.0097 44 20 395 293
chair 0.0080 48 196 135 292
chair 0.0035 223 102 493 357
chair 0.0032 0 212 44 377
chair 0.0028 2 100 371 371
chair 0.0028 24 164 175 295
chair 0.0026 -2 146 83 292
chair 0.0018 0 147 30 226
chair 0.0014 369 160 416 266
diningtable 0.1647 19 250 505 377
diningtable 0.0772 276 261 502 376
diningtable 0.0270 6 168 154 294
diningtable 0.0160 5 120 240 292
diningtable 0.0026 4 286 238 376
diningtable 0.0014 -33 164 423 369
diningtable 0.0012 69 269 361 373
diningtable 0.0010 9 139 178 253
person 0.7656 92 96 259 292
person 0.7418 213 69 390 279
person 0.0816 59 82 378 291
person 0.0085 113 69 469 369
person 0.0062 0 70 29 257
person 0.0022 0 69 15 225
person 0.0021 140 1 267 102
person 0.0016 297 76 388 261
person 0.0012 151 18 205 92
person 0.0010 324 115 384 162
pottedplant 0.0011 53 3 152 182
sofa 0.0273 68 83 413 342
tvmonitor 0.7557 308 71 390 161
tvmonitor 0.0101 136 -1 287 153
tvmonitor 0.0047 190 59 401 184
tvmonitor 0.0036 0 293 45 376
tvmonitor 0.0035 50 3 373 251
tvmonitor 0.0021 143 1 281 86
tvmonitor 0.0020 278 71 393 207
tvmonitor 0.0011 322 103 384 161
