bottle 0.0092 455 206 492 261
bottle 0.0087 374 310 387 344
bottle 0.0060 125 52 155 86
bottle 0.0014 375 344 435 375
bottle 0.0014 372 316 391 361
bottle 0.0012 116 52 156 116
bottle 0.0010 353 288 423 366
bottle 0.0010 136 52 160 82
bottle 0.0010 307 311 326 334
dog 0.0013 201 91 232 124
person 0.8448 384 188 479 359
person 0.8411 -1 101 92 355
person 0.7739 354 98 426 229
person 0.7581 131 176 228 355
person 0.7508 72 107 159 355
person 0.7352 220 121 281 340
person 0.7012 287 204 389 345
person 0.6820 413 91 494 252
person 0.6097 179 121 235 345
person 0.5841 305 112 360 219
person 0.5833 222 64 292 169
person 0.5762 281 37 342 141
person 0.5234 121 51 202 203
person 0.5113 50 49 137 144
person 0.4271 242 115 324 338
person 0.2453 300 46 387 203
person 0.1110 335 192 438 352
person 0.1099 271 107 332 299
person 0.0957 310 104 397 232
person 0.0954 88 50 192 155
person 0.0856 44 50 134 302
person 0.0796 274 37 359 184
person 0.0698 46 74 118 182
person 0.0639 219 61 310 300
person 0.0597 165 109 228 256
person 0.0586 115 55 204 340
person 0.0327 48 100 92 149
person 0.0270 415 148 495 348
person 0.0265 111 52 160 130
person 0.0250 388 78 429 139
person 0.0239 291 112 350 272
person 0.0224 375 78 492 333
person 0.0219 48 91 103 240
person 0.0208 406 85 474 175
person 0.0195 269 84 339 201
person 0.0186 379 76 440 167
person 0.0179 197 75 285 198
person 0.0175 291 98 351 190
person 0.0174 180 115 234 204
person 0.0170 358 60 408 142
person 0.0145 265 200 353 331
person 0.0137 338 49 390 126
person 0.0136 356 91 475 245
person 0.0134 64 50 118 93
person 0.0123 128 83 234 269
person 0.0115 337 52 392 195
person 0.0112 337 93 426 320
person 0.0110 297 185 347 284
person 0.0108 399 82 459 140
person 0.0099 419 90 465 144
person 0.0096 118 51 189 117
person 0.0095 453 169 494 288
person 0.0094 277 113 331 176
person 0.0082 449 108 499 336
person 0.0075 109 93 183 198
person 0.0075 377 190 434 334
person 0.0073 263 109 396 337
person 0.0059 100 169 196 356
person 0.0058 178 67 266 148
person 0.0053 57 45 171 211
person 0.0046 158 97 272 216
person 0.0044 359 54 388 118
person 0.0044 303 208 341 266
person 0.0038 448 82 499 229
person 0.0035 229 67 281 135
person 0.0033 218 66 267 118
person 0.0031 148 177 216 268
person 0.0030 336 189 408 307
person 0.0029 115 77 172 286
person 0.0028 197 82 246 146
person 0.0024 122 50 161 86
person 0.0024 189 89 258 168
person 0.0022 488 70 500 198
person 0.0021 210 120 284 192
person 0.0021 384 194 482 280
person 0.0020 35 100 93 185
person 0.0019 342 58 430 150
person 0.0017 49 106 77 143
person 0.0017 306 113 348 174
person 0.0017 476 81 499 279
person 0.0016 -1 90 29 351
person 0.0016 333 200 383 265
person 0.0015 303 181 385 288
person 0.0014 210 187 350 351
person 0.0013 460 156 499 256
person 0.0013 132 120 221 224
person 0.0013 450 195 490 357
person 0.0012 364 179 449 296
person 0.0012 201 90 236 126
person 0.0011 475 142 500 349
person 0.0011 67 48 146 105
person 0.0010 234 86 320 191
person 0.0010 270 124 321 215
