bottle 0.0048 278 168 481 375
bottle 0.0020 130 198 211 241
bottle 0.0020 428 0 438 11
bottle 0.0020 127 17 190 213
bottle 0.0013 94 194 220 371
bottle 0.0011 27 72 293 367
bottle 0.0011 84 144 122 262
bottle 0.0010 90 179 114 222
chair 0.1102 432 221 500 372
chair 0.0998 0 204 45 376
chair 0.0187 12 165 499 376
chair 0.0172 413 188 500 334
chair 0.0157 297 166 502 376
chair 0.0127 0 208 19 375
chair 0.0046 0 185 81 374
chair 0.0046 458 250 500 373
chair 0.0034 466 299 499 371
chair 0.0030 20 195 206 375
chair 0.0025 477 233 499 374
chair 0.0021 3 110 107 393
chair 0.0018 114 176 371 371
chair 0.0017 0 160 14 328
chair 0.0013 0 285 16 371
chair 0.0011 425 230 497 298
chair 0.0011 396 172 495 269
chair 0.0010 0 182 41 304
diningtable 0.0035 9 184 497 377
person 0.6336 23 62 103 325
person 0.5887 102 4 479 375
person 0.5130 375 39 421 120
person 0.4509 432 39 469 119
person 0.3247 463 34 499 125
person 0.0240 373 35 498 125
person 0.0231 -1 64 31 324
person 0.0203 388 35 437 117
person 0.0181 15 42 210 371
person 0.0149 288 164 496 375
person 0.0133 23 57 103 186
person 0.0130 435 41 467 85
person 0.0080 0 106 50 361
person 0.0072 0 95 91 388
person 0.0066 369 44 401 118
person 0.0064 0 117 19 350
person 0.0055 0 66 20 251
person 0.0043 0 82 25 173
person 0.0038 377 38 410 92
person 0.0026 408 38 457 111
person 0.0025 97 28 196 258
person 0.0024 462 30 500 201
person 0.0023 29 197 216 373
person 0.0021 475 47 499 154
person 0.0017 69 89 129 322
person 0.0016 439 53 499 145
person 0.0014 0 128 28 231
person 0.0014 443 33 494 91
person 0.0013 0 89 7 170
person 0.0011 492 36 500 119
person 0.0011 97 119 128 192
person 0.0011 110 147 134 212
person 0.0010 0 141 18 216
person 0.0010 435 66 481 131
person 0.0010 95 133 119 206
person 0.0010 0 -2 125 142
pottedplant 0.0499 123 14 188 197
pottedplant 0.0103 145 13 183 56
pottedplant 0.0047 92 84 138 179
pottedplant 0.0045 105 8 182 78
pottedplant 0.0023 62 19 175 184
pottedplant 0.0018 0 80 19 166
pottedplant 0.0016 97 96 129 165
tvmonitor 0.0683 352 26 490 140
tvmonitor 0.0138 47 2 130 75
tvmonitor 0.0118 350 15 499 231
