bicycle 0.0086 232 241 360 334
bird 0.0043 136 178 183 223
bottle 0.0026 448 100 471 134
cat 0.0010 448 101 471 135
chair 0.7686 287 239 362 333
chair 0.0616 98 233 255 333
chair 0.0098 163 239 244 314
chair 0.0066 182 245 235 295
chair 0.0061 332 238 362 314
chair 0.0055 232 246 351 331
chair 0.0045 281 294 354 331
chair 0.0020 0 293 35 333
chair 0.0011 50 285 121 332
chair 0.0011 170 244 286 330
diningtable 0.0111 115 247 347 333
diningtable 0.0036 209 259 332 332
person 0.0113 135 179 185 223
person 0.0029 133 130 157 158
person 0.0014 181 133 198 153
pottedplant 0.3920 67 227 254 333
pottedplant 0.0548 238 232 278 268
pottedplant 0.0470 429 298 474 332
pottedplant 0.0109 137 236 331 334
pottedplant 0.0102 209 235 313 323
pottedplant 0.0085 471 83 500 134
pottedplant 0.0078 220 233 279 282
pottedplant 0.0064 452 295 470 330
pottedplant 0.0047 136 179 185 223
pottedplant 0.0037 166 230 254 306
pottedplant 0.0025 439 302 499 333
pottedplant 0.0019 129 216 239 320
pottedplant 0.0018 53 268 170 333
pottedplant 0.0017 239 233 294 291
pottedplant 0.0016 427 65 500 316
pottedplant 0.0013 429 306 456 332
pottedplant 0.0012 185 229 283 289
pottedplant 0.0010 452 96 485 136
tvmonitor 0.0013 0 123 31 335
tvmonitor 0.0013 0 120 23 173
tvmonitor 0.0010 430 121 499 323
