bottle 0.3660 41 155 58 189
bottle 0.0760 45 156 56 183
bottle 0.0610 12 131 51 194
bottle 0.0507 37 162 49 190
bottle 0.0497 19 163 34 195
bottle 0.0260 106 164 128 191
bottle 0.0248 31 150 49 192
bottle 0.0246 417 259 432 282
bottle 0.0193 417 256 435 294
bottle 0.0188 40 166 54 192
bottle 0.0171 23 152 42 202
bottle 0.0164 59 126 105 245
bottle 0.0162 486 338 499 375
bottle 0.0146 11 146 39 216
bottle 0.0131 48 159 59 190
bottle 0.0101 458 185 469 217
bottle 0.0096 26 162 40 191
bottle 0.0092 92 153 143 207
bottle 0.0087 463 188 477 219
bottle 0.0070 93 163 130 198
bottle 0.0049 452 180 474 216
bottle 0.0044 70 165 85 194
bottle 0.0035 482 194 499 338
bottle 0.0035 412 256 446 319
bottle 0.0033 488 293 500 376
bottle 0.0031 82 140 157 214
bottle 0.0031 50 139 92 190
bottle 0.0026 469 192 484 221
bottle 0.0024 473 158 499 262
bottle 0.0019 17 169 32 204
bottle 0.0016 386 230 466 348
bottle 0.0016 476 309 500 375
bottle 0.0014 476 191 490 225
bottle 0.0014 429 174 482 230
bottle 0.0011 429 344 459 376
chair 0.2081 0 176 96 375
chair 0.0465 13 261 99 375
chair 0.0441 0 152 40 378
chair 0.0320 195 149 289 255
chair 0.0302 85 280 232 377
chair 0.0276 23 178 146 320
chair 0.0125 319 198 363 236
chair 0.0081 0 268 37 377
chair 0.0064 50 169 216 321
chair 0.0052 0 242 68 377
chair 0.0037 81 181 148 307
chair 0.0033 190 175 246 255
chair 0.0024 0 174 22 386
chair 0.0022 1 202 88 313
chair 0.0018 20 216 205 376
chair 0.0018 306 159 371 203
chair 0.0015 136 140 311 268
chair 0.0013 114 129 241 311
chair 0.0013 0 185 31 300
chair 0.0013 166 170 265 268
chair 0.0012 31 188 106 293
chair 0.0011 295 169 372 243
chair 0.0011 143 284 299 375
chair 0.0011 151 282 231 369
diningtable 0.3568 379 170 499 286
diningtable 0.2380 194 157 371 262
diningtable 0.1786 373 271 497 374
diningtable 0.0806 330 168 501 375
diningtable 0.0465 16 151 141 290
diningtable 0.0312 272 210 449 375
diningtable 0.0107 22 129 210 313
diningtable 0.0085 288 162 443 324
diningtable 0.0069 191 163 428 351
diningtable 0.0054 304 183 392 258
diningtable 0.0044 380 229 482 352
diningtable 0.0027 440 164 499 290
diningtable 0.0023 399 253 461 326
diningtable 0.0020 252 159 380 236
diningtable 0.0019 362 152 500 242
diningtable 0.0017 224 295 500 374
diningtable 0.0015 421 168 490 239
diningtable 0.0010 48 149 371 295
diningtable 0.0010 29 177 110 281
person 0.8920 70 84 216 313
person 0.7743 437 112 493 179
person 0.6881 55 119 99 177
person 0.6859 282 231 413 374
person 0.6681 351 130 433 276
person 0.5546 193 289 320 375
person 0.4121 11 130 52 191
person 0.3982 1 127 58 280
person 0.1734 19 119 129 278
person 0.1389 0 130 70 374
person 0.0922 32 114 109 232
person 0.0849 0 126 31 337
person 0.0813 482 138 500 300
person 0.0465 0 125 19 287
person 0.0416 468 119 500 293
person 0.0254 192 213 422 376
person 0.0189 326 141 455 324
person 0.0156 481 114 499 188
person 0.0140 476 166 499 342
person 0.0127 0 114 11 205
person 0.0116 357 128 441 216
person 0.0097 454 107 499 228
person 0.0095 55 109 126 186
person 0.0061 0 82 14 211
person 0.0040 -5 125 89 229
person 0.0038 228 285 400 374
person 0.0037 77 120 142 245
person 0.0032 39 146 69 183
person 0.0031 487 225 500 381
person 0.0029 155 250 341 374
person 0.0027 469 216 500 377
person 0.0026 430 109 472 172
person 0.0026 45 89 160 216
person 0.0025 468 106 501 178
person 0.0024 278 190 404 321
person 0.0024 311 186 382 251
person 0.0022 377 122 496 228
person 0.0020 97 83 147 151
person 0.0020 45 132 98 198
person 0.0019 250 152 427 258
person 0.0018 483 197 499 285
person 0.0018 0 115 6 195
person 0.0017 441 154 499 287
person 0.0014 479 128 499 233
person 0.0011 1 96 26 208
person 0.0010 45 136 167 299
person 0.0010 18 139 48 177
pottedplant 0.0010 0 305 30 374
tvmonitor 0.0013 0 136 13 193
tvmonitor 0.0010 241 76 335 161
