bicycle 0.0137 476 266 495 297
bicycle 0.0033 267 253 281 279
boat 0.0017 112 3 371 83
boat 0.0010 59 5 415 134
car 0.0916 186 256 208 285
car 0.0293 114 268 140 283
car 0.0033 112 255 142 283
car 0.0018 184 264 202 287
car 0.0012 185 261 209 301
dog 0.0039 206 285 224 329
dog 0.0015 205 281 229 348
motorbike 0.0036 267 253 281 281
person 0.9387 367 200 420 338
person 0.9082 471 234 499 297
person 0.8868 207 201 274 369
person 0.8202 160 242 189 309
person 0.7647 21 258 33 290
person 0.6910 442 256 459 289
person 0.6672 42 257 55 292
person 0.5505 428 252 441 288
person 0.1855 12 256 22 289
person 0.0492 362 248 395 337
person 0.0371 14 254 29 287
person 0.0370 35 257 48 290
person 0.0356 448 256 463 285
person 0.0256 365 233 384 303
person 0.0169 8 257 37 289
person 0.0158 426 252 459 290
person 0.0142 404 256 420 298
person 0.0140 204 225 241 353
person 0.0126 487 233 499 297
person 0.0119 363 247 380 282
person 0.0110 407 257 419 287
person 0.0075 408 250 429 297
person 0.0069 223 272 284 369
person 0.0054 433 250 451 286
person 0.0046 231 205 290 359
person 0.0045 373 258 422 337
person 0.0043 18 257 44 287
person 0.0039 453 253 465 281
person 0.0037 457 251 471 280
person 0.0035 5 255 19 288
person 0.0031 45 259 61 291
person 0.0028 28 255 37 285
person 0.0024 29 257 56 290
person 0.0017 379 202 420 291
person 0.0016 224 18 239 52
person 0.0013 443 251 460 277
person 0.0010 0 251 5 291
person 0.0010 411 256 426 288
person 0.0010 226 204 276 309
pottedplant 0.1390 317 216 334 283
pottedplant 0.0269 187 259 211 282
pottedplant 0.0163 265 233 279 281
pottedplant 0.0119 319 244 333 282
pottedplant 0.0051 267 256 279 281
pottedplant 0.0032 205 3 326 82
pottedplant 0.0019 258 243 276 284
pottedplant 0.0014 271 11 290 55
pottedplant 0.0013 75 0 439 130
pottedplant 0.0010 225 17 240 52
train 0.0012 67 73 451 358
