bird 0.3156 0 0 107 53
bird 0.0140 8 0 70 20
bird 0.0122 21 -1 151 42
bird 0.0110 5 0 108 24
bird 0.0100 0 0 113 122
bird 0.0066 175 0 235 16
bird 0.0039 66 0 115 42
bird 0.0036 5 0 39 20
bird 0.0028 52 0 239 28
bird 0.0026 141 0 224 20
bird 0.0018 170 0 221 11
bird 0.0014 2 73 61 130
bird 0.0014 1 0 43 34
bird 0.0014 9 -1 225 55
bird 0.0011 2 70 76 162
bird 0.0010 151 0 215 7
motorbike 0.8283 -1 244 250 451
motorbike 0.0051 -2 275 156 437
motorbike 0.0029 113 255 265 459
person 0.8257 192 155 286 439
person 0.0022 225 0 246 10
person 0.0011 206 0 248 14
sheep 0.0155 177 12 376 318
