bottle 0.0194 91 314 106 333
bottle 0.0049 131 317 151 332
bottle 0.0049 0 244 15 329
bottle 0.0038 148 317 170 332
bottle 0.0027 91 128 101 143
bottle 0.0024 103 127 113 143
bottle 0.0019 98 315 140 331
bottle 0.0014 129 125 140 142
bottle 0.0014 494 241 499 271
bottle 0.0013 0 307 7 333
bottle 0.0012 96 127 109 142
bottle 0.0012 486 198 500 323
car 0.0073 408 176 499 332
chair 0.1294 386 248 499 331
chair 0.0137 425 178 500 331
chair 0.0100 20 161 227 320
chair 0.0048 377 289 499 333
chair 0.0043 8 190 152 326
chair 0.0015 429 250 499 315
chair 0.0011 368 162 499 335
chair 0.0011 291 264 492 333
diningtable 0.0062 431 176 499 325
diningtable 0.0024 388 156 501 337
person 0.8970 157 199 228 332
person 0.8526 224 201 300 333
person 0.8243 92 203 168 329
person 0.8103 289 176 357 333
person 0.5486 282 127 378 312
person 0.1064 0 226 14 326
person 0.0982 65 180 257 330
person 0.0307 43 159 193 316
person 0.0274 253 127 374 241
person 0.0158 311 180 388 334
person 0.0145 444 147 500 288
person 0.0124 297 309 379 333
person 0.0093 417 113 499 313
person 0.0082 184 173 340 326
person 0.0081 487 113 499 233
person 0.0069 0 199 26 330
person 0.0058 479 102 500 271
person 0.0047 0 152 11 322
person 0.0039 256 184 332 333
person 0.0026 60 174 217 268
person 0.0026 298 284 398 335
person 0.0024 80 146 425 274
person 0.0019 299 312 342 334
person 0.0018 110 193 170 277
person 0.0017 345 148 502 332
person 0.0014 0 225 48 328
person 0.0012 0 221 7 310
person 0.0011 461 32 500 289
person 0.0010 474 144 500 321
sofa 0.3202 39 159 294 310
sofa 0.0105 47 159 415 257
sofa 0.0042 52 160 226 258
sofa 0.0039 158 171 367 327
tvmonitor 0.0326 486 156 500 238
tvmonitor 0.0160 451 157 500 305
tvmonitor 0.0088 473 150 500 256
tvmonitor 0.0065 450 236 499 327
tvmonitor 0.0050 490 150 500 217
tvmonitor 0.0026 465 256 500 335
tvmonitor 0.0022 492 163 500 247
tvmonitor 0.0015 453 201 500 262
tvmonitor 0.0013 487 169 499 207
tvmonitor 0.0010 491 180 500 216
