bicycle 0.0017 2 421 195 500
bird 0.2744 138 278 220 433
bird 0.0816 133 318 219 498
bird 0.0317 72 19 279 204
bird 0.0281 103 154 341 322
bird 0.0126 152 29 275 154
bird 0.0119 56 18 352 346
bird 0.0081 165 51 248 131
bird 0.0076 40 312 221 486
bird 0.0067 -8 0 358 125
bird 0.0050 213 0 372 63
bird 0.0040 134 19 349 190
bird 0.0033 194 3 366 121
bird 0.0032 41 -1 353 73
bird 0.0032 121 176 284 392
bird 0.0026 67 120 292 452
bird 0.0024 120 410 229 499
bird 0.0020 139 342 210 410
bird 0.0020 157 31 197 66
bird 0.0020 140 252 248 391
bird 0.0018 71 360 148 426
bird 0.0016 1 -2 251 255
bird 0.0015 70 352 165 470
bird 0.0014 115 182 274 278
bird 0.0012 212 321 238 371
bird 0.0011 123 327 305 499
