bird 0.3127 113 128 224 231
bird 0.0212 0 0 71 333
bird 0.0054 96 124 297 242
bird 0.0037 0 135 55 329
bird 0.0025 0 11 228 334
bird 0.0012 1 133 120 329
bottle 0.0132 0 1 73 267
bottle 0.0100 148 1 226 98
bottle 0.0075 147 -1 285 135
bottle 0.0068 0 1 72 131
bottle 0.0029 150 2 195 75
bottle 0.0026 89 118 226 235
bottle 0.0013 358 222 399 270
bottle 0.0013 1 7 227 319
dog 0.1427 208 28 410 329
dog 0.0479 78 -4 439 326
dog 0.0404 175 1 307 145
dog 0.0190 243 165 416 331
dog 0.0097 197 7 384 181
dog 0.0080 255 57 383 149
dog 0.0076 78 115 324 256
dog 0.0038 1 12 184 333
dog 0.0037 0 -1 79 322
dog 0.0020 248 81 497 336
person 0.0102 162 -1 305 144
pottedplant 0.0102 300 68 380 142
