bottle 0.0013 342 80 356 110
car 0.0022 289 0 501 146
car 0.0013 479 6 500 114
cat 0.3026 55 91 256 196
cat 0.0089 362 116 464 176
cat 0.0061 274 94 466 157
cat 0.0061 55 90 172 150
cat 0.0041 27 87 445 222
cat 0.0014 97 102 374 202
cat 0.0012 30 83 287 302
cat 0.0012 85 88 174 131
cat 0.0012 287 91 356 127
cat 0.0010 315 92 446 136
chair 0.0202 0 0 83 161
chair 0.0081 179 35 301 128
chair 0.0045 125 5 303 122
chair 0.0031 468 25 499 148
chair 0.0024 445 327 499 375
chair 0.0015 1 4 89 299
chair 0.0014 224 144 498 373
chair 0.0012 453 224 499 374
chair 0.0010 432 169 500 374
dog 0.4763 232 130 460 277
dog 0.0831 49 89 243 191
dog 0.0546 263 105 468 204
dog 0.0204 229 117 500 371
dog 0.0119 52 107 114 152
dog 0.0104 52 89 174 159
dog 0.0079 355 114 464 184
dog 0.0077 337 116 490 224
dog 0.0063 85 100 482 272
dog 0.0051 39 88 101 165
dog 0.0041 281 135 436 200
dog 0.0017 367 95 499 297
dog 0.0010 224 147 372 265
person 0.0096 468 11 500 146
person 0.0059 379 100 499 378
person 0.0018 453 132 500 378
person 0.0016 461 4 500 294
person 0.0014 399 0 498 146
person 0.0014 0 5 108 300
sofa 0.0512 -2 85 518 366
sofa 0.0059 76 100 487 273
sofa 0.0054 0 1 80 129
tvmonitor 0.2552 292 0 413 114
tvmonitor 0.0211 114 1 309 95
tvmonitor 0.0089 288 -2 495 141
tvmonitor 0.0086 296 2 400 59
tvmonitor 0.0021 471 34 500 147
tvmonitor 0.0015 283 44 438 144
