bus 0.8358 42 6 489 367
bus 0.0013 3 137 66 190
car 0.8130 0 175 43 265
car 0.2648 1 161 58 234
car 0.1242 31 189 58 227
car 0.0874 1 157 61 193
car 0.0313 87 154 139 189
car 0.0225 0 134 19 161
car 0.0198 0 162 45 207
car 0.0194 0 162 42 186
car 0.0179 2 157 97 205
car 0.0172 58 150 143 194
car 0.0110 20 183 72 235
car 0.0095 0 136 28 175
car 0.0060 33 157 141 229
car 0.0054 -6 154 110 246
car 0.0052 0 152 21 200
car 0.0031 43 177 93 230
car 0.0026 22 164 70 191
car 0.0025 0 143 22 245
car 0.0025 0 162 17 182
car 0.0015 109 165 142 189
car 0.0015 5 133 113 189
car 0.0014 -1 134 16 182
car 0.0014 35 167 61 189
car 0.0011 4 165 33 183
car 0.0010 35 169 64 226
person 0.0022 277 109 307 171
person 0.0021 153 145 188 177
person 0.0017 410 125 433 161
person 0.0017 260 108 301 176
person 0.0016 381 98 406 184
person 0.0016 275 139 303 193
person 0.0012 379 107 401 162
person 0.0012 249 103 290 162
person 0.0010 202 110 264 184
person 0.0010 186 67 280 231
person 0.0010 274 125 310 209
