car 0.1268 452 167 480 221
car 0.0024 455 156 480 202
chair 0.7116 206 95 294 201
chair 0.0679 201 36 255 184
chair 0.0450 261 106 365 215
chair 0.0143 230 125 304 214
chair 0.0088 75 33 196 224
chair 0.0083 217 72 344 215
chair 0.0044 420 1 480 146
chair 0.0034 251 47 311 205
chair 0.0021 265 47 348 201
chair 0.0017 205 93 248 179
chair 0.0016 450 134 480 196
chair 0.0013 98 40 175 192
diningtable 0.0697 228 105 362 217
pottedplant 0.8209 4 46 53 85
pottedplant 0.7483 264 46 355 110
pottedplant 0.7055 76 156 143 252
pottedplant 0.6725 324 249 480 360
pottedplant 0.5760 341 135 405 206
pottedplant 0.4848 384 187 419 222
pottedplant 0.4443 66 27 117 202
pottedplant 0.4056 0 135 60 271
pottedplant 0.3024 123 149 205 213
pottedplant 0.2838 234 200 373 340
pottedplant 0.2784 402 191 433 225
pottedplant 0.2726 42 222 90 286
pottedplant 0.2471 412 144 453 196
pottedplant 0.1918 0 253 52 359
pottedplant 0.1733 0 192 51 271
pottedplant 0.1573 50 237 158 358
pottedplant 0.1145 0 74 36 263
pottedplant 0.1087 95 224 207 356
pottedplant 0.1043 231 155 262 195
pottedplant 0.0950 429 151 480 223
pottedplant 0.0870 430 226 480 359
pottedplant 0.0759 0 229 120 360
pottedplant 0.0752 414 197 436 227
pottedplant 0.0746 394 177 437 223
pottedplant 0.0739 343 132 407 172
pottedplant 0.0712 422 191 456 227
pottedplant 0.0648 70 66 135 250
pottedplant 0.0641 0 70 82 276
pottedplant 0.0613 215 199 279 319
pottedplant 0.0471 -1 189 48 341
pottedplant 0.0454 0 129 28 244
pottedplant 0.0444 203 37 250 182
pottedplant 0.0412 0 79 18 138
pottedplant 0.0401 87 136 194 217
pottedplant 0.0375 68 238 146 321
pottedplant 0.0351 451 166 479 224
pottedplant 0.0345 0 64 21 225
pottedplant 0.0342 62 33 182 245
pottedplant 0.0309 217 143 286 202
pottedplant 0.0273 13 288 105 360
pottedplant 0.0273 277 198 473 357
pottedplant 0.0269 217 223 329 333
pottedplant 0.0244 256 35 375 198
pottedplant 0.0240 414 175 463 234
pottedplant 0.0237 83 249 137 308
pottedplant 0.0232 0 292 41 361
pottedplant 0.0215 294 251 417 360
pottedplant 0.0212 0 211 35 304
pottedplant 0.0211 212 154 231 191
pottedplant 0.0210 219 250 263 324
pottedplant 0.0186 32 219 127 309
pottedplant 0.0177 0 18 61 215
pottedplant 0.0169 152 161 207 201
pottedplant 0.0166 1 182 82 282
pottedplant 0.0158 17 206 104 291
pottedplant 0.0155 84 181 129 252
pottedplant 0.0150 447 139 480 196
pottedplant 0.0142 214 110 342 225
pottedplant 0.0142 432 181 465 227
pottedplant 0.0139 140 206 206 341
pottedplant 0.0138 283 193 386 319
pottedplant 0.0137 391 137 445 194
pottedplant 0.0135 13 36 117 262
pottedplant 0.0132 273 73 353 109
pottedplant 0.0128 1 64 37 136
pottedplant 0.0124 1 44 55 126
pottedplant 0.0119 -1 49 23 154
pottedplant 0.0112 444 146 479 346
pottedplant 0.0109 261 48 308 108
pottedplant 0.0106 454 221 479 362
pottedplant 0.0097 0 238 22 285
pottedplant 0.0092 42 245 109 355
pottedplant 0.0087 213 250 290 348
pottedplant 0.0086 0 153 21 286
pottedplant 0.0086 0 32 41 167
pottedplant 0.0082 99 149 205 249
pottedplant 0.0082 178 198 295 329
pottedplant 0.0081 423 198 445 226
pottedplant 0.0073 206 116 269 206
pottedplant 0.0072 210 132 295 308
pottedplant 0.0072 333 141 467 270
pottedplant 0.0071 419 112 443 134
pottedplant 0.0070 371 135 406 167
pottedplant 0.0070 2 47 19 84
pottedplant 0.0068 396 179 480 360
pottedplant 0.0068 289 104 387 198
pottedplant 0.0067 126 216 265 356
pottedplant 0.0064 211 155 251 194
pottedplant 0.0064 399 140 486 228
pottedplant 0.0063 286 179 358 269
pottedplant 0.0062 202 33 300 185
pottedplant 0.0061 172 167 207 194
pottedplant 0.0061 314 52 360 107
pottedplant 0.0060 248 37 317 199
pottedplant 0.0058 259 206 339 317
pottedplant 0.0058 204 111 349 325
pottedplant 0.0057 71 30 114 107
pottedplant 0.0054 462 201 479 318
pottedplant 0.0054 413 282 480 360
pottedplant 0.0054 416 41 480 198
pottedplant 0.0051 243 121 308 214
pottedplant 0.0048 301 198 343 227
pottedplant 0.0047 332 316 474 360
pottedplant 0.0043 40 30 106 176
pottedplant 0.0043 66 152 191 329
pottedplant 0.0042 340 167 426 253
pottedplant 0.0042 362 251 439 358
pottedplant 0.0041 0 73 10 128
pottedplant 0.0041 181 171 206 189
pottedplant 0.0040 35 184 94 260
pottedplant 0.0038 414 84 468 150
pottedplant 0.0038 53 223 92 265
pottedplant 0.0037 0 45 13 102
pottedplant 0.0037 55 171 158 289
pottedplant 0.0036 353 131 446 198
pottedplant 0.0035 439 269 482 349
pottedplant 0.0035 12 39 63 97
pottedplant 0.0034 399 134 431 167
pottedplant 0.0033 295 221 430 326
pottedplant 0.0032 420 107 461 132
pottedplant 0.0031 0 179 30 259
pottedplant 0.0031 434 90 478 166
pottedplant 0.0031 409 129 466 188
pottedplant 0.0030 118 74 221 221
pottedplant 0.0030 280 129 364 233
pottedplant 0.0030 0 219 20 344
pottedplant 0.0030 113 167 226 342
pottedplant 0.0029 58 229 96 283
pottedplant 0.0028 0 241 7 279
pottedplant 0.0027 0 84 11 161
pottedplant 0.0027 71 32 93 103
pottedplant 0.0026 432 199 459 229
pottedplant 0.0025 385 155 441 230
pottedplant 0.0025 25 50 55 86
pottedplant 0.0025 203 159 272 283
pottedplant 0.0025 383 185 408 213
pottedplant 0.0025 156 262 253 351
pottedplant 0.0024 383 134 418 164
pottedplant 0.0024 182 160 223 192
pottedplant 0.0024 271 156 296 200
pottedplant 0.0024 413 107 454 156
pottedplant 0.0024 443 219 479 308
pottedplant 0.0023 298 101 441 333
pottedplant 0.0023 208 37 240 112
pottedplant 0.0023 8 48 36 82
pottedplant 0.0023 213 195 263 272
pottedplant 0.0023 310 130 412 228
pottedplant 0.0023 233 266 270 315
pottedplant 0.0023 215 22 356 169
pottedplant 0.0022 167 172 208 212
pottedplant 0.0022 75 86 109 171
pottedplant 0.0021 438 190 459 223
pottedplant 0.0021 387 161 465 295
pottedplant 0.0021 0 86 21 167
pottedplant 0.0020 279 224 356 353
pottedplant 0.0019 298 49 342 108
pottedplant 0.0019 391 325 468 359
pottedplant 0.0019 472 222 479 299
pottedplant 0.0019 135 148 202 188
pottedplant 0.0019 383 190 396 218
pottedplant 0.0018 338 99 406 180
pottedplant 0.0018 414 156 441 217
pottedplant 0.0018 381 180 422 242
pottedplant 0.0017 191 300 229 339
pottedplant 0.0017 100 245 141 295
pottedplant 0.0017 8 61 51 90
pottedplant 0.0016 338 140 378 204
pottedplant 0.0016 44 217 82 259
pottedplant 0.0016 103 225 177 324
pottedplant 0.0016 362 151 414 220
pottedplant 0.0015 446 117 480 177
pottedplant 0.0015 1 222 75 317
pottedplant 0.0015 0 249 5 307
pottedplant 0.0015 1 312 82 358
pottedplant 0.0015 137 157 180 215
pottedplant 0.0014 292 49 382 145
pottedplant 0.0014 22 129 104 273
pottedplant 0.0014 389 256 469 361
pottedplant 0.0014 61 248 336 356
pottedplant 0.0014 316 195 345 220
pottedplant 0.0014 0 245 31 295
pottedplant 0.0014 373 116 470 203
pottedplant 0.0014 399 133 418 154
pottedplant 0.0014 297 190 356 244
pottedplant 0.0013 3 29 41 79
pottedplant 0.0013 0 80 17 110
pottedplant 0.0013 327 231 402 339
pottedplant 0.0013 158 165 239 259
pottedplant 0.0013 106 172 147 253
pottedplant 0.0013 72 29 137 152
pottedplant 0.0012 0 62 15 118
pottedplant 0.0012 239 154 259 184
pottedplant 0.0012 46 234 111 293
pottedplant 0.0012 457 136 479 310
pottedplant 0.0012 1 58 74 167
pottedplant 0.0012 218 191 268 237
pottedplant 0.0011 415 149 442 184
pottedplant 0.0011 227 40 297 119
pottedplant 0.0011 219 155 296 228
pottedplant 0.0011 371 133 407 197
pottedplant 0.0011 66 282 179 360
pottedplant 0.0011 166 139 239 202
pottedplant 0.0011 70 28 106 77
pottedplant 0.0011 44 247 84 291
pottedplant 0.0010 311 136 370 208
pottedplant 0.0010 473 220 479 268
pottedplant 0.0010 54 74 111 244
pottedplant 0.0010 0 214 6 274
pottedplant 0.0010 108 136 271 244
pottedplant 0.0010 0 223 16 278
pottedplant 0.0010 72 64 113 146
tvmonitor 0.0025 447 121 480 158
