bird 0.0312 206 273 302 350
bird 0.0216 238 284 420 353
bird 0.0120 330 305 404 352
bird 0.0094 246 277 312 349
bird 0.0061 394 305 461 344
bird 0.0014 300 295 386 351
bird 0.0012 312 285 458 350
boat 0.0187 94 160 498 297
chair 0.0065 96 160 236 303
chair 0.0027 84 157 152 227
cow 0.0877 207 271 306 350
cow 0.0094 206 268 282 318
cow 0.0027 166 246 351 344
cow 0.0011 138 228 233 307
dog 0.0463 224 277 388 351
dog 0.0025 464 230 500 279
pottedplant 0.0077 83 158 152 227
sheep 0.0031 12 157 520 319
sheep 0.0010 137 225 233 309
