bicycle 0.0129 192 195 254 303
bicycle 0.0016 201 236 250 297
boat 0.0321 175 302 247 338
boat 0.0053 168 290 255 367
boat 0.0023 180 275 258 342
boat 0.0012 189 186 255 294
car 0.9201 0 282 84 372
car 0.0302 177 303 250 338
car 0.0045 36 85 70 100
car 0.0035 170 307 250 370
car 0.0027 82 77 127 104
car 0.0019 51 86 70 97
car 0.0018 12 275 90 337
car 0.0016 285 279 319 316
car 0.0016 489 355 500 375
car 0.0014 24 81 72 103
car 0.0014 206 307 247 333
car 0.0012 161 281 244 341
car 0.0010 31 65 134 125
person 0.0194 70 181 93 245
person 0.0136 251 213 277 289
person 0.0061 256 216 268 242
person 0.0051 252 216 271 268
person 0.0033 72 180 92 218
person 0.0024 350 276 369 327
person 0.0017 148 287 186 352
person 0.0015 132 290 147 340
person 0.0015 48 280 67 305
person 0.0015 339 283 361 329
person 0.0015 63 181 98 302
person 0.0014 120 289 143 337
person 0.0012 43 154 107 261
person 0.0012 246 209 265 284
person 0.0011 55 277 76 311
person 0.0010 164 289 188 325
sheep 0.0046 269 75 312 133
train 0.0630 -2 -7 498 337
train 0.0022 192 194 252 294
train 0.0016 0 12 293 296
train 0.0016 153 167 314 318
