bottle 0.5205 130 92 147 140
bottle 0.1346 116 88 134 139
bottle 0.0038 111 88 127 138
bottle 0.0027 115 82 156 142
bottle 0.0014 70 83 161 151
cat 0.2579 25 106 450 258
cat 0.0033 48 1 503 252
cat 0.0024 220 122 493 257
chair 0.0034 54 63 106 136
chair 0.0023 14 65 104 141
dog 0.0862 6 104 436 255
person 0.4802 9 5 55 127
person 0.1204 30 7 59 125
person 0.0332 111 21 156 138
person 0.0324 4 -2 478 254
person 0.0290 0 3 27 132
person 0.0104 371 15 502 304
person 0.0092 17 19 80 142
person 0.0077 128 22 156 92
person 0.0073 132 22 155 59
person 0.0021 406 92 503 287
person 0.0020 416 11 499 230
person 0.0020 0 25 39 169
person 0.0013 1 41 71 162
person 0.0010 74 18 162 142
