bottle 0.0472 214 192 268 229
bottle 0.0452 308 119 399 170
bottle 0.0226 295 119 426 227
bottle 0.0157 176 200 229 247
bottle 0.0153 324 121 383 159
bottle 0.0041 211 207 303 372
bottle 0.0035 168 195 257 235
bottle 0.0033 272 121 382 184
bottle 0.0032 173 192 363 374
bottle 0.0031 204 192 289 248
bottle 0.0026 282 357 307 375
bottle 0.0025 169 175 320 237
bottle 0.0021 215 264 287 375
bottle 0.0020 172 199 239 289
bottle 0.0016 277 251 360 375
bottle 0.0014 193 195 280 301
bottle 0.0011 81 163 446 357
bottle 0.0010 202 149 378 304
cat 0.0074 299 119 443 229
cat 0.0034 0 0 218 241
cat 0.0014 171 200 247 295
chair 0.0015 4 165 237 378
dog 0.0105 0 0 225 234
dog 0.0033 295 120 424 230
dog 0.0026 163 188 234 263
dog 0.0018 16 177 242 371
person 0.5457 -1 1 262 358
person 0.0093 215 112 505 351
person 0.0091 267 117 452 256
person 0.0079 21 42 481 303
person 0.0066 388 195 499 373
person 0.0045 409 299 479 374
person 0.0024 278 241 358 376
person 0.0015 56 102 334 346
person 0.0015 205 198 420 373
person 0.0014 322 252 485 377
person 0.0012 123 93 457 265
person 0.0011 428 0 500 354
person 0.0011 372 31 503 320
tvmonitor 0.4673 265 219 486 376
tvmonitor 0.0075 273 240 367 374
