bus 0.1356 200 182 230 219
car 0.8989 72 209 125 257
car 0.8730 157 193 203 243
car 0.8642 0 221 46 276
car 0.8448 32 218 88 263
car 0.7089 118 213 149 252
car 0.6615 142 211 170 247
car 0.2412 200 182 231 218
car 0.0571 271 200 290 216
car 0.0472 135 212 160 247
car 0.0367 91 209 139 255
car 0.0147 104 209 126 254
car 0.0084 4 219 78 270
car 0.0079 0 225 10 277
car 0.0074 182 187 217 227
car 0.0058 47 210 113 259
car 0.0043 0 223 21 278
car 0.0038 144 200 187 245
car 0.0027 388 182 411 210
car 0.0019 29 221 50 267
car 0.0018 65 213 88 261
car 0.0016 387 181 402 206
car 0.0011 111 215 130 252
car 0.0010 0 219 7 263
chair 0.0014 455 241 499 333
motorbike 0.8242 304 245 352 325
person 0.8299 303 207 352 305
person 0.0645 387 186 400 211
person 0.0035 330 183 341 212
person 0.0030 391 185 408 211
person 0.0026 408 180 426 221
person 0.0014 413 195 426 223
person 0.0011 399 185 420 214
person 0.0011 425 186 451 228
