cat 0.4161 14 106 191 162
cat 0.3477 246 126 412 203
cat 0.0451 357 150 478 209
cat 0.0103 267 144 488 220
cat 0.0015 463 100 499 232
cat 0.0013 231 123 367 179
cat 0.0011 224 112 295 155
chair 0.0076 -1 38 52 112
chair 0.0027 7 99 183 196
dog 0.2842 460 151 500 255
dog 0.2597 250 127 475 211
dog 0.2224 14 103 198 162
dog 0.0624 356 148 475 207
dog 0.0393 120 93 249 156
dog 0.0155 147 110 231 155
dog 0.0083 357 50 497 145
dog 0.0069 220 95 305 151
dog 0.0054 79 80 153 113
dog 0.0051 29 46 200 148
dog 0.0042 464 58 500 251
dog 0.0040 346 65 499 218
dog 0.0037 22 76 164 120
dog 0.0029 425 60 500 153
dog 0.0029 467 63 499 144
dog 0.0027 444 110 498 253
dog 0.0024 476 105 500 254
dog 0.0018 249 119 411 171
dog 0.0016 462 205 499 257
dog 0.0015 167 73 270 149
dog 0.0015 14 112 128 151
dog 0.0013 383 122 494 206
dog 0.0011 344 88 413 154
dog 0.0010 59 82 130 109
person 0.0136 336 50 407 146
person 0.0065 351 48 495 144
person 0.0063 306 52 428 169
person 0.0046 349 52 406 107
person 0.0043 256 30 317 120
person 0.0043 345 63 388 141
person 0.0015 212 33 471 159
person 0.0012 342 88 399 153
sofa 0.2677 1 26 480 245
sofa 0.0835 14 99 233 164
sofa 0.0764 18 11 322 174
sofa 0.0742 81 77 289 169
sofa 0.0494 247 122 480 208
sofa 0.0150 5 129 478 257
sofa 0.0132 72 25 445 152
sofa 0.0114 186 39 500 193
sofa 0.0070 347 50 497 164
sofa 0.0052 179 28 382 142
sofa 0.0025 106 85 481 214
sofa 0.0024 122 55 349 182
sofa 0.0022 9 83 259 223
sofa 0.0021 214 99 314 160
sofa 0.0012 217 68 424 162
