bottle 0.0299 358 182 367 209
bottle 0.0260 335 194 346 215
bottle 0.0094 355 178 365 206
bottle 0.0083 310 176 327 195
bottle 0.0047 332 191 343 215
bottle 0.0038 332 180 344 199
bottle 0.0038 345 192 358 214
bottle 0.0031 339 183 353 212
bottle 0.0023 334 180 348 210
bottle 0.0020 359 182 377 209
bottle 0.0010 336 189 381 224
bottle 0.0010 369 193 385 207
car 0.0016 0 106 43 142
chair 0.7423 409 205 499 322
chair 0.6471 438 179 479 247
chair 0.5355 0 197 41 270
chair 0.2651 409 181 443 245
chair 0.2216 60 191 97 247
chair 0.0780 384 214 423 297
chair 0.0649 301 170 323 194
chair 0.0463 473 171 499 243
chair 0.0283 481 199 500 321
chair 0.0274 454 185 500 319
chair 0.0211 34 193 65 261
chair 0.0210 402 178 438 219
chair 0.0197 458 163 495 240
chair 0.0164 420 182 465 246
chair 0.0164 414 179 483 273
chair 0.0156 113 199 140 232
chair 0.0155 297 173 311 195
chair 0.0148 0 202 43 365
chair 0.0139 482 154 499 235
chair 0.0136 94 175 441 372
chair 0.0120 0 197 20 263
chair 0.0119 446 171 480 223
chair 0.0107 81 195 112 247
chair 0.0103 0 195 7 264
chair 0.0103 285 173 306 195
chair 0.0094 466 178 491 232
chair 0.0080 331 245 467 376
chair 0.0075 392 177 422 212
chair 0.0073 379 180 409 208
chair 0.0068 302 178 319 195
chair 0.0065 340 179 362 201
chair 0.0057 311 190 341 215
chair 0.0056 391 178 430 237
chair 0.0055 378 186 427 279
chair 0.0054 389 181 479 310
chair 0.0051 322 176 336 194
chair 0.0049 450 169 479 199
chair 0.0046 0 261 70 375
chair 0.0045 424 168 468 224
chair 0.0043 0 194 15 221
chair 0.0042 45 188 69 244
chair 0.0041 285 157 306 207
chair 0.0041 327 180 342 195
chair 0.0039 416 177 445 217
chair 0.0038 313 178 328 195
chair 0.0038 1 228 117 375
chair 0.0038 331 192 343 215
chair 0.0038 15 187 48 213
chair 0.0036 36 188 58 235
chair 0.0035 489 172 500 247
chair 0.0034 292 201 335 288
chair 0.0034 1 193 38 226
chair 0.0032 58 194 79 248
chair 0.0031 64 180 111 242
chair 0.0031 12 188 52 259
chair 0.0027 20 188 97 272
chair 0.0027 1 196 17 206
chair 0.0025 337 195 350 215
chair 0.0024 0 195 6 208
chair 0.0023 0 216 29 280
chair 0.0023 339 182 353 212
chair 0.0023 320 174 344 203
chair 0.0021 361 177 405 215
chair 0.0020 344 182 360 209
chair 0.0018 328 183 344 213
chair 0.0018 450 188 489 261
chair 0.0017 461 228 499 348
chair 0.0017 213 224 468 375
chair 0.0016 62 198 89 235
chair 0.0016 86 184 112 224
chair 0.0016 346 179 375 211
chair 0.0016 0 214 15 373
chair 0.0016 332 199 432 326
chair 0.0016 364 183 392 208
chair 0.0015 0 285 37 375
chair 0.0015 288 181 304 195
chair 0.0015 359 183 378 209
chair 0.0014 481 188 500 250
chair 0.0013 419 303 499 375
chair 0.0012 93 216 223 372
chair 0.0012 468 182 487 214
chair 0.0011 343 226 483 327
chair 0.0011 376 200 425 249
chair 0.0011 30 174 133 265
chair 0.0010 413 194 440 233
chair 0.0010 120 195 143 224
diningtable 0.5131 326 189 423 254
diningtable 0.0214 334 200 427 299
diningtable 0.0145 270 192 426 270
diningtable 0.0080 26 192 64 264
diningtable 0.0076 298 186 422 230
diningtable 0.0072 366 181 447 247
diningtable 0.0051 357 204 430 254
diningtable 0.0048 352 176 415 216
diningtable 0.0047 386 178 434 238
diningtable 0.0044 470 180 498 239
diningtable 0.0040 367 180 405 208
diningtable 0.0037 321 191 366 216
diningtable 0.0033 328 206 394 259
diningtable 0.0032 347 181 386 213
diningtable 0.0024 340 174 473 272
diningtable 0.0023 297 191 435 341
diningtable 0.0017 353 189 403 212
diningtable 0.0016 331 196 500 339
diningtable 0.0016 340 249 473 375
diningtable 0.0011 306 186 340 215
person 0.8447 91 18 431 379
person 0.7769 348 152 376 182
person 0.7672 380 160 402 180
person 0.5880 325 156 346 185
person 0.2737 331 154 364 187
person 0.1028 303 168 323 192
person 0.0868 483 154 500 209
person 0.0611 303 156 330 190
person 0.0543 484 157 500 186
person 0.0442 320 161 343 191
person 0.0418 370 160 387 182
person 0.0268 345 150 363 178
person 0.0147 378 160 403 201
person 0.0123 492 149 500 175
person 0.0112 328 168 346 194
person 0.0103 309 176 327 194
person 0.0097 329 155 347 174
person 0.0094 310 153 338 185
person 0.0090 378 177 403 207
person 0.0086 339 174 363 197
person 0.0085 310 167 364 215
person 0.0069 388 161 407 181
person 0.0068 351 172 368 196
person 0.0067 322 176 337 193
person 0.0063 29 26 294 357
person 0.0058 474 152 500 229
person 0.0058 316 150 352 189
person 0.0057 486 147 499 177
person 0.0050 353 162 373 185
person 0.0049 385 163 407 193
person 0.0041 478 153 496 180
person 0.0039 236 94 449 311
person 0.0039 288 153 387 238
person 0.0032 254 72 336 274
person 0.0032 474 149 501 186
person 0.0030 382 158 400 172
person 0.0029 302 142 358 206
person 0.0028 358 164 381 183
person 0.0021 367 155 396 179
person 0.0017 337 297 473 375
person 0.0016 443 149 456 172
person 0.0015 350 144 379 172
person 0.0014 318 154 338 174
person 0.0014 418 161 425 176
person 0.0013 341 153 359 173
person 0.0012 433 146 458 174
person 0.0012 281 132 336 238
person 0.0011 336 150 397 202
person 0.0010 387 166 412 205
pottedplant 0.7218 52 138 96 198
pottedplant 0.4296 22 152 51 191
pottedplant 0.3444 102 143 154 206
pottedplant 0.1557 100 102 161 209
pottedplant 0.0837 94 155 115 196
pottedplant 0.0694 124 149 156 201
pottedplant 0.0639 0 165 21 189
pottedplant 0.0578 21 181 42 196
pottedplant 0.0468 101 78 160 133
pottedplant 0.0462 35 155 60 196
pottedplant 0.0423 138 155 156 203
pottedplant 0.0356 14 163 54 212
pottedplant 0.0343 107 162 146 218
pottedplant 0.0330 113 77 186 210
pottedplant 0.0289 115 186 138 210
pottedplant 0.0255 92 151 137 201
pottedplant 0.0251 22 160 40 193
pottedplant 0.0218 303 156 329 182
pottedplant 0.0210 100 170 116 196
pottedplant 0.0209 0 157 28 187
pottedplant 0.0207 46 161 92 234
pottedplant 0.0184 15 184 43 205
pottedplant 0.0181 63 161 93 200
pottedplant 0.0173 87 149 110 196
pottedplant 0.0171 108 183 138 231
pottedplant 0.0170 12 184 33 198
pottedplant 0.0169 2 185 40 239
pottedplant 0.0158 5 155 42 186
pottedplant 0.0153 0 164 8 185
pottedplant 0.0142 4 181 36 204
pottedplant 0.0135 89 170 103 194
pottedplant 0.0128 23 169 53 197
pottedplant 0.0123 85 118 185 232
pottedplant 0.0114 40 146 80 198
pottedplant 0.0101 91 163 118 213
pottedplant 0.0090 68 176 92 199
pottedplant 0.0090 96 183 114 199
pottedplant 0.0088 0 174 17 203
pottedplant 0.0082 48 154 71 197
pottedplant 0.0072 44 29 256 313
pottedplant 0.0065 39 168 57 196
pottedplant 0.0064 101 166 124 213
pottedplant 0.0059 1 182 25 202
pottedplant 0.0058 40 182 54 198
pottedplant 0.0055 60 152 95 220
pottedplant 0.0055 87 180 118 237
pottedplant 0.0053 131 174 152 207
pottedplant 0.0043 87 186 111 206
pottedplant 0.0041 77 172 106 206
pottedplant 0.0041 38 159 65 215
pottedplant 0.0039 0 163 9 200
pottedplant 0.0036 101 28 205 219
pottedplant 0.0036 72 141 104 199
pottedplant 0.0035 102 178 121 203
pottedplant 0.0033 118 184 145 219
pottedplant 0.0033 69 156 115 225
pottedplant 0.0032 131 149 163 226
pottedplant 0.0031 40 183 56 208
pottedplant 0.0031 103 193 132 237
pottedplant 0.0030 112 175 148 246
pottedplant 0.0030 86 179 108 200
pottedplant 0.0029 22 132 107 209
pottedplant 0.0028 51 168 68 196
pottedplant 0.0027 0 151 17 180
pottedplant 0.0027 134 67 190 276
pottedplant 0.0026 11 178 32 195
pottedplant 0.0026 13 184 46 220
pottedplant 0.0024 41 176 59 202
pottedplant 0.0024 422 163 440 179
pottedplant 0.0024 149 156 173 201
pottedplant 0.0020 23 184 54 206
pottedplant 0.0020 309 151 333 177
pottedplant 0.0019 67 173 93 216
pottedplant 0.0019 138 170 164 209
pottedplant 0.0019 122 178 144 205
pottedplant 0.0018 0 147 9 188
pottedplant 0.0018 120 158 147 196
pottedplant 0.0016 99 183 120 225
pottedplant 0.0016 47 173 72 223
pottedplant 0.0016 143 140 180 200
pottedplant 0.0015 41 153 62 183
pottedplant 0.0015 419 154 445 178
pottedplant 0.0014 100 159 124 194
pottedplant 0.0013 8 190 37 208
pottedplant 0.0013 105 187 126 219
pottedplant 0.0013 8 168 32 188
pottedplant 0.0012 1 151 17 166
pottedplant 0.0012 1 137 36 193
pottedplant 0.0012 101 117 161 294
pottedplant 0.0011 102 114 151 151
pottedplant 0.0010 440 148 455 171
pottedplant 0.0010 431 148 458 179
pottedplant 0.0010 129 190 146 215
tvmonitor 0.0023 454 153 480 191
tvmonitor 0.0018 485 138 499 173
tvmonitor 0.0014 441 145 466 173
tvmonitor 0.0011 493 140 499 173
