chair 0.0046 186 1 260 98
dog 0.1788 0 82 17 152
dog 0.0589 0 85 9 157
dog 0.0119 0 74 14 211
dog 0.0049 1 72 28 140
dog 0.0021 0 90 21 128
dog 0.0011 0 101 16 139
dog 0.0011 0 103 7 140
person 0.0160 0 57 18 141
person 0.0015 0 78 15 260
pottedplant 0.7829 84 86 394 374
pottedplant 0.0642 81 147 225 361
pottedplant 0.0341 156 78 306 229
pottedplant 0.0233 262 115 369 221
pottedplant 0.0204 182 171 388 377
pottedplant 0.0118 277 2 499 359
pottedplant 0.0115 254 107 379 297
pottedplant 0.0044 92 164 212 274
pottedplant 0.0033 180 85 396 273
pottedplant 0.0023 287 198 391 364
pottedplant 0.0021 289 133 365 197
pottedplant 0.0018 91 68 299 294
pottedplant 0.0015 79 162 164 343
pottedplant 0.0015 230 252 393 375
pottedplant 0.0012 252 104 340 192
pottedplant 0.0012 320 277 394 374
pottedplant 0.0011 118 173 190 322
pottedplant 0.0010 118 205 259 369
