bicycle 0.0074 107 192 184 259
bus 0.0022 440 157 496 184
car 0.6640 324 165 357 186
car 0.5711 357 173 380 187
car 0.5309 387 166 413 186
car 0.3157 425 165 449 179
car 0.3014 270 163 300 177
car 0.1060 4 199 69 243
car 0.0921 366 177 399 223
car 0.0809 373 169 393 186
car 0.0803 362 172 391 189
car 0.0633 423 164 451 188
car 0.0590 382 165 405 183
car 0.0330 302 160 355 186
car 0.0267 391 167 422 193
car 0.0214 428 169 455 183
car 0.0163 420 161 466 185
car 0.0160 400 165 432 194
car 0.0095 409 165 426 182
car 0.0093 327 162 354 178
car 0.0088 421 167 442 186
car 0.0080 283 163 302 180
car 0.0070 335 170 360 185
car 0.0067 351 168 381 191
car 0.0062 319 168 344 186
car 0.0049 283 160 328 184
car 0.0032 256 165 294 179
car 0.0031 255 159 340 241
car 0.0029 356 178 377 192
car 0.0027 343 163 383 184
car 0.0025 419 160 456 207
car 0.0023 422 170 449 197
car 0.0023 382 165 403 175
car 0.0022 431 171 454 191
car 0.0022 242 174 264 194
car 0.0022 319 159 359 197
car 0.0020 423 161 447 174
car 0.0020 435 160 495 183
car 0.0019 248 171 267 181
car 0.0019 387 164 414 177
car 0.0018 305 163 326 186
car 0.0018 0 186 39 254
car 0.0016 232 174 266 202
car 0.0014 391 165 430 212
car 0.0013 321 176 340 186
car 0.0013 328 172 358 191
car 0.0012 421 164 442 173
car 0.0012 31 201 69 235
car 0.0012 290 165 300 183
car 0.0012 431 165 470 180
car 0.0011 0 175 12 259
car 0.0011 0 156 54 252
car 0.0011 431 163 452 175
car 0.0011 141 179 270 235
car 0.0011 245 170 262 180
car 0.0010 253 172 275 181
horse 0.8667 42 178 267 355
horse 0.7297 336 192 395 298
horse 0.1684 363 181 419 301
horse 0.1387 307 174 373 316
horse 0.0468 339 207 368 293
horse 0.0198 81 167 207 281
horse 0.0130 356 176 398 251
horse 0.0120 353 205 388 295
horse 0.0022 132 172 277 276
horse 0.0010 39 192 147 350
person 0.8424 399 168 433 302
person 0.8384 282 159 337 334
person 0.8115 425 179 454 302
person 0.8084 110 131 165 258
person 0.6443 380 200 413 304
person 0.4161 220 190 268 344
person 0.1039 368 173 397 220
person 0.0900 354 196 407 304
person 0.0727 393 163 427 252
person 0.0336 359 175 398 244
person 0.0325 155 182 269 348
person 0.0174 364 168 412 273
person 0.0165 81 171 207 277
person 0.0159 111 181 190 262
person 0.0123 236 174 267 245
person 0.0113 120 132 162 189
person 0.0082 22 156 36 182
person 0.0051 358 166 463 303
person 0.0049 106 190 163 254
person 0.0049 394 207 420 298
person 0.0046 493 167 499 183
person 0.0040 406 186 432 278
person 0.0040 238 173 264 215
person 0.0029 9 152 36 185
person 0.0020 107 177 262 260
person 0.0019 358 213 391 299
person 0.0017 0 151 14 260
person 0.0015 244 157 354 319
person 0.0015 295 166 336 249
person 0.0015 399 166 433 225
person 0.0013 205 175 297 343
person 0.0012 49 197 264 360
person 0.0010 488 169 499 184
person 0.0010 121 138 195 252
