bottle 0.0107 471 301 499 375
bottle 0.0036 491 294 500 373
bottle 0.0033 481 282 499 359
bottle 0.0027 439 312 500 376
bottle 0.0026 490 276 499 343
bottle 0.0025 371 315 492 374
bottle 0.0014 372 264 498 375
bottle 0.0012 481 298 499 334
bottle 0.0010 428 330 474 365
bus 0.0062 0 100 60 198
bus 0.0018 -1 89 128 210
chair 0.1377 327 187 502 375
chair 0.0177 0 144 122 287
chair 0.0102 218 187 466 374
chair 0.0051 477 182 500 357
chair 0.0027 6 158 205 275
chair 0.0019 368 259 500 376
chair 0.0015 0 221 43 322
chair 0.0012 172 177 317 376
chair 0.0012 -1 154 242 350
chair 0.0011 0 206 124 319
diningtable 0.0012 382 308 497 374
person 0.7119 192 155 272 292
person 0.6314 326 167 501 375
person 0.0752 292 148 309 171
person 0.0443 196 159 307 346
person 0.0249 141 153 505 370
person 0.0128 292 147 318 180
person 0.0078 173 156 378 306
person 0.0052 472 165 500 367
person 0.0051 201 152 272 227
person 0.0048 0 116 112 292
person 0.0043 406 210 500 377
person 0.0015 133 158 264 279
person 0.0011 0 136 48 274
pottedplant 0.0041 481 163 499 189
pottedplant 0.0013 482 161 499 222
pottedplant 0.0012 475 174 500 234
sofa 0.5308 1 264 307 375
sofa 0.1899 2 161 311 373
sofa 0.1256 174 154 297 308
sofa 0.0841 0 181 120 309
sofa 0.0650 202 170 497 374
sofa 0.0444 129 146 370 364
sofa 0.0294 22 157 298 280
sofa 0.0012 0 175 45 285
train 0.0015 477 101 500 190
tvmonitor 0.0095 0 102 60 199
tvmonitor 0.0011 -1 72 142 211
