chair 0.0109 0 234 117 374
chair 0.0102 238 161 291 188
chair 0.0019 463 145 500 260
chair 0.0018 231 138 289 190
chair 0.0018 287 139 356 193
chair 0.0018 473 288 500 374
chair 0.0016 1 135 89 377
chair 0.0015 469 218 499 376
chair 0.0015 0 124 14 364
chair 0.0015 0 211 30 377
chair 0.0013 484 260 500 373
chair 0.0013 0 231 13 377
chair 0.0011 184 134 245 187
chair 0.0011 0 210 65 377
chair 0.0010 482 146 500 262
dog 0.0352 25 156 181 216
dog 0.0060 117 162 199 206
dog 0.0020 62 158 141 214
dog 0.0010 185 134 244 188
person 0.0071 250 33 273 58
person 0.0023 109 42 131 61
pottedplant 0.6891 278 95 357 168
pottedplant 0.0014 277 97 424 182
pottedplant 0.0013 279 119 314 172
pottedplant 0.0013 302 107 371 172
sofa 0.9362 309 132 501 256
sofa 0.6826 5 144 424 373
sofa 0.0072 29 152 222 219
sofa 0.0025 12 128 233 283
sofa 0.0012 56 139 311 225
sofa 0.0011 277 130 511 351
sofa 0.0011 456 133 500 257
