bottle 0.0016 229 310 295 371
bottle 0.0016 97 280 154 365
bottle 0.0011 486 54 500 103
chair 0.0064 308 74 500 373
chair 0.0029 77 130 487 374
chair 0.0014 422 78 500 368
dog 0.6064 73 181 307 373
dog 0.2417 45 204 163 308
dog 0.0121 5 200 226 374
dog 0.0093 0 201 143 332
dog 0.0074 74 202 157 259
dog 0.0066 7 100 283 369
dog 0.0059 18 174 203 315
dog 0.0046 26 279 198 372
dog 0.0023 61 188 196 279
dog 0.0017 166 213 305 373
dog 0.0013 95 206 465 373
dog 0.0012 -1 189 66 357
person 0.4581 2 5 474 376
person 0.1729 222 0 489 359
person 0.0190 412 10 501 345
person 0.0112 7 89 313 381
person 0.0093 312 0 472 298
person 0.0032 422 2 500 104
person 0.0024 0 182 63 311
person 0.0020 402 7 499 190
person 0.0019 0 165 25 367
person 0.0017 105 160 360 367
person 0.0012 328 2 495 144
