bicycle 0.4893 119 227 266 333
bicycle 0.0272 163 160 268 337
bicycle 0.0021 180 244 264 335
bicycle 0.0016 0 134 13 263
bottle 0.0118 91 121 177 198
bottle 0.0077 159 130 208 177
bottle 0.0075 92 124 143 182
bottle 0.0017 158 136 194 168
bottle 0.0013 89 165 119 204
bottle 0.0012 95 123 135 157
bottle 0.0012 161 130 187 160
bottle 0.0012 121 127 219 194
motorbike 0.0311 0 40 24 90
motorbike 0.0078 0 57 17 93
motorbike 0.0035 0 70 11 93
person 0.7556 90 126 234 335
person 0.5872 322 144 372 263
person 0.1231 146 134 266 332
person 0.0767 342 172 388 259
person 0.0623 88 125 174 295
person 0.0384 125 118 240 258
person 0.0132 0 40 24 92
person 0.0124 90 121 179 203
person 0.0093 0 39 9 91
person 0.0080 157 127 211 189
person 0.0077 92 39 236 232
person 0.0066 155 134 230 226
person 0.0040 121 91 227 211
person 0.0024 89 141 129 229
person 0.0018 319 169 356 260
person 0.0017 160 130 198 174
person 0.0016 330 144 371 210
person 0.0015 0 41 4 75
person 0.0014 0 38 15 267
person 0.0013 354 199 387 259
person 0.0013 0 176 6 252
person 0.0011 0 154 11 266
person 0.0011 331 142 362 176
person 0.0011 102 32 195 188
person 0.0010 119 46 281 281
person 0.0010 331 137 397 254
