bottle 0.8905 356 31 392 135
bottle 0.0084 235 102 270 190
bottle 0.0046 184 0 195 38
bottle 0.0039 359 81 388 135
bottle 0.0022 402 92 482 140
bottle 0.0021 207 99 298 204
bottle 0.0020 359 29 394 85
bottle 0.0013 429 101 499 150
bottle 0.0010 393 89 438 128
bottle 0.0010 182 8 196 74
chair 0.0676 435 183 500 358
chair 0.0200 0 93 10 193
chair 0.0165 376 122 500 327
chair 0.0154 424 106 499 298
chair 0.0132 287 287 498 376
chair 0.0128 418 97 497 147
chair 0.0115 307 171 500 374
chair 0.0086 0 175 57 375
chair 0.0081 60 92 222 156
chair 0.0072 0 106 125 189
chair 0.0061 62 114 121 158
chair 0.0036 0 99 40 193
chair 0.0036 0 168 16 375
chair 0.0035 0 78 13 259
chair 0.0033 463 103 500 309
chair 0.0031 0 210 35 378
chair 0.0031 0 110 6 191
chair 0.0030 0 81 19 186
chair 0.0030 37 108 146 162
chair 0.0028 0 85 8 158
chair 0.0027 0 101 62 237
chair 0.0026 8 107 208 172
chair 0.0021 0 87 41 352
chair 0.0019 279 90 499 317
chair 0.0018 393 90 477 140
chair 0.0017 483 98 499 290
chair 0.0014 -2 147 120 374
chair 0.0013 0 77 29 261
chair 0.0012 454 106 498 149
chair 0.0010 0 22 14 193
diningtable 0.6578 -3 89 478 371
diningtable 0.0010 93 81 423 235
person 0.0021 130 43 153 65
person 0.0015 138 40 158 66
person 0.0010 126 39 144 66
pottedplant 0.0010 28 6 61 45
