bus 0.9505 278 38 450 203
bus 0.9351 149 55 284 198
bus 0.9283 38 51 158 192
bus 0.8146 446 76 500 162
bus 0.0143 473 80 499 166
bus 0.0125 457 90 495 184
bus 0.0090 41 54 270 190
bus 0.0072 447 75 499 121
bus 0.0046 441 124 454 160
bus 0.0040 442 124 470 163
bus 0.0025 414 68 505 181
bus 0.0021 481 100 498 176
bus 0.0021 102 71 232 190
bus 0.0018 483 126 499 163
bus 0.0015 146 57 204 195
bus 0.0015 93 56 155 188
bus 0.0014 255 37 375 199
bus 0.0013 209 57 316 197
bus 0.0011 450 111 493 163
car 0.0075 443 139 465 161
car 0.0067 491 137 499 170
car 0.0060 14 133 29 143
car 0.0049 483 136 499 163
person 0.8792 463 135 486 187
person 0.0642 459 95 493 181
person 0.0051 441 144 448 162
person 0.0045 442 137 455 163
person 0.0034 478 137 498 184
person 0.0014 441 133 464 165
person 0.0012 452 133 480 190
person 0.0010 454 141 470 185
person 0.0010 460 134 473 167
person 0.0010 68 125 84 140
