boat 0.5353 33 -1 493 345
boat 0.3901 232 133 296 207
boat 0.3690 195 124 338 223
boat 0.2075 132 72 386 268
boat 0.0107 125 119 474 310
boat 0.0040 298 161 476 227
boat 0.0032 77 27 447 212
boat 0.0014 -16 40 336 271
boat 0.0012 56 135 134 275
person 0.8098 81 110 136 175
person 0.5154 234 139 293 201
person 0.1856 295 155 360 224
person 0.0466 228 142 275 189
person 0.0301 272 149 392 245
person 0.0229 214 127 320 232
person 0.0219 313 155 363 202
person 0.0143 263 142 316 201
person 0.0142 238 159 292 217
person 0.0116 169 143 191 171
person 0.0104 229 144 256 184
person 0.0102 171 143 209 173
person 0.0093 241 138 289 177
person 0.0065 68 107 163 184
person 0.0058 186 145 214 173
person 0.0055 253 153 331 227
person 0.0048 175 128 226 187
person 0.0043 315 158 388 227
person 0.0034 51 104 138 261
person 0.0025 247 163 309 247
person 0.0022 32 109 141 176
person 0.0021 255 167 297 210
person 0.0020 201 132 271 197
person 0.0018 358 180 375 227
person 0.0018 342 177 376 228
person 0.0018 303 153 345 198
person 0.0015 185 100 283 222
person 0.0015 219 151 276 226
person 0.0014 179 183 227 235
person 0.0012 273 150 347 211
person 0.0012 268 159 348 262
person 0.0010 163 132 194 174
