boat 0.2316 86 131 409 273
boat 0.0144 56 10 418 286
boat 0.0066 402 107 495 181
boat 0.0041 406 16 499 184
boat 0.0026 178 4 492 229
boat 0.0016 342 66 495 181
car 0.0010 103 164 150 240
chair 0.0178 0 167 40 218
chair 0.0019 0 156 33 204
chair 0.0011 0 144 53 210
chair 0.0010 105 165 184 257
chair 0.0010 166 147 432 272
diningtable 0.0055 37 261 485 364
diningtable 0.0012 54 170 503 354
motorbike 0.0013 487 2 500 24
person 0.0018 485 103 499 194
pottedplant 0.0136 402 8 499 181
sheep 0.0058 381 239 500 360
