bicycle 0.0013 379 121 435 179
bottle 0.0013 46 253 58 282
bus 0.2054 -1 25 261 198
bus 0.0041 1 90 210 201
car 0.8901 153 158 303 213
car 0.3716 289 96 404 161
car 0.3424 293 87 496 170
car 0.0712 471 163 500 216
car 0.0226 36 124 222 191
car 0.0181 481 174 500 219
car 0.0108 115 223 185 256
car 0.0105 292 85 374 147
car 0.0086 211 132 259 160
car 0.0067 191 133 273 178
car 0.0059 491 151 499 218
car 0.0054 442 150 502 217
car 0.0044 185 193 249 254
car 0.0042 151 183 308 258
car 0.0033 385 72 498 169
car 0.0031 481 135 500 210
car 0.0030 468 179 496 211
car 0.0027 235 162 305 208
car 0.0024 0 162 22 201
car 0.0022 398 156 505 226
car 0.0022 282 102 355 153
car 0.0018 293 61 361 94
car 0.0016 488 175 500 209
car 0.0014 0 148 61 200
car 0.0013 211 104 257 161
car 0.0011 252 155 329 204
person 0.7767 308 145 334 209
person 0.6234 385 166 408 233
person 0.5026 311 88 334 109
person 0.4872 282 95 304 148
person 0.1654 349 85 364 103
person 0.1232 356 85 369 104
person 0.0681 302 90 360 133
person 0.0313 363 84 375 102
person 0.0206 366 83 380 100
person 0.0192 288 58 395 155
person 0.0092 346 88 357 105
person 0.0083 345 84 368 111
person 0.0066 304 83 351 110
person 0.0054 109 238 130 278
person 0.0050 311 83 375 117
person 0.0049 393 109 439 175
person 0.0044 489 178 500 223
person 0.0043 377 133 427 228
person 0.0041 343 81 486 178
person 0.0035 289 84 349 147
person 0.0031 352 80 365 99
person 0.0029 492 101 500 145
person 0.0025 305 92 333 118
person 0.0023 359 81 372 98
person 0.0023 402 104 472 177
person 0.0023 304 152 333 249
person 0.0017 311 60 353 86
person 0.0016 485 104 500 215
person 0.0016 339 80 388 121
person 0.0015 307 77 338 106
person 0.0015 391 172 416 231
person 0.0015 306 126 346 196
person 0.0015 314 137 333 184
person 0.0014 373 84 386 99
person 0.0013 318 71 362 103
person 0.0012 302 85 330 111
person 0.0010 370 82 383 97
pottedplant 0.0669 402 92 499 174
pottedplant 0.0218 418 104 497 153
pottedplant 0.0078 474 102 498 144
pottedplant 0.0072 451 105 493 148
pottedplant 0.0051 485 102 500 146
pottedplant 0.0047 425 115 493 179
pottedplant 0.0039 439 102 479 175
pottedplant 0.0032 458 114 499 210
pottedplant 0.0019 431 109 466 180
pottedplant 0.0013 461 110 486 144
pottedplant 0.0011 383 113 502 221
