bottle 0.7501 25 153 48 251
bottle 0.5310 337 48 355 87
bottle 0.3817 0 161 26 247
bottle 0.3544 315 48 332 86
bottle 0.3028 7 157 36 250
bottle 0.1583 354 50 371 87
bottle 0.0318 26 150 41 188
bottle 0.0268 62 157 76 181
bottle 0.0248 270 2 312 72
bottle 0.0239 94 155 108 181
bottle 0.0207 1 162 20 219
bottle 0.0195 25 149 43 215
bottle 0.0188 0 163 8 245
bottle 0.0164 82 156 93 180
bottle 0.0130 49 160 61 181
bottle 0.0122 324 48 344 85
bottle 0.0107 33 158 56 247
bottle 0.0106 71 156 88 180
bottle 0.0073 49 154 64 226
bottle 0.0072 2 159 16 203
bottle 0.0060 342 50 364 90
bottle 0.0050 11 156 27 227
bottle 0.0044 53 158 70 182
bottle 0.0041 0 125 17 212
bottle 0.0036 4 159 15 185
bottle 0.0036 87 156 103 179
bottle 0.0033 121 176 138 233
bottle 0.0028 46 160 62 196
bottle 0.0024 1 160 11 211
bottle 0.0023 2 147 23 195
bottle 0.0020 33 215 45 248
bottle 0.0019 28 196 44 254
bottle 0.0017 0 184 5 258
bottle 0.0016 0 169 17 278
bottle 0.0016 0 128 7 202
bottle 0.0015 339 48 353 68
bottle 0.0012 6 148 19 186
bottle 0.0012 107 173 120 233
bottle 0.0012 5 163 20 194
bottle 0.0011 338 47 357 116
bottle 0.0011 114 174 133 234
bottle 0.0010 77 158 90 190
chair 0.0040 0 270 45 376
chair 0.0014 0 256 121 375
diningtable 0.0036 -1 221 132 375
person 0.9267 134 35 339 374
person 0.8770 373 22 500 373
person 0.5762 327 136 363 207
person 0.0444 403 132 435 174
person 0.0254 302 144 342 206
person 0.0196 136 105 216 241
person 0.0175 136 68 227 342
person 0.0164 373 162 400 205
person 0.0152 392 84 449 276
person 0.0143 340 140 367 201
person 0.0139 405 104 438 163
person 0.0132 399 115 442 187
person 0.0097 334 70 449 295
person 0.0082 410 94 448 146
person 0.0078 356 161 376 196
person 0.0072 404 68 459 179
person 0.0072 403 137 437 207
person 0.0071 307 151 331 191
person 0.0066 323 153 352 209
person 0.0057 348 147 374 200
person 0.0056 406 96 428 129
person 0.0054 281 140 334 217
person 0.0053 476 31 501 380
person 0.0052 328 176 355 207
person 0.0047 326 121 377 238
person 0.0045 0 177 40 375
person 0.0040 425 93 452 140
person 0.0034 383 140 428 219
person 0.0034 361 149 412 215
person 0.0033 331 135 362 167
person 0.0032 214 82 410 292
person 0.0030 267 103 341 367
person 0.0025 270 124 334 264
person 0.0024 127 50 224 214
person 0.0023 229 36 491 332
person 0.0022 393 24 494 243
person 0.0020 417 94 440 130
person 0.0017 453 19 499 372
person 0.0015 408 97 423 118
person 0.0014 402 140 424 179
person 0.0014 0 115 14 200
person 0.0014 284 130 392 216
person 0.0013 316 145 336 187
person 0.0012 0 160 16 383
tvmonitor 0.0252 112 58 192 132
tvmonitor 0.0037 114 55 211 184
tvmonitor 0.0029 0 1 112 66
