aeroplane 0.2292 186 186 274 222
aeroplane 0.0702 0 144 272 276
aeroplane 0.0205 187 199 285 232
aeroplane 0.0167 180 177 284 247
aeroplane 0.0133 101 177 292 229
aeroplane 0.0132 1 196 206 282
aeroplane 0.0123 0 88 170 268
aeroplane 0.0118 180 219 293 268
aeroplane 0.0088 -1 174 126 273
aeroplane 0.0088 126 215 302 285
aeroplane 0.0081 71 184 307 255
aeroplane 0.0050 196 196 306 254
aeroplane 0.0042 6 220 268 312
aeroplane 0.0036 221 217 290 254
aeroplane 0.0023 0 107 89 261
aeroplane 0.0022 158 186 347 271
aeroplane 0.0020 177 239 288 280
aeroplane 0.0015 91 235 284 304
aeroplane 0.0013 48 158 327 228
aeroplane 0.0013 194 183 267 209
aeroplane 0.0012 203 212 366 273
aeroplane 0.0012 0 220 112 323
aeroplane 0.0011 218 233 287 259
aeroplane 0.0010 191 180 427 282
bird 0.0012 83 23 123 50
boat 0.3476 1 6 128 109
boat 0.0070 2 0 98 57
boat 0.0038 81 22 123 59
boat 0.0029 1 23 133 186
boat 0.0022 0 128 91 260
boat 0.0021 0 3 28 46
boat 0.0018 0 9 15 45
boat 0.0012 0 0 59 43
car 0.8938 276 290 391 330
car 0.0544 342 291 393 308
car 0.0369 336 292 395 320
car 0.0175 462 282 487 296
car 0.0073 349 289 392 301
car 0.0053 187 295 231 309
car 0.0050 211 297 245 308
car 0.0039 416 284 431 298
car 0.0037 198 293 240 307
car 0.0032 273 291 351 322
car 0.0022 168 289 227 308
car 0.0022 203 296 228 308
car 0.0021 277 293 367 310
car 0.0020 284 301 320 335
car 0.0020 372 298 394 313
car 0.0020 482 348 499 375
car 0.0018 355 293 395 313
car 0.0016 305 292 386 307
car 0.0015 388 289 408 298
car 0.0015 259 272 409 325
car 0.0011 447 284 471 296
car 0.0010 484 281 497 300
person 0.4008 298 315 313 352
person 0.0079 120 312 133 355
person 0.0074 282 297 331 335
person 0.0057 483 203 500 303
person 0.0035 49 311 58 348
person 0.0034 286 285 297 300
person 0.0017 18 316 31 349
person 0.0016 117 310 138 367
person 0.0016 121 312 129 339
person 0.0014 425 284 438 298
person 0.0014 485 232 498 327
person 0.0012 285 286 303 301
