bird 0.0100 1 222 141 374
bird 0.0059 1 33 129 371
boat 0.0130 296 170 449 259
car 0.0171 467 169 500 336
car 0.0098 298 163 450 258
car 0.0047 71 148 157 211
car 0.0044 166 159 460 288
car 0.0019 67 134 98 155
chair 0.0010 75 152 144 211
motorbike 0.8879 102 161 334 334
motorbike 0.0075 115 153 466 300
person 0.0794 241 140 269 173
person 0.0739 316 262 331 294
person 0.0571 468 171 500 332
person 0.0318 183 143 219 194
person 0.0280 294 140 315 179
person 0.0246 276 139 314 180
person 0.0093 477 118 499 297
person 0.0085 270 139 298 180
person 0.0076 463 73 500 316
person 0.0071 173 139 188 182
person 0.0070 229 197 261 242
person 0.0041 478 177 499 230
person 0.0024 198 146 283 271
person 0.0023 141 135 287 300
person 0.0020 175 154 341 296
person 0.0019 231 139 271 193
person 0.0017 157 145 236 243
person 0.0017 229 156 296 248
person 0.0015 488 174 500 241
person 0.0013 176 140 207 184
person 0.0012 211 181 264 259
person 0.0011 261 141 286 178
person 0.0010 446 208 500 377
person 0.0010 430 377 499 437
train 0.0013 295 168 422 254
