bottle 0.1406 160 262 196 328
bottle 0.0470 134 174 225 358
bottle 0.0054 159 261 179 325
bottle 0.0015 34 216 295 383
bottle 0.0012 114 257 249 355
bottle 0.0010 172 248 201 326
chair 0.0119 0 295 44 377
chair 0.0033 0 269 121 375
chair 0.0029 0 231 48 374
chair 0.0028 312 117 502 374
chair 0.0023 282 91 498 275
chair 0.0013 0 176 174 374
chair 0.0012 0 73 211 207
diningtable 0.0030 -15 291 520 382
diningtable 0.0028 47 191 334 399
dog 0.0041 1 77 211 294
person 0.6103 0 73 215 371
person 0.5722 232 134 414 372
person 0.4745 62 136 369 373
person 0.1064 269 88 498 367
person 0.0079 82 142 257 348
person 0.0032 87 134 222 253
person 0.0015 0 73 84 374
person 0.0012 135 140 386 294
sofa 0.1606 97 135 456 374
sofa 0.0056 329 101 496 378
sofa 0.0020 1 57 516 326
