chair 0.0081 0 173 77 344
chair 0.0037 0 221 130 377
chair 0.0035 136 234 425 375
chair 0.0024 403 281 500 377
chair 0.0014 0 157 182 368
chair 0.0010 -2 309 124 376
diningtable 0.0021 123 251 418 374
dog 0.3179 168 45 385 293
dog 0.0219 49 50 382 376
dog 0.0041 132 178 429 372
dog 0.0019 158 81 336 397
dog 0.0014 166 58 497 374
person 0.0195 0 -3 79 350
person 0.0110 0 -13 179 362
sheep 0.0015 127 250 416 374
sofa 0.0023 -1 81 76 350
tvmonitor 0.0183 351 195 502 301
tvmonitor 0.0078 363 193 409 230
tvmonitor 0.0027 431 202 500 302
tvmonitor 0.0021 354 189 446 237
tvmonitor 0.0019 0 -2 71 276
tvmonitor 0.0015 455 201 499 245
tvmonitor 0.0012 415 294 500 375
