boat 0.0046 37 169 285 384
boat 0.0022 32 334 281 386
boat 0.0018 192 295 281 366
boat 0.0015 35 274 279 377
boat 0.0014 185 200 283 366
boat 0.0011 97 299 275 365
car 0.8572 216 0 498 114
car 0.0044 426 80 500 152
car 0.0015 363 1 499 78
car 0.0013 383 66 498 156
car 0.0012 215 0 386 91
cat 0.6212 74 153 207 259
cat 0.0844 73 144 272 316
cat 0.0043 75 159 169 228
cat 0.0041 24 110 169 298
cat 0.0013 0 13 127 397
cat 0.0011 4 131 248 385
chair 0.0052 69 148 282 369
dog 0.7416 338 153 419 303
dog 0.2784 297 74 448 299
dog 0.2204 296 112 393 280
dog 0.0076 340 150 462 240
dog 0.0057 331 132 475 310
dog 0.0030 318 136 417 252
dog 0.0023 375 119 482 264
dog 0.0017 295 133 354 268
person 0.6186 300 56 467 301
person 0.0019 363 67 492 255
pottedplant 0.0152 22 19 257 305
pottedplant 0.0077 72 17 243 205
pottedplant 0.0047 1 6 127 367
pottedplant 0.0044 0 8 114 210
pottedplant 0.0038 0 3 69 178
pottedplant 0.0022 51 34 183 155
pottedplant 0.0020 152 148 201 207
pottedplant 0.0014 0 6 53 116
tvmonitor 0.0055 38 169 283 383
