aeroplane 0.8465 -3 55 477 244
aeroplane 0.0893 0 189 113 240
aeroplane 0.0389 316 214 355 233
aeroplane 0.0304 -1 203 60 242
aeroplane 0.0177 2 166 151 232
aeroplane 0.0096 91 221 148 240
aeroplane 0.0058 0 159 100 218
aeroplane 0.0058 0 223 42 243
aeroplane 0.0050 378 198 493 228
aeroplane 0.0043 99 114 498 237
aeroplane 0.0040 3 141 110 180
aeroplane 0.0034 1 109 131 209
aeroplane 0.0032 5 211 103 241
aeroplane 0.0032 42 205 145 238
aeroplane 0.0030 372 158 496 213
aeroplane 0.0028 326 183 469 231
aeroplane 0.0024 5 220 71 242
aeroplane 0.0023 0 227 21 243
aeroplane 0.0023 98 207 175 242
aeroplane 0.0021 45 190 114 230
aeroplane 0.0014 7 54 183 234
aeroplane 0.0013 213 174 415 229
aeroplane 0.0011 20 179 109 225
aeroplane 0.0011 58 185 120 215
aeroplane 0.0010 295 139 489 224
aeroplane 0.0010 327 199 418 234
aeroplane 0.0010 242 209 352 232
car 0.2579 313 214 355 232
car 0.1339 456 207 496 227
car 0.0640 104 217 177 242
car 0.0226 484 207 500 227
car 0.0195 356 220 389 233
car 0.0164 324 217 362 231
car 0.0161 365 218 396 231
car 0.0150 92 221 151 241
car 0.0087 386 203 482 227
car 0.0083 180 220 234 238
car 0.0044 147 215 219 241
car 0.0039 1 230 41 242
car 0.0037 348 206 423 232
car 0.0036 91 225 129 240
car 0.0035 332 219 376 232
car 0.0033 397 209 459 228
car 0.0030 127 218 198 240
car 0.0029 359 223 384 231
car 0.0025 389 219 404 230
car 0.0023 457 214 485 228
car 0.0022 372 222 392 231
car 0.0021 0 230 20 242
car 0.0020 439 210 484 228
car 0.0019 380 213 430 229
car 0.0019 157 221 210 238
car 0.0019 475 205 499 230
car 0.0016 339 220 363 231
car 0.0015 392 217 411 230
car 0.0013 279 214 333 236
car 0.0012 0 231 10 243
car 0.0011 19 214 113 239
car 0.0010 194 218 259 237
person 0.0020 392 217 410 229
person 0.0016 406 212 423 229
person 0.0015 399 216 416 229
