cat 0.0535 54 87 146 195
cat 0.0016 5 48 128 204
chair 0.2475 36 0 181 127
chair 0.2254 367 0 499 129
chair 0.1996 284 0 477 136
chair 0.1118 260 43 395 150
chair 0.0973 420 6 500 202
chair 0.0865 0 0 114 152
chair 0.0658 112 -1 188 83
chair 0.0329 161 0 314 147
chair 0.0288 260 24 466 203
chair 0.0233 276 1 366 104
chair 0.0185 298 -1 421 82
chair 0.0172 286 0 341 61
chair 0.0138 366 -1 453 98
chair 0.0121 415 1 499 95
chair 0.0092 219 2 351 121
chair 0.0074 3 0 109 72
chair 0.0073 257 51 340 141
chair 0.0067 136 1 224 97
chair 0.0060 172 0 305 75
chair 0.0049 166 0 234 61
chair 0.0043 291 -3 334 38
chair 0.0043 333 31 401 125
chair 0.0034 139 -2 185 68
chair 0.0032 41 2 133 64
chair 0.0030 0 -1 52 150
chair 0.0029 48 0 189 72
chair 0.0028 340 10 497 200
chair 0.0027 251 50 388 240
chair 0.0025 92 -2 194 151
chair 0.0019 240 0 343 76
chair 0.0018 325 42 436 140
chair 0.0017 484 12 500 121
chair 0.0017 464 34 500 206
chair 0.0017 302 37 380 124
chair 0.0016 421 40 499 140
chair 0.0016 145 -1 243 145
chair 0.0015 43 0 116 115
chair 0.0014 438 1 500 64
chair 0.0014 0 9 76 219
chair 0.0013 258 62 358 188
chair 0.0012 103 0 180 47
chair 0.0012 148 40 435 267
chair 0.0011 482 47 500 192
chair 0.0011 462 5 501 128
chair 0.0011 302 -20 359 21
chair 0.0010 346 52 397 102
chair 0.0010 486 0 499 63
chair 0.0010 377 0 465 57
chair 0.0010 164 0 216 38
dog 0.6676 76 131 353 300
dog 0.0915 56 87 164 194
dog 0.0117 232 133 368 296
dog 0.0058 46 54 406 313
dog 0.0046 21 83 161 251
dog 0.0036 42 80 280 226
dog 0.0010 10 135 280 359
pottedplant 0.0025 490 61 500 131
pottedplant 0.0023 484 43 500 141
sofa 0.0012 48 40 456 313
