bird 0.0892 65 118 180 388
chair 0.0406 335 132 375 197
person 0.8913 243 33 318 258
person 0.8265 188 31 241 257
person 0.3850 64 112 181 395
person 0.3179 349 130 375 198
person 0.0886 352 129 375 165
person 0.0395 105 113 163 236
person 0.0069 183 34 304 254
person 0.0061 102 111 216 245
person 0.0053 251 34 306 158
person 0.0045 69 89 325 410
person 0.0034 134 25 248 261
person 0.0031 360 129 379 186
person 0.0024 361 130 376 160
person 0.0020 112 114 148 173
person 0.0016 354 129 374 149
person 0.0011 105 61 295 302
person 0.0011 332 126 369 199
person 0.0011 239 46 295 207
pottedplant 0.0038 308 110 335 146
sheep 0.0015 112 113 146 166
