cow 0.4414 128 61 148 73
cow 0.0066 125 58 152 76
horse 0.9525 206 118 312 210
horse 0.8852 34 133 174 307
horse 0.7146 368 115 417 317
horse 0.0593 32 144 109 311
horse 0.0420 374 1 496 323
horse 0.0236 374 114 415 230
horse 0.0185 357 104 475 311
horse 0.0125 127 62 146 75
horse 0.0105 75 133 173 255
horse 0.0028 375 52 444 280
horse 0.0017 336 100 413 302
horse 0.0017 35 226 101 313
horse 0.0010 386 114 416 171
person 0.0585 33 143 109 313
person 0.0533 370 166 415 316
person 0.0374 375 3 497 322
person 0.0302 375 115 416 201
person 0.0170 390 176 414 246
person 0.0139 371 52 429 271
person 0.0063 392 178 414 213
person 0.0021 373 171 412 257
person 0.0017 392 194 413 231
person 0.0015 393 100 416 163
