bottle 0.0130 461 294 500 376
bottle 0.0029 133 63 174 117
bottle 0.0010 404 50 435 94
chair 0.1131 411 46 489 103
chair 0.0251 72 83 484 354
chair 0.0204 126 63 195 130
chair 0.0138 439 41 498 98
chair 0.0106 473 92 499 165
chair 0.0067 108 66 214 163
chair 0.0045 443 81 499 164
chair 0.0032 89 68 172 141
chair 0.0028 485 76 500 156
chair 0.0027 115 97 175 139
chair 0.0025 462 66 500 149
chair 0.0023 41 70 224 226
chair 0.0020 133 72 173 118
chair 0.0018 455 129 500 378
chair 0.0018 412 56 496 148
chair 0.0016 434 65 499 115
chair 0.0015 477 40 500 86
chair 0.0015 7 180 275 372
chair 0.0014 68 76 194 183
chair 0.0013 144 61 181 116
chair 0.0011 402 49 439 94
chair 0.0011 400 56 474 117
person 0.7656 0 65 212 376
person 0.0331 -1 61 453 368
person 0.0109 462 230 499 374
person 0.0016 -2 86 67 379
person 0.0011 38 0 85 17
sofa 0.4611 -2 77 490 366
tvmonitor 0.0472 478 24 500 57
tvmonitor 0.0126 475 27 500 76
tvmonitor 0.0013 4 22 494 313
tvmonitor 0.0013 348 56 396 99
tvmonitor 0.0013 489 24 499 79
