bicycle 0.0025 19 205 345 503
bicycle 0.0010 154 255 346 495
car 0.5413 0 42 337 491
car 0.0962 19 55 363 180
car 0.0258 0 73 357 258
car 0.0162 53 188 320 324
car 0.0112 178 54 339 138
car 0.0105 84 140 343 383
car 0.0083 0 207 251 499
car 0.0025 197 81 357 174
car 0.0025 20 22 193 142
car 0.0020 25 3 341 144
car 0.0017 91 89 355 212
car 0.0015 233 51 300 95
motorbike 0.0650 148 57 359 170
motorbike 0.0125 221 55 317 113
motorbike 0.0018 223 54 361 137
person 0.0221 37 3 83 77
person 0.0048 99 117 338 441
person 0.0017 298 243 334 357
person 0.0016 174 441 218 499
person 0.0015 -4 43 233 484
person 0.0010 41 228 101 280
