aeroplane 0.4148 18 95 488 200
aeroplane 0.1584 2 86 278 195
aeroplane 0.0608 227 111 501 200
aeroplane 0.0560 0 191 164 237
aeroplane 0.0557 68 139 414 201
aeroplane 0.0459 390 140 499 204
aeroplane 0.0427 0 150 64 175
aeroplane 0.0361 164 144 319 198
aeroplane 0.0318 123 188 167 201
aeroplane 0.0288 470 162 499 232
aeroplane 0.0191 16 156 78 176
aeroplane 0.0116 465 134 499 187
aeroplane 0.0113 0 151 21 174
aeroplane 0.0094 228 301 310 318
aeroplane 0.0082 482 143 499 182
aeroplane 0.0060 0 133 36 172
aeroplane 0.0057 284 162 496 224
aeroplane 0.0056 464 170 500 281
aeroplane 0.0053 4 136 76 170
aeroplane 0.0052 2 153 96 187
aeroplane 0.0048 37 178 274 214
aeroplane 0.0046 0 191 91 232
aeroplane 0.0042 -7 103 189 240
aeroplane 0.0041 411 122 499 183
aeroplane 0.0041 0 124 117 183
aeroplane 0.0040 144 112 384 194
aeroplane 0.0037 0 115 29 154
aeroplane 0.0037 489 135 499 176
aeroplane 0.0034 406 162 498 199
aeroplane 0.0033 474 143 500 208
aeroplane 0.0032 479 126 500 173
aeroplane 0.0032 443 127 500 172
aeroplane 0.0031 2 88 145 180
aeroplane 0.0028 0 154 11 175
aeroplane 0.0025 446 142 501 221
aeroplane 0.0024 327 178 483 199
aeroplane 0.0021 -1 113 55 171
aeroplane 0.0020 93 188 163 203
aeroplane 0.0020 9 145 318 241
aeroplane 0.0019 409 148 500 253
aeroplane 0.0019 9 199 300 240
aeroplane 0.0016 469 112 500 166
aeroplane 0.0016 366 189 398 200
aeroplane 0.0015 0 117 20 135
aeroplane 0.0014 185 163 298 200
aeroplane 0.0014 0 124 23 167
aeroplane 0.0013 93 189 125 199
aeroplane 0.0013 212 154 347 194
aeroplane 0.0012 0 201 33 252
aeroplane 0.0012 0 240 27 286
aeroplane 0.0011 493 117 500 172
aeroplane 0.0011 35 189 174 214
aeroplane 0.0010 -1 168 114 236
aeroplane 0.0010 275 169 320 193
bird 0.0011 221 300 317 319
bird 0.0010 0 256 28 286
person 0.0053 440 183 449 198
person 0.0040 432 182 456 197
