bird 0.0359 291 103 342 176
bird 0.0012 429 277 445 287
cow 0.0020 0 209 22 256
dog 0.0018 490 224 500 249
horse 0.8337 168 183 310 285
horse 0.7631 288 165 446 287
horse 0.6526 65 164 179 285
horse 0.2254 345 140 434 257
horse 0.1196 86 146 161 260
horse 0.0830 366 152 448 237
horse 0.0420 63 195 112 284
horse 0.0414 235 163 326 282
horse 0.0124 263 153 363 271
horse 0.0064 260 190 392 285
horse 0.0041 363 174 446 287
horse 0.0039 394 154 447 211
horse 0.0032 97 181 230 285
horse 0.0031 220 171 293 275
horse 0.0025 172 150 276 254
horse 0.0023 0 209 22 256
horse 0.0022 171 201 269 256
horse 0.0022 170 197 235 283
horse 0.0018 267 162 313 245
horse 0.0018 107 184 174 285
horse 0.0017 333 188 423 254
horse 0.0017 165 195 202 277
horse 0.0015 120 152 184 259
horse 0.0010 0 206 47 255
horse 0.0010 388 159 433 233
horse 0.0010 280 141 411 255
person 0.7521 230 155 265 231
person 0.6474 105 140 153 218
person 0.4821 357 132 403 223
person 0.2261 346 139 433 255
person 0.0528 370 151 444 226
person 0.0339 293 103 345 183
person 0.0172 285 112 330 195
person 0.0150 398 153 443 206
person 0.0127 320 132 413 230
person 0.0102 395 152 426 189
person 0.0096 367 133 408 194
person 0.0094 354 133 391 190
person 0.0077 488 198 500 248
person 0.0068 202 157 321 254
person 0.0068 282 116 387 243
person 0.0064 248 156 334 269
person 0.0057 126 145 175 240
person 0.0039 113 137 154 189
person 0.0036 494 188 499 245
person 0.0027 489 145 500 249
person 0.0023 0 210 24 257
person 0.0022 284 131 315 195
person 0.0020 490 218 500 248
person 0.0019 384 146 423 223
person 0.0016 266 114 343 243
person 0.0015 471 198 499 247
person 0.0014 272 161 316 245
person 0.0013 236 155 266 196
person 0.0012 165 195 202 281
person 0.0011 381 139 416 200
