bicycle 0.0016 73 -2 215 199
bicycle 0.0016 32 -8 179 257
bicycle 0.0014 263 65 302 106
boat 0.0424 0 2 271 332
boat 0.0021 15 -3 174 253
bottle 0.3130 308 194 317 226
bottle 0.0663 282 185 295 226
bottle 0.0260 307 194 320 237
bottle 0.0251 279 170 303 225
bottle 0.0075 287 186 302 225
bottle 0.0067 304 183 323 228
bottle 0.0060 322 174 397 258
bottle 0.0059 289 163 324 235
bottle 0.0050 274 182 314 261
bottle 0.0050 311 194 323 225
bottle 0.0040 294 189 307 225
bottle 0.0031 323 193 334 227
bottle 0.0025 309 191 325 247
bottle 0.0017 346 188 360 223
bottle 0.0014 322 188 335 247
bottle 0.0013 317 193 330 230
bottle 0.0012 313 190 345 261
bottle 0.0011 327 192 335 223
bottle 0.0011 275 183 295 251
bottle 0.0010 287 192 305 243
chair 0.9177 392 222 494 329
chair 0.8781 305 249 410 328
chair 0.7952 209 249 307 329
chair 0.2622 148 205 226 329
chair 0.0617 462 190 501 312
chair 0.0394 472 191 499 277
chair 0.0339 145 190 197 302
chair 0.0283 167 217 300 328
chair 0.0214 172 166 235 324
chair 0.0189 225 217 329 328
chair 0.0159 473 139 499 253
chair 0.0070 433 189 498 299
chair 0.0065 471 131 500 201
chair 0.0060 491 191 500 269
chair 0.0051 479 184 500 254
chair 0.0045 329 97 375 146
chair 0.0045 311 225 473 327
chair 0.0040 471 162 500 213
chair 0.0028 129 235 198 331
chair 0.0026 159 224 204 303
chair 0.0025 328 116 363 148
chair 0.0024 352 244 419 329
chair 0.0024 287 213 330 276
chair 0.0023 151 190 214 260
chair 0.0018 215 157 252 229
chair 0.0018 114 241 169 330
chair 0.0017 90 161 260 316
chair 0.0017 232 160 253 224
chair 0.0015 362 139 416 174
chair 0.0014 282 226 381 324
chair 0.0013 152 193 185 248
chair 0.0013 473 155 499 190
chair 0.0011 479 171 499 203
chair 0.0011 295 248 353 329
chair 0.0011 491 167 499 244
chair 0.0011 307 213 334 276
chair 0.0010 469 172 490 202
chair 0.0010 160 45 278 169
diningtable 0.2880 308 178 416 280
diningtable 0.1929 243 186 397 281
diningtable 0.0223 264 165 347 260
diningtable 0.0163 324 184 491 324
diningtable 0.0128 266 202 352 283
diningtable 0.0101 303 189 320 244
diningtable 0.0063 200 213 416 327
diningtable 0.0049 290 210 335 275
diningtable 0.0020 312 208 399 264
diningtable 0.0011 302 192 356 272
diningtable 0.0011 277 200 329 261
person 0.7616 336 135 394 192
person 0.5911 444 115 494 169
person 0.5833 269 131 329 195
person 0.5816 227 177 303 292
person 0.5742 238 143 280 208
person 0.5420 400 148 490 262
person 0.5327 178 154 230 256
person 0.5200 314 125 341 171
person 0.4903 464 117 500 173
person 0.4579 413 143 481 223
person 0.3201 231 152 290 252
person 0.2606 310 179 414 278
person 0.1573 421 131 482 184
person 0.1144 179 151 282 262
person 0.1046 352 159 489 290
person 0.1028 178 175 304 327
person 0.0639 327 163 447 258
person 0.0631 290 124 337 173
person 0.0465 472 121 499 212
person 0.0439 236 142 321 219
person 0.0382 483 117 500 169
person 0.0356 396 185 495 312
person 0.0337 430 135 478 168
person 0.0316 468 139 501 259
person 0.0288 305 201 408 324
person 0.0285 316 129 354 188
person 0.0248 431 130 497 207
person 0.0221 303 130 341 190
person 0.0210 330 136 418 212
person 0.0163 170 165 237 323
person 0.0155 265 173 303 241
person 0.0151 349 164 429 233
person 0.0125 293 117 324 156
person 0.0102 336 69 373 120
person 0.0093 480 82 500 177
person 0.0088 349 147 462 218
person 0.0079 286 121 398 198
person 0.0072 328 106 380 159
person 0.0069 321 123 361 157
person 0.0065 112 111 274 278
person 0.0063 381 118 451 185
person 0.0062 312 124 336 154
person 0.0056 471 39 500 164
person 0.0047 424 108 501 178
person 0.0047 486 124 499 195
person 0.0045 241 141 296 187
person 0.0044 299 115 319 147
person 0.0040 314 208 403 263
person 0.0039 452 114 488 143
person 0.0039 282 139 340 214
person 0.0038 242 141 275 178
person 0.0037 331 67 358 116
person 0.0036 252 183 329 286
person 0.0036 480 105 499 151
person 0.0036 326 74 370 139
person 0.0035 376 158 433 205
person 0.0034 489 104 499 163
person 0.0030 450 54 497 171
person 0.0030 235 152 263 219
person 0.0026 282 157 326 236
person 0.0025 267 126 326 165
person 0.0024 403 139 470 198
person 0.0022 439 139 468 163
person 0.0020 339 134 392 161
person 0.0020 303 132 331 168
person 0.0020 359 138 418 181
person 0.0018 475 135 500 172
person 0.0018 347 81 378 128
person 0.0017 315 149 405 247
person 0.0017 350 64 377 114
person 0.0017 421 138 463 177
person 0.0014 323 157 345 192
person 0.0013 344 67 365 112
person 0.0013 234 172 284 227
person 0.0013 405 166 467 229
person 0.0013 123 173 165 218
person 0.0012 318 129 371 169
person 0.0011 329 133 369 189
person 0.0011 357 106 484 211
person 0.0011 254 106 365 192
person 0.0011 455 119 485 157
person 0.0010 361 72 380 116
person 0.0010 -4 62 322 334
person 0.0010 473 120 500 158
pottedplant 0.0111 265 69 295 104
pottedplant 0.0075 476 38 500 128
pottedplant 0.0057 392 105 442 167
