bottle 0.0260 461 47 485 83
bottle 0.0239 462 67 495 111
bottle 0.0046 458 48 493 98
bottle 0.0043 474 75 499 117
bottle 0.0024 471 73 495 101
bottle 0.0022 493 73 500 120
bottle 0.0019 16 10 125 88
bottle 0.0016 448 80 501 120
bottle 0.0013 319 29 429 79
chair 0.0240 0 0 143 62
chair 0.0239 371 129 498 374
chair 0.0066 293 25 422 102
chair 0.0062 224 117 500 373
chair 0.0038 291 19 485 130
chair 0.0018 417 223 498 375
chair 0.0013 390 95 498 213
chair 0.0013 140 0 283 125
dog 0.0773 246 102 305 253
dog 0.0480 188 65 381 303
dog 0.0202 239 70 333 322
dog 0.0116 294 27 422 87
dog 0.0029 250 129 297 213
dog 0.0029 251 134 326 279
dog 0.0025 230 124 341 218
dog 0.0022 186 133 325 254
dog 0.0014 238 136 375 253
person 0.6193 166 21 399 379
person 0.0156 228 108 384 369
person 0.0090 288 27 425 95
person 0.0063 380 62 499 312
person 0.0034 157 14 391 209
person 0.0028 140 1 272 129
person 0.0018 284 11 495 348
person 0.0014 394 83 499 216
person 0.0014 159 90 314 370
sofa 0.0857 0 0 138 62
sofa 0.0454 178 31 481 368
sofa 0.0352 143 6 434 135
sofa 0.0151 372 104 499 368
sofa 0.0034 254 25 444 115
sofa 0.0029 395 86 499 205
tvmonitor 0.0086 31 48 166 210
