aeroplane 0.0031 0 122 42 144
bottle 0.0088 227 194 244 240
bottle 0.0041 44 184 63 236
bottle 0.0016 210 176 245 244
bottle 0.0012 233 200 249 244
chair 0.5932 184 153 246 228
chair 0.3933 44 228 80 288
chair 0.0595 43 224 77 263
chair 0.0092 44 248 79 328
chair 0.0089 461 165 500 364
chair 0.0057 46 283 68 326
chair 0.0051 175 227 333 364
chair 0.0048 177 184 235 310
chair 0.0037 325 151 497 370
chair 0.0026 154 150 188 234
chair 0.0020 42 181 69 244
chair 0.0017 48 289 62 323
chair 0.0013 183 177 254 271
chair 0.0012 196 153 243 199
chair 0.0012 47 293 64 373
chair 0.0012 32 171 79 285
chair 0.0010 45 274 82 357
chair 0.0010 204 173 245 244
diningtable 0.0030 176 228 335 364
sofa 0.7921 253 134 497 356
tvmonitor 0.0115 150 149 191 231
tvmonitor 0.0051 40 170 57 199
tvmonitor 0.0039 41 167 62 223
tvmonitor 0.0027 40 171 72 247
tvmonitor 0.0013 -1 138 50 250
