bottle 0.0019 145 75 214 199
motorbike 0.8495 22 17 480 323
motorbike 0.0023 74 97 159 174
motorbike 0.0014 28 68 195 312
motorbike 0.0010 46 86 165 206
person 0.7376 31 87 69 185
person 0.2384 12 129 26 166
person 0.1607 33 88 68 122
person 0.0924 0 132 7 198
person 0.0521 0 132 14 197
person 0.0514 4 129 17 176
person 0.0500 18 127 29 166
person 0.0189 11 138 23 170
person 0.0147 37 106 60 181
person 0.0137 8 133 22 193
person 0.0095 27 125 37 168
person 0.0093 40 106 79 186
person 0.0076 1 120 11 167
person 0.0066 68 118 81 155
person 0.0055 34 94 112 177
person 0.0044 0 120 6 170
person 0.0041 17 103 55 172
person 0.0034 2 129 33 181
person 0.0032 35 125 51 178
person 0.0024 55 102 76 164
person 0.0022 6 134 16 163
person 0.0021 464 174 499 257
person 0.0021 15 136 27 185
person 0.0021 66 120 84 172
person 0.0019 0 156 10 199
person 0.0019 39 87 65 111
person 0.0016 27 86 59 157
person 0.0016 0 79 13 172
person 0.0013 55 86 72 119
person 0.0012 480 183 500 264
person 0.0012 18 74 67 126
