bottle 0.2870 61 248 243 484
bottle 0.1716 35 238 368 498
bottle 0.0186 217 0 294 36
bottle 0.0136 214 0 370 37
bottle 0.0063 283 -1 375 32
bottle 0.0043 34 210 271 416
bottle 0.0027 117 332 338 498
bottle 0.0026 281 0 377 62
bottle 0.0015 147 0 236 28
bottle 0.0014 294 0 377 18
bottle 0.0012 -4 368 267 500
bottle 0.0011 162 0 278 33
bottle 0.0010 7 116 251 489
cat 0.0016 218 231 375 481
chair 0.0015 301 64 374 266
dog 0.0083 221 233 374 401
dog 0.0026 54 212 377 493
person 0.7820 -4 42 379 493
person 0.0026 118 235 368 498
