bird 0.8616 253 163 382 311
bird 0.2430 467 251 500 302
bird 0.0236 477 295 500 343
bird 0.0218 172 351 207 389
bird 0.0143 0 231 78 271
bird 0.0142 469 271 500 342
bird 0.0093 461 80 499 137
bird 0.0059 462 226 500 291
bird 0.0054 489 293 500 336
bird 0.0049 54 299 135 343
bird 0.0046 0 234 12 274
bird 0.0044 78 299 133 331
bird 0.0023 148 357 205 392
bird 0.0023 462 125 499 315
bird 0.0022 475 299 500 383
bird 0.0020 443 80 500 276
bird 0.0017 160 214 276 272
bird 0.0015 454 252 502 326
bird 0.0014 480 186 500 303
bird 0.0012 191 164 349 287
bird 0.0012 0 273 10 322
bird 0.0012 461 81 499 211
bird 0.0011 0 236 105 285
bird 0.0011 81 310 141 341
bird 0.0011 0 225 7 273
bird 0.0010 0 234 26 270
