bottle 0.8683 180 134 218 253
bottle 0.7695 67 128 102 206
bottle 0.7114 52 113 72 169
bottle 0.7091 400 99 431 151
bottle 0.5006 352 98 378 182
bottle 0.3230 350 94 373 152
bottle 0.1588 56 115 87 183
bottle 0.1171 325 103 370 163
bottle 0.1090 337 86 382 209
bottle 0.0845 351 94 407 195
bottle 0.0640 296 23 463 282
bottle 0.0548 331 52 435 205
bottle 0.0540 372 130 410 197
bottle 0.0459 386 104 430 194
bottle 0.0289 49 119 71 198
bottle 0.0250 318 101 354 150
bottle 0.0149 181 130 210 187
bottle 0.0102 403 48 478 245
bottle 0.0098 340 84 404 155
bottle 0.0092 307 46 384 275
bottle 0.0092 30 78 74 225
bottle 0.0087 351 94 370 130
bottle 0.0085 306 44 405 169
bottle 0.0074 376 87 460 237
bottle 0.0063 327 106 353 139
bottle 0.0062 318 83 359 216
bottle 0.0061 406 101 435 179
bottle 0.0057 0 68 79 294
bottle 0.0052 358 123 379 188
bottle 0.0051 79 122 108 216
bottle 0.0045 162 107 204 207
bottle 0.0044 365 -8 510 257
bottle 0.0039 357 94 384 149
bottle 0.0038 336 101 359 145
bottle 0.0038 178 116 227 302
bottle 0.0036 78 23 253 215
bottle 0.0035 369 135 446 209
bottle 0.0034 51 96 146 214
bottle 0.0032 338 110 374 177
bottle 0.0027 35 112 99 235
bottle 0.0027 119 60 242 262
bottle 0.0026 0 132 73 228
bottle 0.0022 25 49 176 264
bottle 0.0022 374 153 401 190
bottle 0.0021 335 92 460 166
bottle 0.0020 396 97 419 147
bottle 0.0018 181 97 229 163
bottle 0.0015 157 110 236 213
bottle 0.0015 316 123 374 194
bottle 0.0015 85 32 224 358
bottle 0.0012 0 192 67 368
bottle 0.0011 87 107 239 184
bottle 0.0010 41 138 67 201
chair 0.0035 332 115 499 374
chair 0.0016 0 206 46 377
diningtable 0.1746 4 124 470 375
diningtable 0.0131 67 102 344 325
diningtable 0.0034 125 161 401 373
person 0.7066 74 11 247 177
person 0.4911 383 -7 499 371
person 0.1852 57 17 260 356
person 0.1449 0 130 113 378
person 0.1249 297 7 429 157
person 0.0865 293 -14 436 379
person 0.0441 439 1 500 165
person 0.0346 68 118 108 224
person 0.0270 0 4 12 161
person 0.0213 52 79 114 282
person 0.0195 1 79 208 370
person 0.0179 0 23 55 390
person 0.0170 24 20 78 295
person 0.0146 0 4 26 160
person 0.0086 209 68 484 377
person 0.0084 0 74 87 316
person 0.0084 352 77 464 276
person 0.0081 429 -18 500 290
person 0.0070 301 47 405 239
person 0.0061 337 12 481 218
person 0.0037 -2 5 48 170
person 0.0028 323 69 495 330
person 0.0022 0 -10 15 252
person 0.0022 109 89 262 296
person 0.0019 0 -9 38 278
person 0.0015 360 144 453 235
person 0.0013 -1 92 19 374
person 0.0011 -1 191 77 367
person 0.0011 86 126 218 374
person 0.0010 138 126 250 364
sheep 0.0013 410 410 483 437
