bottle 0.0218 230 205 283 253
bottle 0.0108 76 419 154 496
bottle 0.0107 238 209 317 258
bottle 0.0074 31 415 190 499
bottle 0.0020 217 196 277 268
bottle 0.0020 0 389 138 500
bottle 0.0010 202 112 364 351
bottle 0.0010 -4 424 100 500
chair 0.0062 1 107 283 497
chair 0.0019 0 276 142 505
diningtable 0.0012 4 421 410 501
person 0.8621 228 250 401 497
person 0.7859 -2 9 327 491
person 0.0185 6 220 407 504
person 0.0051 1 121 177 493
person 0.0042 89 61 398 417
person 0.0022 236 224 396 393
person 0.0016 176 146 412 483
person 0.0014 10 418 310 499
