boat 0.0021 250 213 395 328
bottle 0.0011 249 217 402 331
bus 0.4103 115 1 498 319
bus 0.2129 107 -1 377 216
bus 0.0014 112 74 313 220
bus 0.0012 102 7 286 161
car 0.7911 0 88 63 182
car 0.7504 38 0 193 72
car 0.0681 0 86 59 137
car 0.0498 39 0 123 65
car 0.0170 12 165 85 223
car 0.0082 0 107 19 183
car 0.0064 0 73 17 148
car 0.0062 1 2 45 59
car 0.0060 0 75 44 125
car 0.0040 31 45 77 82
car 0.0039 1 112 55 216
car 0.0035 0 0 5 64
car 0.0032 38 52 79 72
car 0.0031 0 67 16 118
car 0.0031 2 2 67 79
car 0.0028 0 61 35 109
car 0.0027 39 32 127 75
car 0.0026 0 1 15 46
car 0.0016 25 91 65 139
car 0.0016 0 55 61 128
car 0.0014 0 1 23 28
car 0.0013 0 85 30 153
car 0.0013 40 167 85 213
car 0.0012 31 12 87 74
car 0.0011 0 109 7 183
car 0.0011 38 6 69 60
car 0.0011 39 172 116 228
car 0.0011 0 11 11 76
car 0.0010 0 69 7 117
person 0.0014 456 28 500 334
train 0.0016 137 1 505 228
