bird 0.1526 101 116 174 208
bird 0.0481 81 89 202 239
bird 0.0350 122 114 239 218
bird 0.0239 324 259 440 367
bird 0.0217 41 46 210 292
bird 0.0179 310 244 388 374
bird 0.0167 95 95 429 374
bird 0.0158 107 81 267 337
bird 0.0123 -5 14 275 367
bird 0.0113 356 285 434 353
bird 0.0099 -2 2 193 201
bird 0.0083 149 121 261 299
bird 0.0073 123 114 168 191
bird 0.0066 288 197 442 374
bird 0.0050 148 126 219 208
bird 0.0045 113 88 202 191
bird 0.0040 330 192 502 368
bird 0.0031 245 225 390 376
bird 0.0030 228 128 494 370
bird 0.0029 88 61 314 256
bird 0.0024 158 141 211 191
bird 0.0022 0 2 133 334
bird 0.0017 358 251 498 354
bird 0.0017 -1 3 97 231
bird 0.0017 0 170 118 344
bird 0.0016 353 261 415 333
bird 0.0015 156 117 309 245
bird 0.0014 82 103 159 282
bird 0.0012 120 131 190 215
bird 0.0011 78 120 146 218
bottle 0.0689 99 115 166 204
bottle 0.0034 99 118 142 187
bottle 0.0023 125 96 190 174
bottle 0.0018 168 115 259 245
bottle 0.0014 114 125 252 350
bottle 0.0010 92 111 170 304
person 0.0340 372 21 454 125
person 0.0238 118 113 263 342
person 0.0081 89 116 392 371
person 0.0037 271 4 438 141
person 0.0020 6 119 262 370
person 0.0015 409 20 497 119
person 0.0015 152 145 207 195
person 0.0013 385 30 431 105
person 0.0012 384 23 473 181
pottedplant 0.0084 275 10 448 139
pottedplant 0.0061 228 78 337 169
pottedplant 0.0054 42 33 478 334
pottedplant 0.0043 331 91 500 365
pottedplant 0.0037 364 95 403 140
pottedplant 0.0034 358 56 432 150
pottedplant 0.0025 226 -5 492 364
pottedplant 0.0023 0 112 76 306
pottedplant 0.0020 195 76 375 212
pottedplant 0.0013 0 150 122 348
pottedplant 0.0012 169 55 454 253
pottedplant 0.0011 0 68 44 291
pottedplant 0.0010 362 94 424 155
