car 0.9292 12 62 311 299
car 0.7085 228 95 489 232
car 0.3347 346 103 495 216
car 0.1333 486 107 500 194
car 0.0435 485 116 500 161
car 0.0386 474 116 500 201
car 0.0365 223 97 319 269
car 0.0260 468 153 500 291
car 0.0256 400 110 499 200
car 0.0148 488 109 500 145
car 0.0081 456 125 496 198
car 0.0061 302 127 476 239
car 0.0044 344 154 484 230
car 0.0042 225 96 372 215
car 0.0029 492 120 500 202
car 0.0026 472 213 499 286
car 0.0025 0 103 17 184
car 0.0015 492 76 500 102
car 0.0011 343 104 495 158
car 0.0011 456 181 501 319
car 0.0010 150 96 348 259
car 0.0010 0 95 43 178
motorbike 0.4549 0 135 23 183
motorbike 0.0103 0 125 39 183
motorbike 0.0063 -1 144 15 181
motorbike 0.0016 0 114 10 178
motorbike 0.0015 0 134 17 161
person 0.0299 481 111 500 288
person 0.0158 487 82 500 150
person 0.0100 454 110 468 135
person 0.0098 465 124 500 290
person 0.0028 490 104 500 137
person 0.0018 493 74 500 143
person 0.0011 474 79 499 146
pottedplant 0.0030 59 6 84 60
pottedplant 0.0014 282 280 356 328
pottedplant 0.0011 37 2 86 64
pottedplant 0.0010 452 147 498 296
