dog 0.5669 136 159 423 281
dog 0.3685 255 30 481 209
dog 0.1949 457 16 499 78
dog 0.1365 76 44 455 422
dog 0.0620 149 25 476 282
dog 0.0437 303 11 500 137
dog 0.0382 1 160 338 474
dog 0.0297 123 166 309 247
dog 0.0291 105 131 327 291
dog 0.0110 385 12 500 87
dog 0.0070 235 105 465 335
dog 0.0054 199 166 310 215
dog 0.0041 116 164 224 244
dog 0.0032 478 0 500 69
dog 0.0028 436 18 499 161
dog 0.0024 461 15 500 136
dog 0.0018 280 10 494 373
dog 0.0017 488 12 500 78
dog 0.0017 415 -5 501 70
dog 0.0016 164 150 318 223
dog 0.0016 493 -7 500 60
dog 0.0015 111 161 417 390
dog 0.0013 312 2 500 73
dog 0.0013 462 -6 500 56
dog 0.0012 368 11 497 232
dog 0.0011 256 148 428 243
person 0.1981 152 10 337 199
person 0.1041 -11 1 446 487
person 0.0694 126 15 406 285
person 0.0127 38 7 336 241
person 0.0107 62 69 334 346
person 0.0029 171 59 496 477
person 0.0025 5 24 229 475
person 0.0024 419 20 500 323
person 0.0014 167 7 501 154
person 0.0014 0 -13 119 466
person 0.0012 376 -4 500 452
tvmonitor 0.0110 0 -1 82 151
