aeroplane 0.0013 80 243 151 309
cat 0.2140 0 4 102 99
cat 0.0019 0 -4 100 193
cat 0.0011 0 14 46 120
chair 0.0254 0 6 111 230
chair 0.0054 126 3 241 96
chair 0.0018 0 23 45 226
chair 0.0012 0 39 85 355
chair 0.0011 -3 46 180 312
diningtable 0.0017 8 236 499 404
dog 0.8621 194 134 328 240
dog 0.0021 177 93 498 251
dog 0.0017 94 129 438 285
dog 0.0010 8 73 328 289
person 0.0034 171 88 501 260
pottedplant 0.0031 0 0 110 191
pottedplant 0.0015 8 4 118 98
sofa 0.3827 2 49 523 277
sofa 0.0123 58 101 386 254
sofa 0.0046 -3 79 360 363
sofa 0.0036 126 134 332 243
sofa 0.0028 165 87 500 316
