chair 0.9061 372 154 455 244
chair 0.6672 279 138 339 206
chair 0.3772 417 187 499 368
chair 0.0174 0 187 19 303
chair 0.0112 0 179 90 300
chair 0.0104 304 166 340 208
chair 0.0067 -1 183 36 297
chair 0.0060 488 131 499 252
chair 0.0052 491 179 499 249
chair 0.0031 272 140 334 178
chair 0.0025 484 126 500 191
chair 0.0019 232 183 389 316
chair 0.0015 475 179 500 256
chair 0.0011 373 149 479 292
diningtable 0.0076 233 197 394 316
pottedplant 0.5871 4 157 83 225
pottedplant 0.4089 2 156 90 294
pottedplant 0.0163 172 -1 206 17
pottedplant 0.0117 -1 174 41 294
pottedplant 0.0076 0 193 16 215
pottedplant 0.0039 0 190 31 219
pottedplant 0.0030 0 169 13 268
pottedplant 0.0026 7 193 45 220
pottedplant 0.0024 200 -1 236 21
pottedplant 0.0021 1 166 31 215
pottedplant 0.0021 183 -1 222 18
pottedplant 0.0015 0 182 10 218
pottedplant 0.0013 0 144 16 228
pottedplant 0.0012 0 195 18 235
pottedplant 0.0011 169 0 192 16
sofa 0.9117 76 147 313 289
sofa 0.4308 416 186 501 369
sofa 0.0018 1 290 142 375
