bus 0.9428 35 107 388 283
bus 0.0016 0 133 11 212
bus 0.0013 132 77 390 243
bus 0.0011 0 47 162 248
bus 0.0010 184 120 370 273
car 0.0040 481 213 499 287
car 0.0039 2 122 35 136
car 0.0030 0 131 9 161
car 0.0020 13 193 31 207
car 0.0018 0 120 16 150
car 0.0015 490 225 499 291
car 0.0014 1 121 19 136
car 0.0011 0 122 29 153
motorbike 0.0035 476 203 497 287
motorbike 0.0012 483 220 500 284
person 0.3248 262 152 289 187
person 0.0341 237 151 278 203
person 0.0239 150 195 162 227
person 0.0218 241 144 302 198
person 0.0200 473 192 498 284
person 0.0176 472 194 495 234
person 0.0109 232 151 258 193
person 0.0107 254 153 280 187
person 0.0083 91 118 367 268
person 0.0044 482 206 499 286
person 0.0036 491 208 500 286
person 0.0036 142 189 160 227
person 0.0035 227 151 248 190
person 0.0025 256 159 287 205
person 0.0022 241 149 271 185
person 0.0015 444 136 463 183
person 0.0011 219 155 247 202
