boat 0.0031 0 6 41 110
boat 0.0015 1 36 44 83
bottle 0.0025 318 242 368 287
person 0.2829 1 154 58 221
person 0.0828 0 159 56 291
person 0.0094 0 149 82 251
person 0.0086 7 150 60 194
person 0.0057 -4 124 118 281
person 0.0045 0 175 34 313
person 0.0028 0 95 55 232
person 0.0016 0 138 20 233
person 0.0014 0 179 89 312
person 0.0014 24 152 64 215
pottedplant 0.0239 0 156 50 286
pottedplant 0.0053 0 154 25 291
pottedplant 0.0022 330 63 496 149
pottedplant 0.0020 333 58 493 98
pottedplant 0.0015 336 69 420 101
pottedplant 0.0011 0 186 33 265
pottedplant 0.0010 336 71 460 112
tvmonitor 0.8901 140 103 301 250
tvmonitor 0.1580 331 77 492 264
tvmonitor 0.0093 -2 84 324 275
tvmonitor 0.0085 -1 129 108 233
tvmonitor 0.0058 440 84 498 261
tvmonitor 0.0043 -2 106 157 261
tvmonitor 0.0015 333 46 496 178
