bicycle 0.0177 422 312 495 375
bicycle 0.0039 413 104 498 364
bicycle 0.0025 424 252 491 374
bicycle 0.0024 396 103 490 190
bicycle 0.0019 465 116 499 326
bicycle 0.0017 373 72 503 279
bicycle 0.0012 423 116 480 184
bicycle 0.0010 433 129 465 182
bottle 0.2055 252 232 262 259
bottle 0.0098 265 231 277 255
bottle 0.0090 245 221 262 269
bottle 0.0065 254 234 271 262
bottle 0.0061 239 230 264 260
bottle 0.0036 259 223 283 263
bottle 0.0032 246 157 287 218
bottle 0.0028 250 223 275 278
bottle 0.0013 210 197 267 313
bottle 0.0011 339 152 403 202
car 0.0059 481 119 500 266
car 0.0046 472 113 500 214
car 0.0022 468 114 500 301
car 0.0015 1 185 79 271
car 0.0012 440 116 501 236
chair 0.6594 261 269 376 374
chair 0.1291 75 229 149 374
chair 0.0778 82 272 186 374
chair 0.0192 84 153 187 380
chair 0.0149 287 307 377 373
chair 0.0125 260 293 329 375
chair 0.0071 86 301 156 374
chair 0.0044 289 250 418 373
chair 0.0043 72 121 131 379
chair 0.0032 76 209 125 333
chair 0.0027 34 276 156 376
chair 0.0021 179 247 230 371
chair 0.0016 202 263 288 377
chair 0.0016 335 250 398 371
chair 0.0015 347 206 417 371
chair 0.0012 143 256 249 372
chair 0.0010 247 252 309 372
diningtable 0.4893 194 251 293 372
diningtable 0.0223 215 214 372 372
diningtable 0.0068 62 247 325 373
diningtable 0.0044 151 249 262 370
diningtable 0.0014 209 252 293 318
motorbike 0.0018 0 176 89 344
motorbike 0.0014 470 73 500 225
person 0.8974 340 102 423 371
person 0.7964 126 125 210 375
person 0.7587 262 186 372 372
person 0.6653 73 114 141 353
person 0.3864 196 129 286 242
person 0.3107 184 130 283 367
person 0.0619 228 176 275 313
person 0.0319 204 130 272 204
person 0.0293 339 102 422 236
person 0.0135 168 128 254 238
person 0.0075 277 187 363 289
person 0.0072 243 210 271 274
person 0.0062 342 86 491 382
person 0.0062 442 139 460 172
person 0.0061 202 130 250 184
person 0.0039 245 144 287 214
person 0.0038 485 121 500 288
person 0.0033 168 145 245 374
person 0.0023 467 106 500 359
person 0.0022 207 167 334 368
person 0.0022 444 309 488 375
person 0.0020 91 122 234 293
person 0.0019 288 160 400 336
person 0.0015 338 81 467 265
person 0.0013 448 117 501 224
person 0.0011 338 151 368 207
person 0.0010 437 132 469 195
pottedplant 0.0690 425 224 497 374
pottedplant 0.0244 347 11 497 125
pottedplant 0.0129 415 106 500 373
pottedplant 0.0089 0 250 77 351
pottedplant 0.0051 0 261 43 348
pottedplant 0.0047 344 10 498 236
pottedplant 0.0045 245 136 287 207
pottedplant 0.0033 459 170 500 367
pottedplant 0.0032 0 183 86 339
pottedplant 0.0021 1 264 114 374
pottedplant 0.0020 436 194 499 322
pottedplant 0.0019 1 186 78 273
pottedplant 0.0013 481 171 499 367
pottedplant 0.0011 466 210 500 302
pottedplant 0.0010 469 62 499 213
pottedplant 0.0010 252 127 301 189
train 0.0015 381 65 502 338
train 0.0012 447 115 501 225
tvmonitor 0.0723 478 119 500 222
tvmonitor 0.0049 468 115 499 264
tvmonitor 0.0044 488 126 499 214
