boat 0.0095 0 47 121 370
boat 0.0028 11 30 117 229
bottle 0.0035 111 231 136 260
bottle 0.0026 331 0 499 369
bottle 0.0011 107 231 145 270
car 0.0014 0 138 21 167
chair 0.0108 0 309 78 376
chair 0.0033 0 294 24 379
chair 0.0021 78 260 190 373
chair 0.0016 0 275 169 375
diningtable 0.0011 1 234 158 374
person 0.8865 218 146 406 373
person 0.7749 73 194 196 371
person 0.5597 96 150 285 373
person 0.0218 0 310 25 376
person 0.0169 471 190 500 376
person 0.0150 0 229 34 376
person 0.0114 0 225 67 375
person 0.0098 -2 54 125 375
person 0.0053 483 191 499 249
person 0.0047 0 214 16 379
person 0.0042 24 83 243 385
person 0.0035 477 179 499 274
person 0.0034 326 141 408 374
person 0.0031 125 197 201 348
person 0.0026 482 181 500 344
person 0.0025 138 194 195 265
person 0.0022 0 190 162 377
person 0.0019 156 152 313 335
person 0.0019 0 319 12 376
person 0.0016 92 176 193 300
person 0.0016 439 142 499 381
person 0.0013 108 195 257 320
person 0.0012 283 143 469 369
person 0.0011 473 120 500 300
person 0.0011 0 136 41 380
sofa 0.0016 0 275 169 375
sofa 0.0010 72 207 417 375
tvmonitor 0.0357 479 192 500 371
tvmonitor 0.0047 338 97 498 394
tvmonitor 0.0042 445 190 500 371
tvmonitor 0.0031 1 48 213 373
tvmonitor 0.0010 387 189 497 374
