bottle 0.0042 127 193 142 222
car 0.0032 337 188 378 214
car 0.0017 387 192 417 205
car 0.0014 334 177 350 190
chair 0.4815 401 195 454 254
chair 0.0864 464 238 499 312
chair 0.0265 477 239 499 291
chair 0.0226 187 334 291 376
chair 0.0215 452 247 499 374
chair 0.0184 19 305 142 375
chair 0.0109 488 240 500 289
chair 0.0105 332 193 376 251
chair 0.0067 395 314 457 375
chair 0.0055 271 301 406 376
chair 0.0037 103 310 287 373
chair 0.0036 372 194 454 270
chair 0.0033 482 208 500 284
chair 0.0026 320 240 412 321
chair 0.0025 446 197 504 299
chair 0.0023 386 191 443 223
chair 0.0016 381 199 444 327
chair 0.0016 326 195 405 300
chair 0.0012 165 313 327 379
chair 0.0011 401 197 484 313
chair 0.0010 388 280 486 375
diningtable 0.0120 354 193 450 252
diningtable 0.0021 342 195 439 301
person 0.0059 218 169 238 206
pottedplant 0.4899 463 191 498 233
pottedplant 0.1194 0 302 62 374
pottedplant 0.0505 348 172 379 195
pottedplant 0.0392 340 124 378 149
pottedplant 0.0254 335 177 377 202
pottedplant 0.0202 397 189 438 205
pottedplant 0.0129 393 191 444 222
pottedplant 0.0109 346 188 378 202
pottedplant 0.0097 0 304 21 375
pottedplant 0.0091 433 191 497 238
pottedplant 0.0084 333 181 377 225
pottedplant 0.0058 347 180 411 207
pottedplant 0.0053 468 195 500 294
pottedplant 0.0052 404 125 459 154
pottedplant 0.0047 478 193 500 228
pottedplant 0.0044 339 181 433 233
pottedplant 0.0044 0 323 43 375
pottedplant 0.0042 493 190 500 229
pottedplant 0.0037 408 195 499 258
pottedplant 0.0036 478 184 499 274
pottedplant 0.0031 333 177 355 190
pottedplant 0.0028 381 197 442 280
pottedplant 0.0027 341 124 393 163
pottedplant 0.0023 333 178 365 197
pottedplant 0.0020 485 184 501 221
pottedplant 0.0018 403 185 444 212
pottedplant 0.0017 340 187 396 203
pottedplant 0.0016 347 168 395 198
pottedplant 0.0016 0 337 30 376
pottedplant 0.0014 345 190 416 221
pottedplant 0.0014 364 187 419 205
pottedplant 0.0014 0 301 8 377
pottedplant 0.0013 335 128 365 151
pottedplant 0.0012 390 166 444 211
pottedplant 0.0012 467 181 500 221
pottedplant 0.0012 339 161 379 197
pottedplant 0.0011 482 206 499 264
pottedplant 0.0011 385 191 436 211
sofa 0.2909 454 238 499 368
sofa 0.0336 465 235 500 306
sofa 0.0146 100 261 412 376
sofa 0.0040 85 289 315 373
sofa 0.0030 171 305 406 374
sofa 0.0022 456 261 500 325
sofa 0.0010 419 248 501 373
tvmonitor 0.8217 155 151 217 218
tvmonitor 0.0148 64 306 143 374
