bird 0.0011 434 258 461 282
bottle 0.7457 242 126 269 192
bottle 0.0369 247 124 270 164
bottle 0.0316 241 153 264 194
bottle 0.0052 245 138 267 177
bottle 0.0027 437 260 461 284
bottle 0.0016 242 169 262 196
chair 0.8933 329 216 439 374
chair 0.7301 90 217 203 374
chair 0.1075 92 206 183 318
chair 0.0960 266 144 323 183
chair 0.0841 291 147 320 178
chair 0.0474 182 220 427 371
chair 0.0433 299 149 314 174
chair 0.0293 91 122 206 322
chair 0.0170 286 130 335 206
chair 0.0147 376 214 450 296
chair 0.0134 266 146 302 173
chair 0.0121 402 217 454 282
chair 0.0098 247 237 373 372
chair 0.0040 46 197 90 273
chair 0.0040 300 131 442 377
chair 0.0039 93 216 121 297
chair 0.0037 433 256 461 288
chair 0.0036 299 127 328 178
chair 0.0021 93 205 150 296
chair 0.0019 390 220 496 369
chair 0.0018 100 186 239 302
chair 0.0015 251 147 331 207
chair 0.0014 299 152 327 185
chair 0.0014 366 255 439 372
chair 0.0013 134 183 256 369
diningtable 0.7739 149 183 375 375
diningtable 0.0071 211 237 370 374
diningtable 0.0016 150 181 265 371
person 0.6778 108 118 245 327
person 0.6258 263 119 393 365
person 0.1068 253 122 391 249
person 0.0385 256 136 338 221
person 0.0315 315 120 394 282
person 0.0069 107 121 190 294
person 0.0064 128 120 243 244
person 0.0048 304 127 329 172
person 0.0035 127 120 194 203
person 0.0024 312 109 442 353
person 0.0024 145 157 267 374
person 0.0018 293 125 344 181
tvmonitor 0.0078 44 197 90 276
