bicycle 0.0070 313 249 500 351
bicycle 0.0029 452 269 500 338
bicycle 0.0011 335 115 499 363
bird 0.9271 91 186 296 312
bird 0.2094 310 301 389 354
bird 0.1814 82 88 108 101
bird 0.0220 92 189 290 243
bird 0.0215 0 78 7 92
bird 0.0214 43 84 56 94
bird 0.0202 89 192 130 213
bird 0.0109 308 252 501 353
bird 0.0064 85 190 153 216
bird 0.0056 130 5 140 16
bird 0.0049 452 271 500 342
bird 0.0042 177 261 267 313
bird 0.0033 183 188 293 305
bird 0.0021 83 83 109 96
bird 0.0020 83 192 198 244
bird 0.0014 0 78 8 112
bird 0.0012 0 68 10 91
bird 0.0010 0 54 7 92
bird 0.0010 112 253 275 315
motorbike 0.0100 453 271 499 341
pottedplant 0.0193 322 9 502 348
pottedplant 0.0102 369 1 501 110
pottedplant 0.0028 453 272 499 342
sheep 0.0013 135 24 149 33
