aeroplane 0.0020 31 300 285 383
bottle 0.0011 263 227 274 261
bus 0.0702 1 296 280 383
cat 0.0231 1 5 223 357
cat 0.0021 4 4 271 162
cat 0.0013 86 57 260 343
cat 0.0013 18 88 206 278
chair 0.0036 0 298 105 383
chair 0.0010 99 303 283 383
chair 0.0010 0 302 51 384
diningtable 0.0353 2 303 277 383
person 0.0067 -2 78 271 394
person 0.0057 277 229 287 263
person 0.0038 218 250 232 300
person 0.0018 270 227 285 263
train 0.0590 3 258 286 384
train 0.0044 -4 123 275 386
tvmonitor 0.0042 235 236 250 259
