person 0.7708 0 88 38 203
person 0.7008 23 23 447 370
person 0.0319 0 239 144 371
person 0.0081 99 129 187 228
person 0.0062 0 296 124 371
person 0.0056 -1 88 78 213
person 0.0054 26 86 48 153
person 0.0050 0 285 67 371
person 0.0045 2 135 168 372
person 0.0044 0 87 30 161
person 0.0032 13 110 41 170
person 0.0029 74 237 175 373
person 0.0027 191 1 434 78
person 0.0024 22 67 229 380
person 0.0023 2 135 37 233
person 0.0020 25 222 200 356
person 0.0019 60 78 191 221
person 0.0017 28 122 44 149
person 0.0017 6 87 46 167
person 0.0015 0 160 15 201
person 0.0014 170 102 183 146
person 0.0012 27 132 42 156
person 0.0011 2 163 36 206
bottle 0.7852 88 99 104 162
bottle 0.7113 325 148 350 204
bottle 0.6534 39 114 71 184
bottle 0.4316 427 158 438 188
bottle 0.0767 117 140 132 163
bottle 0.0679 71 143 84 163
bottle 0.0476 75 175 90 226
bottle 0.0389 125 142 135 163
bottle 0.0377 114 139 124 163
bottle 0.0292 299 156 315 180
bottle 0.0152 106 137 118 164
bottle 0.0131 29 85 48 145
bottle 0.0128 38 143 68 224
bottle 0.0116 298 157 319 197
bottle 0.0109 421 160 437 196
bottle 0.0079 100 115 116 163
bottle 0.0077 313 122 384 205
bottle 0.0077 44 114 70 156
bottle 0.0075 52 96 139 195
bottle 0.0065 125 141 142 165
bottle 0.0064 80 191 90 223
bottle 0.0059 33 111 54 156
bottle 0.0059 46 139 70 189
bottle 0.0039 5 92 181 222
bottle 0.0037 307 139 360 206
bottle 0.0036 296 156 312 172
bottle 0.0035 56 116 72 165
bottle 0.0031 429 158 437 177
bottle 0.0031 56 151 70 176
bottle 0.0030 50 115 67 141
bottle 0.0028 62 116 77 164
bottle 0.0028 0 29 3 45
bottle 0.0028 83 102 99 160
bottle 0.0027 408 184 437 205
bottle 0.0027 31 118 48 151
bottle 0.0023 38 115 61 164
bottle 0.0021 44 141 85 228
bottle 0.0019 332 148 344 171
bottle 0.0018 59 117 70 151
bottle 0.0016 330 136 349 176
bottle 0.0015 81 181 90 213
bottle 0.0014 325 160 341 192
bottle 0.0014 1 116 99 227
bottle 0.0013 326 147 345 181
bottle 0.0013 404 169 443 206
bottle 0.0012 411 172 437 200
bottle 0.0012 432 161 439 205
bottle 0.0011 33 78 55 151
bottle 0.0011 89 112 103 142
bottle 0.0010 63 128 76 153
chair 0.0184 80 140 183 222
chair 0.0014 124 140 143 166
chair 0.0014 27 132 42 149
sofa 0.0039 -5 176 481 378
pottedplant 0.0429 21 0 162 93
pottedplant 0.0143 22 0 96 50
pottedplant 0.0023 35 0 221 64
pottedplant 0.0022 13 -5 199 137
diningtable 0.0306 350 188 470 223
diningtable 0.0267 68 141 183 225
diningtable 0.0073 0 185 138 369
diningtable 0.0066 377 205 467 223
diningtable 0.0066 354 203 505 233
diningtable 0.0064 366 204 500 370
diningtable 0.0055 42 95 184 220
diningtable 0.0037 21 123 141 234
diningtable 0.0032 0 268 488 370
diningtable 0.0028 358 198 433 220
diningtable 0.0015 343 170 498 265
diningtable 0.0013 -1 97 184 360
diningtable 0.0013 -1 148 109 313
tvmonitor 0.0243 304 104 419 193
