person 0.5803 156 68 287 345
person 0.0383 231 23 257 57
person 0.0150 228 24 259 84
person 0.0142 232 23 251 45
person 0.0066 153 107 370 376
person 0.0065 50 58 66 79
person 0.0062 230 33 249 59
person 0.0042 239 27 261 65
person 0.0041 490 216 499 244
person 0.0040 236 22 261 45
person 0.0038 352 0 394 13
person 0.0031 225 12 252 47
person 0.0029 487 199 500 244
person 0.0028 240 28 258 51
person 0.0026 227 32 244 47
person 0.0022 167 66 280 168
person 0.0016 227 17 243 39
person 0.0015 241 14 266 38
person 0.0015 218 8 268 63
person 0.0012 249 15 262 30
bottle 0.6305 449 156 476 211
bottle 0.6106 481 121 500 170
bottle 0.4918 437 128 456 161
bottle 0.1549 455 116 477 157
bottle 0.1380 487 179 500 217
bottle 0.0808 455 121 468 157
bottle 0.0550 462 110 489 159
bottle 0.0511 389 64 415 101
bottle 0.0399 341 40 353 66
bottle 0.0346 471 128 486 164
bottle 0.0325 452 123 480 188
bottle 0.0303 490 176 500 206
bottle 0.0269 332 39 350 63
bottle 0.0194 444 126 468 179
bottle 0.0174 460 130 479 159
bottle 0.0170 470 158 484 203
bottle 0.0132 480 108 499 151
bottle 0.0128 458 152 482 207
bottle 0.0116 469 128 487 205
bottle 0.0101 474 107 495 164
bottle 0.0093 391 62 415 81
bottle 0.0092 456 117 467 142
bottle 0.0090 449 135 471 198
bottle 0.0088 461 127 483 177
bottle 0.0088 450 112 499 172
bottle 0.0082 487 117 499 153
bottle 0.0069 420 155 484 215
bottle 0.0059 491 106 500 138
bottle 0.0052 457 135 473 164
bottle 0.0044 480 146 500 212
bottle 0.0042 454 135 466 165
bottle 0.0041 461 113 481 141
bottle 0.0040 492 166 500 197
bottle 0.0036 446 126 459 150
bottle 0.0036 476 138 498 174
bottle 0.0035 465 137 481 165
bottle 0.0033 397 66 415 88
bottle 0.0032 470 119 484 152
bottle 0.0031 450 157 473 187
bottle 0.0027 445 140 462 192
bottle 0.0027 465 109 486 136
bottle 0.0027 489 145 499 170
bottle 0.0026 399 107 492 195
bottle 0.0025 483 100 499 133
bottle 0.0025 471 65 490 94
bottle 0.0023 466 157 483 182
bottle 0.0022 476 68 496 99
bottle 0.0022 453 154 490 228
bottle 0.0021 450 170 472 203
bottle 0.0020 470 141 484 171
bottle 0.0016 476 120 493 148
bottle 0.0016 431 131 450 161
bottle 0.0016 406 128 506 226
bottle 0.0012 477 108 495 138
bottle 0.0012 383 49 419 99
bottle 0.0011 476 202 491 218
bottle 0.0011 493 105 499 115
bottle 0.0010 456 177 473 213
chair 0.8177 118 167 248 374
chair 0.4929 262 122 339 237
chair 0.4183 328 93 402 191
chair 0.4060 3 172 128 333
chair 0.1452 425 29 471 62
chair 0.1351 118 166 166 309
chair 0.0972 124 137 169 188
chair 0.0844 153 292 248 373
chair 0.0835 195 45 245 99
chair 0.0771 284 152 400 243
chair 0.0445 112 127 134 197
chair 0.0420 197 44 236 74
chair 0.0347 4 134 118 262
chair 0.0336 237 28 291 77
chair 0.0251 248 11 277 39
chair 0.0246 240 36 297 102
chair 0.0244 213 42 246 77
chair 0.0228 192 47 216 73
chair 0.0226 222 24 258 78
chair 0.0218 227 40 251 97
chair 0.0198 251 32 290 61
chair 0.0196 254 139 283 220
chair 0.0188 89 120 135 195
chair 0.0175 113 185 193 354
chair 0.0150 205 46 230 69
chair 0.0129 177 56 252 112
chair 0.0125 187 51 208 73
chair 0.0121 254 50 302 85
chair 0.0116 183 64 335 329
chair 0.0111 149 224 253 359
chair 0.0109 193 47 209 67
chair 0.0109 84 117 135 274
chair 0.0102 242 78 273 124
chair 0.0091 242 126 294 232
chair 0.0088 227 43 244 61
chair 0.0086 262 116 402 222
chair 0.0085 109 117 138 270
chair 0.0083 71 113 124 227
chair 0.0079 97 64 178 177
chair 0.0073 251 26 277 38
chair 0.0072 228 38 249 65
chair 0.0071 101 117 163 295
chair 0.0069 235 104 282 205
chair 0.0068 225 49 246 82
chair 0.0061 116 129 170 223
chair 0.0058 153 126 304 368
chair 0.0057 0 207 30 302
chair 0.0056 238 33 267 96
chair 0.0055 411 32 474 97
chair 0.0054 74 118 115 188
chair 0.0053 161 76 416 371
chair 0.0050 258 163 285 238
chair 0.0049 200 65 280 138
chair 0.0049 122 137 140 191
chair 0.0049 138 139 171 177
chair 0.0041 261 36 286 56
chair 0.0041 242 34 261 70
chair 0.0038 258 174 278 206
chair 0.0037 233 116 279 160
chair 0.0036 334 127 397 173
chair 0.0036 279 201 307 240
chair 0.0034 166 67 278 163
chair 0.0033 50 124 138 317
chair 0.0032 287 57 467 301
chair 0.0031 0 243 20 288
chair 0.0030 340 112 398 157
chair 0.0029 272 189 316 253
chair 0.0027 1 201 59 308
chair 0.0027 450 54 471 70
chair 0.0027 457 28 471 57
chair 0.0026 254 143 276 189
chair 0.0026 104 64 135 202
chair 0.0026 0 247 18 268
chair 0.0025 263 6 298 56
chair 0.0025 263 163 323 248
chair 0.0025 201 63 297 253
chair 0.0024 317 161 397 214
chair 0.0023 276 0 300 37
chair 0.0023 416 52 466 74
chair 0.0022 273 35 288 55
chair 0.0022 226 34 237 46
chair 0.0022 422 38 470 79
chair 0.0021 236 41 256 61
chair 0.0021 251 24 286 43
chair 0.0021 323 117 425 243
chair 0.0021 0 190 17 278
chair 0.0020 325 70 402 142
chair 0.0020 123 102 138 147
chair 0.0020 117 130 133 178
chair 0.0019 64 100 161 255
chair 0.0018 195 45 221 65
chair 0.0018 118 145 135 205
chair 0.0017 240 21 280 60
chair 0.0017 243 52 272 90
chair 0.0017 116 204 158 288
chair 0.0015 247 113 282 176
chair 0.0015 181 39 287 118
chair 0.0014 224 31 311 118
chair 0.0013 248 39 266 63
chair 0.0013 255 29 277 50
chair 0.0013 183 52 236 90
chair 0.0012 222 40 238 55
chair 0.0012 58 164 170 343
chair 0.0012 263 36 302 70
chair 0.0011 232 52 259 101
chair 0.0011 336 139 388 161
chair 0.0011 112 66 250 167
chair 0.0011 208 64 244 102
chair 0.0011 457 49 475 73
chair 0.0010 244 60 262 83
chair 0.0010 168 17 260 109
chair 0.0010 35 170 101 302
pottedplant 0.3722 48 7 87 62
pottedplant 0.0337 368 30 389 66
pottedplant 0.0300 454 0 476 27
pottedplant 0.0188 354 32 390 73
pottedplant 0.0129 52 17 80 47
pottedplant 0.0115 49 40 83 64
pottedplant 0.0090 369 31 388 50
pottedplant 0.0050 54 7 90 41
pottedplant 0.0036 455 0 470 18
pottedplant 0.0036 357 0 395 13
pottedplant 0.0035 76 43 89 58
pottedplant 0.0029 69 34 90 60
pottedplant 0.0027 464 4 476 27
pottedplant 0.0023 352 42 376 59
pottedplant 0.0022 58 28 82 49
pottedplant 0.0022 57 21 106 61
pottedplant 0.0020 457 11 474 38
pottedplant 0.0015 360 24 388 52
pottedplant 0.0015 462 0 476 14
pottedplant 0.0014 455 2 475 55
pottedplant 0.0014 67 10 88 43
pottedplant 0.0012 49 32 74 47
pottedplant 0.0010 357 11 389 59
diningtable 0.4582 233 160 494 369
diningtable 0.1113 282 153 436 270
diningtable 0.0124 244 264 504 374
diningtable 0.0080 330 157 412 250
diningtable 0.0055 295 92 504 322
diningtable 0.0054 329 197 490 363
diningtable 0.0052 174 186 406 364
diningtable 0.0047 234 264 348 326
diningtable 0.0042 433 120 460 161
diningtable 0.0029 316 68 502 180
diningtable 0.0027 432 134 463 191
diningtable 0.0026 386 58 490 125
diningtable 0.0026 399 90 493 166
diningtable 0.0025 280 196 407 329
diningtable 0.0023 371 59 443 108
diningtable 0.0023 386 68 415 102
diningtable 0.0021 397 162 493 293
diningtable 0.0020 240 81 281 137
diningtable 0.0017 250 78 320 134
diningtable 0.0016 378 101 502 211
diningtable 0.0015 397 255 499 317
diningtable 0.0013 309 55 459 141
diningtable 0.0012 359 273 485 359
diningtable 0.0012 337 131 477 301
diningtable 0.0011 385 52 427 101
diningtable 0.0010 231 52 353 199
tvmonitor 0.0042 355 0 392 13
tvmonitor 0.0016 0 110 17 207
tvmonitor 0.0010 0 26 15 185
