person 0.0043 369 202 374 213
person 0.0020 144 103 153 115
person 0.0015 139 103 156 142
bird 0.0074 189 38 194 45
cat 0.0320 307 286 355 315
bottle 0.0335 328 172 338 194
bottle 0.0283 315 183 324 199
bottle 0.0185 283 181 288 196
bottle 0.0114 338 116 345 131
bottle 0.0091 329 150 336 159
bottle 0.0087 332 184 338 194
bottle 0.0074 345 115 359 130
bottle 0.0066 339 117 352 131
bottle 0.0054 332 170 338 188
bottle 0.0042 345 93 352 107
bottle 0.0027 355 132 365 144
bottle 0.0027 0 307 6 328
bottle 0.0023 342 132 353 142
bottle 0.0013 353 116 359 131
chair 0.5099 269 190 311 268
chair 0.3559 287 190 333 268
chair 0.2926 0 432 97 499
chair 0.2049 305 202 336 267
chair 0.1942 268 194 294 261
chair 0.0598 269 187 294 229
chair 0.0546 268 281 374 372
chair 0.0422 283 181 290 196
chair 0.0417 270 189 321 221
chair 0.0387 326 179 335 193
chair 0.0379 271 182 294 202
chair 0.0362 271 183 281 197
chair 0.0342 315 255 344 295
chair 0.0334 272 192 293 212
chair 0.0330 328 172 338 194
chair 0.0269 313 181 327 192
chair 0.0267 269 185 286 205
chair 0.0252 269 186 277 205
chair 0.0247 345 267 376 368
chair 0.0190 314 224 335 265
chair 0.0175 354 266 375 287
chair 0.0164 276 181 290 196
chair 0.0138 275 178 310 204
chair 0.0138 322 176 338 200
chair 0.0138 314 183 324 199
chair 0.0124 324 269 372 301
chair 0.0118 315 200 336 244
chair 0.0095 286 189 319 244
chair 0.0083 286 190 311 214
chair 0.0078 280 184 302 201
chair 0.0072 96 302 136 327
chair 0.0063 320 147 369 281
chair 0.0061 316 205 336 229
chair 0.0060 305 230 332 270
chair 0.0048 325 192 337 201
chair 0.0047 291 190 333 225
chair 0.0041 272 207 292 235
chair 0.0038 37 460 96 500
chair 0.0036 272 222 293 264
chair 0.0035 269 189 278 227
chair 0.0028 349 264 375 322
chair 0.0027 324 212 336 257
chair 0.0025 308 226 326 254
chair 0.0024 278 212 335 287
chair 0.0022 270 183 278 193
chair 0.0021 295 225 326 266
chair 0.0017 1 379 92 486
chair 0.0016 300 211 319 230
chair 0.0016 299 205 320 224
chair 0.0015 267 191 282 240
chair 0.0015 326 231 334 247
chair 0.0013 288 215 308 239
chair 0.0013 309 258 332 290
chair 0.0012 328 225 335 244
chair 0.0012 291 209 312 233
chair 0.0012 240 186 337 276
chair 0.0012 268 242 354 341
sofa 0.3198 0 296 169 456
sofa 0.2325 268 275 374 373
sofa 0.1080 345 263 375 367
sofa 0.0233 -7 290 280 491
sofa 0.0115 0 432 94 496
sofa 0.0037 309 286 356 317
pottedplant 0.6663 33 189 62 245
pottedplant 0.5798 290 173 316 192
pottedplant 0.5334 0 125 45 249
pottedplant 0.3471 0 205 34 251
pottedplant 0.2415 1 182 61 250
pottedplant 0.1347 39 224 62 245
pottedplant 0.1167 320 275 348 292
pottedplant 0.0519 16 131 64 250
pottedplant 0.0509 285 180 297 195
pottedplant 0.0359 277 180 316 208
pottedplant 0.0339 299 178 329 195
pottedplant 0.0311 308 180 323 192
pottedplant 0.0218 0 210 41 310
pottedplant 0.0202 278 174 335 225
pottedplant 0.0184 283 181 288 196
pottedplant 0.0109 0 168 35 248
pottedplant 0.0078 36 205 62 237
pottedplant 0.0074 0 220 31 269
pottedplant 0.0072 3 125 44 178
pottedplant 0.0070 274 253 377 357
pottedplant 0.0068 0 213 21 251
pottedplant 0.0064 369 202 374 214
pottedplant 0.0057 328 167 338 191
pottedplant 0.0054 316 266 348 290
pottedplant 0.0054 0 239 26 296
pottedplant 0.0050 339 114 360 130
pottedplant 0.0044 6 223 32 253
pottedplant 0.0042 292 171 334 200
pottedplant 0.0040 334 264 374 337
pottedplant 0.0039 0 242 17 255
pottedplant 0.0035 367 204 375 226
pottedplant 0.0031 0 149 34 218
pottedplant 0.0026 3 269 37 316
pottedplant 0.0023 318 272 352 305
pottedplant 0.0023 322 108 359 134
pottedplant 0.0021 36 194 61 225
pottedplant 0.0021 26 180 61 229
pottedplant 0.0021 303 175 324 189
pottedplant 0.0020 0 287 16 327
pottedplant 0.0018 0 289 7 328
pottedplant 0.0017 284 170 312 188
pottedplant 0.0016 303 105 346 135
pottedplant 0.0016 5 172 36 207
pottedplant 0.0015 338 253 364 285
pottedplant 0.0015 0 178 89 274
pottedplant 0.0014 42 210 67 245
pottedplant 0.0014 59 230 97 309
pottedplant 0.0014 258 155 348 246
pottedplant 0.0013 307 177 320 187
pottedplant 0.0013 28 202 47 244
pottedplant 0.0013 289 175 299 189
pottedplant 0.0013 13 177 37 201
pottedplant 0.0012 0 242 21 274
pottedplant 0.0012 0 210 11 247
pottedplant 0.0012 28 220 41 246
pottedplant 0.0011 -2 204 79 336
pottedplant 0.0011 324 158 339 196
pottedplant 0.0011 312 264 333 291
pottedplant 0.0011 61 234 84 284
pottedplant 0.0010 46 242 117 309
pottedplant 0.0010 311 176 331 189
diningtable 0.2355 299 191 337 263
diningtable 0.1416 302 196 338 211
diningtable 0.1057 268 281 374 373
diningtable 0.0868 277 191 338 215
diningtable 0.0852 299 190 338 226
diningtable 0.0259 305 188 333 208
diningtable 0.0201 258 188 346 272
diningtable 0.0127 320 192 337 202
diningtable 0.0121 310 188 323 201
diningtable 0.0111 296 181 337 212
diningtable 0.0094 323 194 338 206
diningtable 0.0061 315 202 337 211
diningtable 0.0057 4 268 175 457
diningtable 0.0055 307 203 335 225
diningtable 0.0047 310 208 336 234
diningtable 0.0031 321 189 340 227
diningtable 0.0031 317 169 338 212
diningtable 0.0021 309 182 374 279
diningtable 0.0012 306 211 328 230
diningtable 0.0011 323 199 338 215
diningtable 0.0010 15 299 149 362
tvmonitor 0.8653 143 207 209 257
tvmonitor 0.1503 230 189 248 211
tvmonitor 0.0115 211 204 243 234
tvmonitor 0.0050 199 187 244 211
tvmonitor 0.0015 195 186 222 208
