person 0.8736 148 195 188 290
person 0.7994 212 155 228 185
person 0.4857 147 146 157 157
person 0.2491 235 159 239 168
person 0.2185 224 146 229 154
person 0.1118 436 154 446 167
person 0.0830 469 160 474 168
person 0.0781 254 157 263 167
person 0.0659 253 157 259 166
person 0.0530 89 145 97 155
person 0.0498 97 140 103 152
person 0.0463 222 144 230 156
person 0.0461 92 141 103 154
person 0.0390 477 161 482 176
person 0.0313 258 156 270 167
person 0.0275 473 159 482 170
person 0.0239 400 151 407 164
person 0.0229 215 143 231 154
person 0.0197 217 155 233 178
person 0.0190 128 139 135 152
person 0.0159 223 155 231 167
person 0.0146 206 141 222 157
person 0.0146 243 141 249 149
person 0.0134 225 145 232 152
person 0.0133 395 153 402 163
person 0.0117 402 152 414 164
person 0.0109 136 131 142 145
person 0.0109 214 155 227 167
person 0.0107 0 139 4 148
person 0.0107 129 144 134 152
person 0.0103 219 150 233 170
person 0.0099 129 136 138 147
person 0.0096 19 143 36 155
person 0.0094 208 146 215 158
person 0.0093 148 140 155 148
person 0.0090 472 156 483 175
person 0.0087 408 152 420 164
person 0.0084 107 141 113 148
person 0.0075 468 158 477 169
person 0.0072 230 190 255 225
person 0.0072 234 158 241 168
person 0.0067 308 178 327 194
person 0.0066 286 156 294 168
person 0.0065 212 154 223 162
person 0.0062 416 152 421 164
person 0.0062 302 185 311 195
person 0.0058 232 156 240 172
person 0.0056 129 194 208 293
person 0.0051 149 142 161 151
person 0.0048 471 153 496 169
person 0.0047 147 219 173 288
person 0.0047 304 179 331 201
person 0.0046 123 139 136 148
person 0.0046 134 130 140 145
person 0.0044 160 136 166 146
person 0.0040 146 150 154 158
person 0.0040 67 113 76 124
person 0.0038 196 143 202 149
person 0.0037 137 130 148 147
person 0.0036 71 115 76 125
person 0.0035 468 162 475 170
person 0.0035 377 176 385 188
person 0.0033 247 199 256 209
person 0.0029 281 157 291 168
person 0.0029 214 166 234 189
person 0.0029 141 134 152 149
person 0.0028 334 179 346 192
person 0.0028 159 205 188 264
person 0.0028 152 140 163 147
person 0.0027 162 132 166 141
person 0.0027 108 140 122 147
person 0.0026 230 158 239 176
person 0.0026 235 161 239 171
person 0.0025 288 153 295 167
person 0.0023 434 157 443 166
person 0.0022 301 178 321 196
person 0.0021 430 148 440 165
person 0.0021 284 174 306 191
person 0.0020 87 139 97 155
person 0.0020 204 139 219 148
person 0.0019 244 145 249 151
person 0.0019 245 141 251 151
person 0.0019 417 151 423 163
person 0.0018 113 141 132 147
person 0.0018 62 113 69 124
person 0.0018 137 140 144 149
person 0.0018 195 142 205 150
person 0.0018 196 137 201 149
person 0.0016 239 140 249 150
person 0.0015 394 156 400 163
person 0.0015 411 156 418 164
person 0.0015 405 156 412 164
person 0.0015 237 136 248 148
person 0.0014 159 142 167 147
person 0.0014 231 154 393 224
person 0.0014 5 136 14 148
person 0.0014 206 143 233 178
person 0.0013 296 175 310 193
person 0.0013 25 152 30 156
person 0.0013 145 129 159 159
person 0.0012 493 132 499 161
person 0.0012 245 197 257 217
person 0.0012 98 130 105 147
person 0.0012 150 153 157 158
person 0.0012 282 155 300 168
person 0.0011 196 134 205 149
person 0.0011 3 141 13 148
person 0.0011 475 154 489 167
person 0.0011 463 152 475 166
person 0.0010 392 154 398 163
car 0.0582 229 164 402 227
car 0.0492 255 154 288 167
car 0.0427 490 155 500 167
car 0.0425 254 156 264 167
car 0.0324 256 155 273 167
car 0.0090 229 186 274 227
car 0.0075 225 167 317 227
car 0.0038 230 200 298 227
car 0.0037 254 149 297 169
car 0.0028 236 159 298 206
car 0.0021 268 155 297 169
car 0.0020 469 153 500 168
car 0.0017 259 152 286 163
car 0.0016 259 153 272 162
car 0.0014 261 144 306 161
car 0.0013 112 140 132 148
car 0.0012 235 155 347 216
car 0.0011 253 153 264 163
car 0.0011 277 153 407 181
car 0.0010 291 172 333 219
car 0.0010 490 149 499 165
chair 0.0048 401 151 415 164
chair 0.0026 14 142 41 155
chair 0.0021 13 142 40 149
