person 0.9047 273 111 500 331
person 0.0810 467 56 499 247
person 0.0376 0 144 21 198
person 0.0371 469 227 499 266
person 0.0352 441 39 498 229
person 0.0141 469 227 496 250
person 0.0134 435 195 467 229
person 0.0124 0 147 9 191
person 0.0091 470 184 500 265
person 0.0083 471 130 499 291
person 0.0083 164 54 219 141
person 0.0080 165 149 257 327
person 0.0072 161 166 188 199
person 0.0062 443 196 497 252
person 0.0059 0 143 39 214
person 0.0044 440 121 496 289
person 0.0043 232 236 301 331
person 0.0038 36 131 71 207
person 0.0032 235 239 258 327
person 0.0031 221 4 277 96
person 0.0030 443 193 479 233
person 0.0030 206 15 353 155
person 0.0027 144 156 195 200
person 0.0025 111 55 218 146
person 0.0024 479 193 499 248
person 0.0023 480 142 500 256
person 0.0022 0 143 8 174
person 0.0022 0 147 13 215
person 0.0021 162 151 251 208
person 0.0021 19 115 36 165
person 0.0021 208 3 326 99
person 0.0019 445 204 466 231
person 0.0019 481 239 499 269
person 0.0019 413 219 499 326
person 0.0018 86 142 227 203
person 0.0018 232 262 270 332
person 0.0018 491 228 500 262
person 0.0016 0 133 11 178
person 0.0016 12 111 38 183
person 0.0015 451 223 497 258
person 0.0014 139 152 176 198
person 0.0014 445 194 467 220
person 0.0013 488 196 499 256
person 0.0013 224 169 261 321
person 0.0012 438 175 470 240
person 0.0012 151 165 179 197
person 0.0012 416 45 499 300
person 0.0012 15 123 48 195
person 0.0012 321 8 499 240
person 0.0011 189 158 244 201
person 0.0010 202 188 255 332
person 0.0010 0 50 34 201
car 0.2870 26 139 259 326
car 0.1236 238 155 333 260
car 0.0428 0 147 35 322
car 0.0345 135 144 289 327
car 0.0324 72 144 345 269
car 0.0282 0 193 28 212
car 0.0277 99 113 164 146
car 0.0219 34 126 80 153
car 0.0195 0 153 30 235
car 0.0168 104 116 214 146
car 0.0152 43 131 251 223
car 0.0147 228 140 366 315
car 0.0146 133 125 212 144
car 0.0127 17 125 72 189
car 0.0118 94 120 221 190
car 0.0116 0 182 41 217
car 0.0115 33 124 143 202
car 0.0092 0 139 57 212
car 0.0090 140 146 273 222
car 0.0084 60 148 158 204
car 0.0068 8 195 48 217
car 0.0067 46 124 105 150
car 0.0047 133 134 240 196
car 0.0046 23 192 107 264
car 0.0045 0 204 33 293
car 0.0040 90 108 198 161
car 0.0039 163 145 253 181
car 0.0036 239 189 322 299
car 0.0036 32 203 107 239
car 0.0034 252 231 308 262
car 0.0031 42 137 73 159
car 0.0031 44 31 382 289
car 0.0031 109 69 218 146
car 0.0029 246 211 323 261
car 0.0029 17 93 106 184
car 0.0028 2 167 51 247
car 0.0026 185 147 330 290
car 0.0024 21 47 154 209
car 0.0023 74 85 298 232
car 0.0023 191 146 249 166
car 0.0023 26 197 107 325
car 0.0022 206 150 277 323
car 0.0021 0 191 16 209
car 0.0021 10 115 114 216
car 0.0020 163 151 251 300
car 0.0020 1 69 68 198
car 0.0020 35 132 97 207
car 0.0019 158 173 252 246
car 0.0018 58 158 123 202
car 0.0017 0 148 85 321
car 0.0017 50 128 75 149
car 0.0016 32 152 140 239
car 0.0016 0 216 24 273
car 0.0015 49 202 108 227
car 0.0014 134 78 239 165
car 0.0014 132 121 212 167
car 0.0014 45 124 133 161
car 0.0014 69 122 100 146
car 0.0014 68 116 149 149
car 0.0013 54 274 219 320
car 0.0013 65 144 103 157
car 0.0012 97 111 162 185
car 0.0011 20 174 53 218
car 0.0011 99 113 159 131
car 0.0010 0 198 29 221
car 0.0010 303 182 335 211
car 0.0010 66 129 102 153
bottle 0.0046 220 4 295 97
bottle 0.0015 20 117 35 160
chair 0.4834 218 114 338 194
chair 0.1927 234 155 335 259
chair 0.1146 212 88 348 143
chair 0.0158 227 115 328 162
chair 0.0131 239 158 318 219
chair 0.0112 159 124 327 252
chair 0.0081 242 96 347 171
chair 0.0069 203 12 347 151
chair 0.0057 265 120 336 177
chair 0.0033 161 96 329 156
chair 0.0028 124 78 358 176
chair 0.0026 117 124 220 195
chair 0.0025 141 118 214 143
chair 0.0022 236 154 321 186
chair 0.0020 139 121 216 165
chair 0.0014 200 90 325 117
chair 0.0014 182 146 252 203
chair 0.0013 320 140 337 178
chair 0.0013 219 109 292 155
chair 0.0012 195 95 473 275
chair 0.0012 313 0 494 153
chair 0.0012 294 135 337 183
chair 0.0011 169 141 319 211
chair 0.0011 193 146 250 166
chair 0.0011 52 144 214 204
chair 0.0011 226 97 310 147
chair 0.0011 337 124 353 156
chair 0.0011 256 121 396 238
chair 0.0010 305 3 375 133
chair 0.0010 194 77 333 127
pottedplant 0.0029 3 1 57 191
pottedplant 0.0027 43 38 149 134
pottedplant 0.0022 5 9 121 191
diningtable 0.0034 64 124 223 197
tvmonitor 0.0013 50 39 150 130
