person 0.0694 327 149 331 155
person 0.0096 314 149 322 154
person 0.0090 50 128 58 134
person 0.0075 362 159 366 165
person 0.0045 432 181 439 188
person 0.0019 418 176 437 196
person 0.0019 364 159 368 164
person 0.0017 317 138 320 143
person 0.0015 135 116 142 125
car 0.8682 66 206 109 240
car 0.7196 167 155 182 168
car 0.4566 379 194 415 215
car 0.3112 0 133 13 147
car 0.1319 8 127 36 147
car 0.0942 407 192 421 201
car 0.0778 394 201 415 215
car 0.0718 120 117 134 130
car 0.0277 417 192 443 205
car 0.0248 161 123 165 127
car 0.0243 127 163 136 169
car 0.0195 77 130 92 138
car 0.0185 411 191 433 203
car 0.0166 310 148 321 154
car 0.0148 476 201 499 215
car 0.0136 78 128 92 135
car 0.0127 14 130 45 145
car 0.0124 41 133 52 141
car 0.0123 122 117 143 131
car 0.0113 48 128 60 136
car 0.0102 82 130 95 138
car 0.0100 84 133 93 139
car 0.0095 483 202 499 212
car 0.0088 133 117 143 130
car 0.0084 66 131 74 138
car 0.0079 401 205 414 215
car 0.0079 54 136 66 143
car 0.0079 51 129 63 136
car 0.0078 85 128 93 134
car 0.0075 35 132 48 138
car 0.0075 27 131 54 140
car 0.0073 52 128 61 134
car 0.0071 58 135 71 142
car 0.0071 491 202 500 211
car 0.0070 60 130 73 139
car 0.0070 45 136 59 143
car 0.0067 93 132 99 139
car 0.0066 402 194 422 207
car 0.0065 73 133 82 140
car 0.0065 67 130 73 135
car 0.0063 305 148 318 154
car 0.0061 66 134 74 141
car 0.0059 10 135 32 148
car 0.0059 382 193 408 206
car 0.0051 32 134 45 142
car 0.0051 62 129 71 134
car 0.0047 92 130 98 135
car 0.0044 361 159 366 166
car 0.0044 314 165 321 171
car 0.0044 2 135 26 149
car 0.0043 317 149 321 154
car 0.0041 72 130 85 135
car 0.0040 48 138 57 144
car 0.0037 0 131 8 135
car 0.0036 428 193 451 205
car 0.0036 377 196 396 210
car 0.0032 414 185 431 196
car 0.0029 377 198 386 207
car 0.0027 473 200 501 224
car 0.0027 316 166 323 172
car 0.0025 0 144 6 151
car 0.0025 167 138 184 175
car 0.0024 89 130 100 139
car 0.0023 73 129 94 140
car 0.0023 55 139 63 144
car 0.0022 394 193 412 200
car 0.0021 168 152 183 164
car 0.0020 45 129 53 136
car 0.0020 378 201 393 212
car 0.0019 218 128 224 131
car 0.0019 169 181 174 187
car 0.0019 38 129 71 143
car 0.0019 254 305 266 314
car 0.0018 18 137 36 147
car 0.0018 297 146 321 154
car 0.0018 70 207 109 225
car 0.0018 160 122 167 128
car 0.0017 406 203 414 214
car 0.0017 294 147 311 153
car 0.0016 493 218 500 227
car 0.0015 326 148 332 156
car 0.0014 437 194 450 204
car 0.0013 290 146 302 152
car 0.0013 53 130 84 142
car 0.0013 96 132 101 139
car 0.0013 98 134 103 139
car 0.0012 456 189 466 200
car 0.0012 463 256 499 294
car 0.0012 389 191 404 198
car 0.0011 183 160 190 168
car 0.0011 419 236 499 295
car 0.0011 379 194 392 203
car 0.0010 67 225 98 240
car 0.0010 254 318 269 330
car 0.0010 27 137 41 146
aeroplane 0.0010 391 128 445 201
train 0.0026 228 135 291 368
train 0.0022 283 140 322 154
train 0.0022 433 243 499 294
train 0.0020 263 134 326 154
train 0.0020 187 135 316 371
train 0.0019 77 135 401 370
train 0.0017 387 204 499 296
train 0.0012 171 150 235 374
bird 0.0075 345 283 350 288
bird 0.0042 299 247 314 264
bird 0.0034 347 294 355 300
bird 0.0030 335 272 342 281
bird 0.0012 357 302 368 308
bird 0.0011 309 256 314 265
bird 0.0011 347 289 355 299
