person 0.8532 346 33 500 338
person 0.6646 0 35 96 325
person 0.6389 257 116 422 333
person 0.5761 19 63 254 328
person 0.4676 172 177 279 330
person 0.0115 217 12 460 339
person 0.0088 352 0 457 39
person 0.0085 138 77 287 327
person 0.0075 52 87 479 332
person 0.0034 185 178 268 270
person 0.0016 -5 17 49 331
person 0.0015 153 116 377 334
person 0.0015 3 122 88 265
person 0.0015 380 1 426 34
person 0.0014 340 -5 472 123
person 0.0013 250 27 387 294
person 0.0011 340 38 475 209
bird 0.0110 248 29 315 119
chair 0.0013 153 281 176 333
pottedplant 0.0028 367 0 490 154
