person 0.8652 244 29 286 155
person 0.8527 200 29 247 153
person 0.5928 303 31 344 155
person 0.5927 357 36 414 153
person 0.0820 0 127 42 173
person 0.0707 346 82 357 96
person 0.0568 198 31 219 148
person 0.0366 412 32 466 160
person 0.0346 0 253 8 316
person 0.0322 0 135 23 153
person 0.0316 0 138 9 152
person 0.0281 335 86 346 97
person 0.0177 10 135 30 155
person 0.0142 339 80 357 94
person 0.0121 194 29 290 152
person 0.0087 190 49 199 62
person 0.0076 1 119 33 152
person 0.0073 2 115 54 146
person 0.0063 1 115 92 180
person 0.0059 180 78 195 114
person 0.0058 24 124 38 141
person 0.0057 0 128 16 152
person 0.0051 0 140 7 158
person 0.0049 235 35 350 153
person 0.0047 183 20 217 144
person 0.0046 365 70 404 151
person 0.0034 191 28 207 62
person 0.0032 489 95 499 145
person 0.0030 335 28 344 59
person 0.0030 201 68 233 149
person 0.0029 417 75 426 90
person 0.0028 19 121 58 148
person 0.0027 3 126 23 150
person 0.0026 36 134 48 146
person 0.0025 490 115 499 143
person 0.0024 0 127 7 141
person 0.0023 333 79 348 96
person 0.0023 362 46 413 88
person 0.0023 0 253 7 293
person 0.0022 27 122 50 146
person 0.0022 145 2 170 58
person 0.0020 394 36 454 130
person 0.0019 9 116 76 153
person 0.0019 15 119 44 141
person 0.0019 338 86 354 98
person 0.0017 0 139 17 158
person 0.0017 1 133 19 173
person 0.0017 0 249 14 319
person 0.0017 494 82 499 109
person 0.0017 492 88 500 130
person 0.0016 0 153 5 163
person 0.0016 411 72 456 144
person 0.0016 270 0 287 53
person 0.0014 408 76 428 91
person 0.0013 250 36 284 111
person 0.0013 348 78 364 94
person 0.0013 332 83 360 103
person 0.0012 198 54 215 126
person 0.0012 17 81 28 93
person 0.0012 -1 250 26 318
person 0.0011 22 82 28 92
person 0.0011 183 12 226 62
person 0.0011 380 70 407 95
person 0.0010 341 56 405 116
bicycle 0.0111 243 89 299 152
bicycle 0.0041 410 30 461 82
bicycle 0.0040 356 36 397 78
bicycle 0.0031 357 45 380 79
bicycle 0.0023 487 110 499 149
bicycle 0.0022 411 32 428 69
bicycle 0.0018 363 92 403 158
bicycle 0.0015 288 97 340 145
bicycle 0.0014 357 51 373 76
bicycle 0.0014 253 99 288 140
bicycle 0.0013 412 90 497 152
bicycle 0.0011 269 101 289 153
bicycle 0.0010 244 112 287 153
bicycle 0.0010 300 115 330 137
car 0.8216 0 115 120 181
car 0.4453 280 64 428 148
car 0.3745 362 65 425 152
car 0.2071 299 32 346 148
car 0.1839 280 87 344 136
car 0.1823 290 72 369 142
car 0.1216 392 80 428 135
car 0.1110 275 90 316 136
car 0.0844 0 121 44 178
car 0.0419 351 34 443 150
car 0.0352 407 31 462 162
car 0.0250 249 91 309 140
car 0.0222 0 104 7 117
car 0.0171 87 103 128 127
car 0.0167 243 84 293 155
car 0.0150 318 74 415 131
car 0.0132 393 53 453 143
car 0.0131 312 75 368 121
car 0.0083 417 87 499 158
car 0.0074 253 41 386 147
car 0.0073 341 82 361 112
car 0.0066 288 112 364 142
car 0.0062 326 84 355 101
car 0.0060 350 69 397 155
car 0.0060 0 119 33 151
car 0.0058 287 104 399 147
car 0.0055 337 78 358 97
car 0.0053 391 56 492 173
car 0.0053 0 115 34 124
car 0.0051 214 82 375 154
car 0.0051 2 114 55 148
car 0.0049 324 74 406 105
car 0.0044 283 105 305 135
car 0.0043 458 92 499 151
car 0.0042 106 104 128 126
car 0.0040 390 77 424 93
car 0.0036 389 81 467 128
car 0.0036 -1 33 264 120
car 0.0035 0 113 19 120
car 0.0032 193 17 228 56
car 0.0031 334 87 346 98
car 0.0029 279 88 308 123
car 0.0029 330 79 377 132
car 0.0028 0 113 39 132
car 0.0027 488 37 499 148
car 0.0026 243 63 345 138
car 0.0026 366 76 408 139
car 0.0025 176 1 356 57
car 0.0025 4 90 34 118
car 0.0025 304 67 346 127
car 0.0024 484 51 497 98
car 0.0023 293 51 398 122
car 0.0022 296 84 375 107
car 0.0022 293 100 344 149
car 0.0021 241 83 326 126
car 0.0021 479 8 500 154
car 0.0018 351 71 437 122
car 0.0017 300 114 343 138
car 0.0017 190 7 274 57
car 0.0016 0 103 16 118
car 0.0015 40 145 124 183
car 0.0015 194 18 238 81
car 0.0015 429 23 501 160
car 0.0014 366 98 413 154
car 0.0013 489 118 499 146
car 0.0013 483 94 499 147
car 0.0013 338 79 420 113
car 0.0012 362 64 409 117
car 0.0012 491 54 499 111
car 0.0012 261 100 293 130
car 0.0011 334 29 345 75
car 0.0011 392 108 414 136
car 0.0011 494 90 499 112
car 0.0011 380 69 407 96
car 0.0010 408 76 428 91
car 0.0010 299 84 334 123
car 0.0010 492 88 500 129
motorbike 0.4110 411 29 463 153
motorbike 0.0159 411 30 462 93
motorbike 0.0086 352 29 467 149
motorbike 0.0053 356 37 411 84
motorbike 0.0014 397 34 447 100
motorbike 0.0012 412 28 490 112
bus 0.0019 5 47 225 124
bus 0.0011 -8 7 319 131
train 0.0035 2 32 261 121
bird 0.0297 172 358 193 375
bird 0.0160 73 200 80 211
bird 0.0130 66 306 79 326
bird 0.0066 65 199 95 261
dog 0.0045 304 35 342 115
bottle 0.0205 65 200 95 262
bottle 0.0037 183 104 190 128
bottle 0.0020 72 198 82 217
bottle 0.0017 69 201 88 232
chair 0.0229 152 101 181 130
pottedplant 0.0072 0 11 6 56
pottedplant 0.0025 0 23 4 55
pottedplant 0.0014 0 13 6 32
