person 0.0612 428 150 439 170
person 0.0504 417 151 438 173
person 0.0389 417 150 429 174
person 0.0123 417 146 426 165
person 0.0109 495 218 499 238
person 0.0082 416 144 425 157
person 0.0043 412 149 434 187
person 0.0036 418 148 433 166
person 0.0028 426 149 441 195
person 0.0024 16 202 41 276
person 0.0020 442 229 456 252
person 0.0017 465 220 478 242
person 0.0014 430 156 440 173
person 0.0011 458 235 464 246
train 0.7222 -2 5 480 313
train 0.0052 13 5 497 167
train 0.0025 -2 191 489 319
train 0.0025 327 112 486 242
