person 0.8708 83 57 256 367
person 0.6683 194 53 210 89
person 0.3393 0 182 14 255
person 0.1385 459 193 499 361
person 0.1345 180 69 234 152
person 0.1286 190 53 210 131
person 0.1255 333 39 376 120
person 0.0902 335 41 371 80
person 0.0842 0 106 15 253
person 0.0816 0 7 28 254
person 0.0326 484 294 499 373
person 0.0301 187 52 224 113
person 0.0269 179 94 233 190
person 0.0205 0 0 21 115
person 0.0155 194 95 207 119
person 0.0152 124 63 353 357
person 0.0141 185 85 208 120
person 0.0129 478 198 499 383
person 0.0097 338 29 372 66
person 0.0093 295 16 404 84
person 0.0083 173 92 193 131
person 0.0076 182 87 234 128
person 0.0068 334 43 353 78
person 0.0059 490 272 499 348
person 0.0054 177 76 251 268
person 0.0047 338 41 346 53
person 0.0047 108 66 255 221
person 0.0046 342 31 384 79
person 0.0045 336 41 347 61
person 0.0043 0 179 6 215
person 0.0041 338 41 351 55
person 0.0041 324 48 352 85
person 0.0038 176 63 198 129
person 0.0035 0 153 23 254
person 0.0034 147 62 287 299
person 0.0033 351 51 370 66
person 0.0033 490 294 499 328
person 0.0033 224 102 234 155
person 0.0032 195 52 221 91
person 0.0031 161 101 202 207
person 0.0029 229 33 236 46
person 0.0025 132 67 148 91
person 0.0024 191 106 227 220
person 0.0023 188 41 216 89
person 0.0023 177 87 218 143
person 0.0023 144 64 242 182
person 0.0022 134 56 215 133
person 0.0022 192 127 224 187
person 0.0022 307 38 366 78
person 0.0021 182 55 206 88
person 0.0020 173 104 186 127
person 0.0019 222 101 233 132
person 0.0019 323 56 331 72
person 0.0019 335 57 361 86
person 0.0018 324 43 344 75
person 0.0017 185 63 199 88
person 0.0017 177 88 201 127
person 0.0017 333 55 348 87
person 0.0017 179 63 196 97
person 0.0016 0 25 49 280
person 0.0016 192 72 207 93
person 0.0015 182 57 202 120
person 0.0014 189 53 208 75
person 0.0014 82 54 171 359
person 0.0014 167 56 207 104
person 0.0013 159 51 215 88
person 0.0013 182 107 236 159
person 0.0013 192 87 208 111
person 0.0013 0 171 9 222
person 0.0012 193 0 222 39
person 0.0012 196 20 250 129
person 0.0012 116 0 129 13
person 0.0012 126 56 203 93
person 0.0011 216 100 240 174
person 0.0010 161 23 253 153
person 0.0010 351 40 372 65
bicycle 0.3993 312 73 374 125
bicycle 0.0275 292 51 379 129
bicycle 0.0243 347 63 381 123
bicycle 0.0152 277 65 375 174
bicycle 0.0146 150 22 169 54
bicycle 0.0105 352 78 375 124
bicycle 0.0097 272 87 375 126
bicycle 0.0077 282 45 333 72
bicycle 0.0065 298 24 411 125
bicycle 0.0065 328 87 372 126
bicycle 0.0054 479 0 499 34
bicycle 0.0052 344 61 413 129
bicycle 0.0031 328 52 372 101
bicycle 0.0029 205 309 356 374
bicycle 0.0028 332 95 349 121
bicycle 0.0026 304 97 356 121
bicycle 0.0026 334 48 453 148
bicycle 0.0021 357 95 372 125
bicycle 0.0015 322 56 333 73
bicycle 0.0014 288 92 353 137
bicycle 0.0011 315 99 345 119
bicycle 0.0010 291 53 326 71
car 0.0744 344 16 428 61
car 0.0674 1 1 24 38
car 0.0211 324 25 401 86
car 0.0180 279 4 423 58
car 0.0071 278 3 346 59
car 0.0067 265 33 284 49
car 0.0066 156 7 200 43
car 0.0050 271 33 335 70
car 0.0034 165 21 211 45
car 0.0023 262 14 287 50
car 0.0020 295 9 347 43
car 0.0019 0 0 16 11
car 0.0018 188 90 236 141
car 0.0017 1 0 26 12
car 0.0017 1 1 13 39
car 0.0016 172 26 204 41
car 0.0015 0 0 8 11
car 0.0015 158 0 199 29
car 0.0014 166 1 225 51
car 0.0014 137 1 194 46
car 0.0013 190 5 221 50
car 0.0012 0 0 22 21
car 0.0011 181 27 196 39
car 0.0010 338 18 377 51
bird 0.0508 113 179 355 373
bird 0.0230 417 94 439 112
bird 0.0085 415 86 445 114
bird 0.0082 361 127 369 139
bird 0.0068 361 125 377 141
bird 0.0053 361 122 389 143
bird 0.0019 477 1 499 36
bird 0.0012 214 219 364 370
bird 0.0011 138 163 272 307
dog 0.0022 363 121 389 143
bottle 0.0015 327 98 341 119
bottle 0.0013 424 82 440 111
bottle 0.0010 317 100 337 116
chair 0.7995 390 74 456 154
chair 0.0505 332 42 377 124
chair 0.0495 266 93 365 258
chair 0.0461 150 19 196 52
chair 0.0232 347 61 380 98
chair 0.0180 149 20 172 52
chair 0.0152 115 185 353 373
chair 0.0126 333 51 372 90
chair 0.0098 340 20 422 121
chair 0.0092 406 87 439 131
chair 0.0090 419 97 435 112
chair 0.0086 484 321 499 373
chair 0.0078 476 0 499 36
chair 0.0068 260 190 323 238
chair 0.0068 398 77 451 122
chair 0.0059 432 0 499 49
chair 0.0056 157 23 182 46
chair 0.0055 415 83 447 116
chair 0.0055 152 11 181 48
chair 0.0050 419 3 449 56
chair 0.0043 355 72 375 92
chair 0.0043 134 3 161 49
chair 0.0043 277 144 358 214
chair 0.0041 193 303 317 374
chair 0.0039 366 32 453 130
chair 0.0037 361 63 382 93
chair 0.0037 280 162 357 195
chair 0.0036 352 63 376 83
chair 0.0035 0 1 24 118
chair 0.0035 353 17 428 82
chair 0.0030 365 115 411 146
chair 0.0029 342 46 400 117
chair 0.0029 368 21 434 62
chair 0.0027 421 25 446 55
chair 0.0025 353 60 384 122
chair 0.0024 408 0 469 57
chair 0.0023 287 3 345 38
chair 0.0023 356 48 396 94
chair 0.0023 369 62 383 85
chair 0.0022 325 85 373 259
chair 0.0021 137 0 196 40
chair 0.0020 429 1 461 55
chair 0.0020 348 50 379 81
chair 0.0017 127 0 179 51
chair 0.0015 406 74 456 103
chair 0.0015 371 81 439 146
chair 0.0012 338 58 365 83
chair 0.0012 307 97 362 126
chair 0.0012 280 92 357 168
chair 0.0012 141 21 162 53
chair 0.0012 349 65 371 78
chair 0.0012 426 97 438 112
chair 0.0011 391 26 443 57
chair 0.0011 266 140 331 197
chair 0.0010 352 57 376 75
chair 0.0010 459 215 498 338
chair 0.0010 314 88 368 167
chair 0.0010 329 56 355 108
sofa 0.0059 460 187 499 319
pottedplant 0.0054 478 0 498 34
pottedplant 0.0051 262 15 284 49
pottedplant 0.0047 427 0 499 53
pottedplant 0.0029 333 22 376 60
pottedplant 0.0026 447 0 498 34
pottedplant 0.0020 413 1 454 55
pottedplant 0.0014 267 2 343 55
diningtable 0.0044 103 202 340 367
diningtable 0.0042 213 86 365 153
diningtable 0.0027 79 282 341 374
diningtable 0.0016 249 135 369 309
diningtable 0.0014 176 103 398 357
diningtable 0.0011 265 193 326 240
