person 0.8860 317 123 498 368
person 0.8832 35 139 170 373
person 0.8392 141 144 306 371
person 0.5388 399 0 499 148
person 0.5229 259 23 360 217
person 0.4732 147 43 296 210
person 0.2863 368 4 501 291
person 0.2757 39 45 177 219
person 0.2137 208 25 422 367
person 0.1148 471 95 498 148
person 0.0929 123 37 361 367
person 0.0450 0 194 9 275
person 0.0351 468 17 499 151
person 0.0351 0 184 31 353
person 0.0314 343 76 497 233
person 0.0279 381 0 442 34
person 0.0261 425 44 500 290
person 0.0237 0 168 19 305
person 0.0204 338 21 495 184
person 0.0161 0 99 18 366
person 0.0159 27 44 301 231
person 0.0096 5 33 255 373
person 0.0091 0 84 40 359
person 0.0082 0 141 12 276
person 0.0075 472 95 500 210
person 0.0073 210 18 445 208
person 0.0071 -7 27 146 310
person 0.0065 257 42 382 332
person 0.0065 388 0 418 30
person 0.0062 478 128 499 173
person 0.0060 461 52 500 272
person 0.0054 489 27 500 57
person 0.0045 474 31 500 109
person 0.0036 38 133 155 229
person 0.0031 441 121 499 334
person 0.0030 493 143 499 167
person 0.0028 25 90 134 274
person 0.0027 184 27 352 259
person 0.0022 402 1 427 29
person 0.0021 486 25 499 76
person 0.0021 297 96 413 370
person 0.0020 98 46 179 190
person 0.0020 341 5 482 112
person 0.0019 0 23 27 315
person 0.0015 152 109 265 272
person 0.0015 59 29 192 332
person 0.0015 488 147 499 170
person 0.0015 489 46 499 61
person 0.0011 0 125 28 274
person 0.0010 0 158 5 200
person 0.0010 472 155 499 375
person 0.0010 451 127 488 153
person 0.0010 455 74 494 168
bottle 0.0118 474 120 496 150
bottle 0.0083 470 99 494 145
bottle 0.0073 474 126 484 149
bottle 0.0019 457 110 492 151
bottle 0.0010 472 112 489 141
chair 0.2524 281 0 341 24
chair 0.1774 0 304 39 375
chair 0.0398 314 0 340 23
chair 0.0279 287 6 309 24
chair 0.0212 0 195 31 362
chair 0.0127 35 237 69 371
chair 0.0125 0 263 30 315
chair 0.0101 173 282 301 373
chair 0.0087 184 22 423 112
chair 0.0078 34 233 153 372
chair 0.0064 56 360 104 374
chair 0.0055 0 186 59 373
chair 0.0054 25 171 92 374
chair 0.0045 293 24 411 118
chair 0.0044 19 271 85 373
chair 0.0044 120 219 349 372
chair 0.0033 342 6 502 155
chair 0.0027 332 72 409 116
chair 0.0020 493 143 499 167
chair 0.0015 31 354 103 375
chair 0.0014 278 0 305 25
chair 0.0014 490 46 499 60
chair 0.0012 360 41 399 104
chair 0.0012 281 0 343 47
chair 0.0012 189 8 222 37
chair 0.0011 470 281 499 374
chair 0.0010 305 0 327 22
sofa 0.0939 2 41 173 304
sofa 0.0705 138 50 478 370
sofa 0.0682 18 34 314 219
sofa 0.0414 137 23 387 223
sofa 0.0333 273 22 502 349
sofa 0.0249 173 24 434 122
sofa 0.0078 291 17 498 145
sofa 0.0072 -9 20 443 138
sofa 0.0064 49 153 338 375
sofa 0.0059 358 152 499 371
sofa 0.0055 181 23 361 92
sofa 0.0051 436 122 501 332
sofa 0.0044 102 211 417 373
sofa 0.0032 0 34 67 371
sofa 0.0019 465 145 499 358
sofa 0.0018 315 260 500 372
sofa 0.0016 479 268 499 372
sofa 0.0014 489 246 499 357
sofa 0.0014 126 268 497 379
pottedplant 0.0032 189 15 222 35
diningtable 0.1748 0 292 38 374
diningtable 0.1318 0 271 33 345
diningtable 0.0637 0 273 30 314
diningtable 0.0090 0 206 31 358
diningtable 0.0065 -1 251 58 369
diningtable 0.0034 313 26 467 115
diningtable 0.0022 0 283 15 311
diningtable 0.0018 1 295 28 320
diningtable 0.0015 360 26 450 94
diningtable 0.0012 -3 301 85 376
tvmonitor 0.0235 380 0 442 35
