person 0.4089 0 167 9 221
person 0.0271 0 189 7 222
person 0.0178 391 168 415 196
person 0.0168 0 167 7 189
person 0.0132 0 187 12 218
person 0.0085 427 8 479 81
person 0.0055 316 168 347 202
person 0.0048 0 165 6 180
person 0.0048 2 166 18 217
person 0.0041 0 204 6 220
person 0.0038 0 171 8 199
person 0.0038 0 182 8 212
person 0.0033 437 34 479 79
person 0.0033 306 171 350 224
person 0.0028 431 25 461 81
person 0.0018 430 46 470 78
person 0.0014 81 171 92 181
person 0.0013 389 5 473 85
person 0.0011 228 127 236 141
bicycle 0.0028 133 179 167 213
bicycle 0.0017 133 178 187 223
train 0.4141 13 93 477 258
train 0.1141 0 109 291 229
train 0.0650 287 108 477 265
train 0.0101 0 122 57 217
train 0.0049 0 119 112 224
train 0.0034 1 162 52 219
train 0.0024 15 173 480 289
train 0.0018 7 1 480 212
train 0.0017 170 184 286 245
train 0.0016 344 148 457 248
train 0.0014 295 97 470 134
train 0.0013 151 140 459 265
train 0.0010 391 170 428 206
