person 0.7929 0 40 160 375
person 0.7790 123 137 272 368
person 0.7680 294 108 497 369
person 0.1987 0 322 40 374
person 0.0735 4 133 287 375
person 0.0346 486 47 499 101
person 0.0207 316 131 450 305
person 0.0174 92 137 373 342
person 0.0133 367 164 426 244
person 0.0105 330 140 412 250
person 0.0105 0 350 40 374
person 0.0096 83 144 159 367
person 0.0079 31 83 64 178
person 0.0066 0 321 17 363
person 0.0050 0 322 10 354
person 0.0048 0 237 38 372
person 0.0047 18 36 158 216
person 0.0033 51 130 65 166
person 0.0033 90 134 251 283
person 0.0033 32 138 63 176
person 0.0032 301 109 429 253
person 0.0030 303 135 313 151
person 0.0027 2 364 42 375
person 0.0026 481 44 499 163
person 0.0022 361 172 385 203
person 0.0022 295 133 314 153
person 0.0020 0 155 95 379
person 0.0020 132 136 231 257
person 0.0019 363 150 407 195
person 0.0018 0 225 70 373
person 0.0018 335 201 452 303
person 0.0016 29 42 80 180
person 0.0016 407 298 498 373
person 0.0013 62 131 96 212
person 0.0013 89 94 163 290
person 0.0013 0 278 22 367
person 0.0012 0 351 19 374
person 0.0011 -1 319 79 374
person 0.0010 19 67 451 297
person 0.0010 15 101 181 300
bottle 0.6834 440 122 457 154
bottle 0.1950 454 126 466 154
bottle 0.1195 412 126 434 154
bottle 0.1046 464 125 486 156
bottle 0.0799 486 117 498 155
bottle 0.0568 485 126 493 155
bottle 0.0265 443 125 488 155
bottle 0.0159 438 132 447 154
bottle 0.0149 51 127 64 170
bottle 0.0133 418 131 432 154
bottle 0.0126 427 126 440 154
bottle 0.0120 458 126 470 150
bottle 0.0087 454 135 463 154
bottle 0.0084 418 125 454 155
bottle 0.0034 461 135 477 155
bottle 0.0033 379 54 391 79
bottle 0.0029 463 127 471 134
bottle 0.0028 440 135 452 154
bottle 0.0019 468 126 484 137
bottle 0.0017 409 120 493 172
bottle 0.0016 464 125 479 135
bottle 0.0015 442 123 455 139
bottle 0.0010 448 123 454 130
chair 0.0158 231 181 315 325
chair 0.0146 456 301 500 369
chair 0.0112 387 138 417 189
chair 0.0088 10 176 23 187
chair 0.0058 485 291 499 312
chair 0.0051 3 176 25 191
chair 0.0019 245 125 272 153
chair 0.0018 238 145 307 186
chair 0.0016 407 297 498 373
chair 0.0015 275 179 303 211
chair 0.0013 0 180 18 195
chair 0.0012 489 297 499 313
chair 0.0010 276 102 394 385
sofa 0.1893 173 153 362 352
sofa 0.1224 232 214 295 272
sofa 0.0947 188 137 497 369
sofa 0.0929 227 175 318 334
sofa 0.0753 414 167 499 310
sofa 0.0643 161 193 318 295
sofa 0.0463 10 141 299 372
sofa 0.0190 -21 227 451 374
sofa 0.0150 180 235 385 330
sofa 0.0108 445 298 500 369
sofa 0.0099 149 322 334 373
sofa 0.0064 45 316 401 374
sofa 0.0059 55 72 513 345
sofa 0.0053 419 242 497 315
sofa 0.0047 407 288 499 372
sofa 0.0041 71 232 315 366
sofa 0.0038 283 218 500 372
sofa 0.0031 219 113 467 290
sofa 0.0031 0 156 163 375
sofa 0.0024 229 179 310 250
sofa 0.0019 261 240 317 312
sofa 0.0016 436 253 499 347
sofa 0.0015 256 178 308 211
sofa 0.0014 334 164 498 323
sofa 0.0011 114 275 501 372
sofa 0.0010 100 289 329 372
pottedplant 0.5337 380 96 410 144
pottedplant 0.0343 345 94 410 159
pottedplant 0.0257 269 54 389 175
pottedplant 0.0145 388 112 410 144
pottedplant 0.0141 387 118 405 153
pottedplant 0.0055 319 97 415 185
pottedplant 0.0046 320 66 419 157
pottedplant 0.0028 381 95 404 126
pottedplant 0.0027 366 105 406 172
pottedplant 0.0025 380 114 405 139
pottedplant 0.0025 293 134 313 151
pottedplant 0.0023 401 122 411 139
pottedplant 0.0015 150 52 174 82
pottedplant 0.0015 370 106 429 188
pottedplant 0.0015 365 90 411 132
pottedplant 0.0010 246 124 271 147
pottedplant 0.0010 355 82 466 168
diningtable 0.0040 396 148 501 184
diningtable 0.0016 399 123 494 179
diningtable 0.0014 455 292 500 359
diningtable 0.0013 172 318 333 373
tvmonitor 0.0064 265 54 385 178
