person 0.0309 464 187 476 204
person 0.0121 16 268 23 278
person 0.0076 469 188 481 206
person 0.0054 478 187 491 207
person 0.0049 485 187 492 207
person 0.0045 471 186 489 205
person 0.0038 465 191 478 210
person 0.0038 461 187 473 207
person 0.0031 475 185 484 201
person 0.0029 411 222 423 231
person 0.0027 441 215 451 230
person 0.0027 9 269 23 283
person 0.0026 402 193 416 208
person 0.0026 460 200 471 211
person 0.0025 423 218 433 230
person 0.0023 432 216 448 230
person 0.0022 407 217 416 230
person 0.0022 473 196 482 209
person 0.0022 374 213 389 236
person 0.0021 376 212 390 226
person 0.0020 252 240 286 271
person 0.0020 427 217 441 230
person 0.0019 373 225 386 238
person 0.0019 436 209 450 229
person 0.0019 263 244 276 267
person 0.0018 480 196 491 208
person 0.0018 15 262 24 276
person 0.0017 441 205 450 216
person 0.0017 431 205 439 215
person 0.0017 405 191 418 203
person 0.0015 423 209 433 224
person 0.0015 436 354 471 423
person 0.0015 479 184 487 192
person 0.0015 434 205 445 215
person 0.0014 330 260 344 272
person 0.0014 428 208 440 226
person 0.0013 165 261 173 275
person 0.0013 428 221 438 230
person 0.0013 14 266 26 282
person 0.0012 415 210 427 223
person 0.0012 454 200 464 211
person 0.0012 424 208 433 216
person 0.0012 409 212 428 230
person 0.0012 464 203 478 211
person 0.0012 410 211 422 225
person 0.0011 422 210 445 230
person 0.0011 402 193 411 203
person 0.0011 323 217 334 235
person 0.0010 477 185 484 192
person 0.0010 393 211 401 219
car 0.0585 159 233 303 279
car 0.0206 103 228 162 246
car 0.0073 127 222 335 304
car 0.0057 220 237 286 270
car 0.0057 98 229 141 243
car 0.0056 64 226 142 244
car 0.0052 50 218 449 308
car 0.0042 103 228 123 242
car 0.0039 292 213 338 235
car 0.0027 103 224 207 248
car 0.0023 170 233 204 244
car 0.0018 251 237 303 272
car 0.0017 179 243 311 303
car 0.0016 115 233 169 247
car 0.0015 81 225 164 254
car 0.0013 109 218 400 275
car 0.0012 6 164 511 312
car 0.0011 212 210 235 224
car 0.0011 374 228 385 239
car 0.0010 235 238 270 258
car 0.0010 189 231 281 266
boat 0.1087 118 231 304 278
boat 0.0669 88 266 108 282
boat 0.0622 79 266 89 274
boat 0.0501 65 265 89 282
boat 0.0356 103 266 125 283
boat 0.0250 26 221 294 264
boat 0.0248 68 264 89 275
boat 0.0217 66 266 81 278
boat 0.0212 40 272 67 281
boat 0.0201 90 265 105 275
boat 0.0201 294 259 476 293
boat 0.0148 120 266 146 283
boat 0.0147 156 239 304 299
boat 0.0139 87 262 131 284
boat 0.0134 64 226 116 243
boat 0.0122 73 269 90 281
boat 0.0120 65 262 102 284
boat 0.0115 55 257 87 279
boat 0.0110 66 271 84 283
boat 0.0110 80 226 194 266
boat 0.0108 40 265 69 282
boat 0.0108 18 216 89 241
boat 0.0102 34 253 76 281
boat 0.0098 84 241 137 283
boat 0.0096 89 270 118 284
boat 0.0089 41 221 101 240
boat 0.0089 122 266 139 279
boat 0.0089 108 275 123 284
boat 0.0086 52 233 120 282
boat 0.0085 27 243 92 282
boat 0.0077 60 225 166 248
boat 0.0075 106 261 160 285
boat 0.0072 37 221 138 247
boat 0.0069 17 227 168 265
boat 0.0069 37 246 276 288
boat 0.0058 50 266 67 279
boat 0.0057 64 223 82 239
boat 0.0057 79 269 103 283
boat 0.0054 67 276 86 285
boat 0.0053 88 276 106 284
boat 0.0052 12 268 23 279
boat 0.0049 109 271 126 283
boat 0.0047 94 263 124 277
boat 0.0047 80 264 94 273
boat 0.0045 64 230 93 242
boat 0.0044 54 265 75 278
boat 0.0043 69 225 111 236
boat 0.0043 169 232 209 246
boat 0.0042 6 229 507 319
boat 0.0041 151 264 163 276
boat 0.0041 53 262 71 274
boat 0.0039 130 267 160 280
boat 0.0037 12 211 124 244
boat 0.0036 79 205 328 285
boat 0.0036 123 270 159 285
boat 0.0034 124 265 142 275
boat 0.0033 128 228 280 256
boat 0.0033 21 243 88 263
boat 0.0032 22 233 111 267
boat 0.0031 138 263 165 278
boat 0.0029 106 265 125 276
boat 0.0029 75 277 87 285
boat 0.0028 290 145 491 272
boat 0.0027 94 237 399 306
boat 0.0027 40 275 67 285
boat 0.0026 130 267 148 276
boat 0.0026 104 277 116 284
boat 0.0025 124 279 143 286
boat 0.0025 86 256 109 286
boat 0.0023 15 221 49 241
boat 0.0023 9 269 23 283
boat 0.0022 10 256 26 281
boat 0.0021 118 251 165 284
boat 0.0020 136 269 157 278
boat 0.0020 100 264 118 275
boat 0.0020 52 270 75 282
boat 0.0018 59 273 70 281
boat 0.0017 122 280 135 287
boat 0.0017 19 226 308 299
boat 0.0017 22 249 73 259
boat 0.0017 67 231 117 257
boat 0.0017 101 259 140 278
boat 0.0016 111 278 130 285
boat 0.0016 167 224 216 244
boat 0.0016 125 276 153 286
boat 0.0015 14 261 25 276
boat 0.0015 135 272 159 282
boat 0.0014 51 233 99 245
boat 0.0014 19 233 84 248
boat 0.0014 64 233 99 251
boat 0.0014 6 268 18 280
boat 0.0013 135 266 144 273
boat 0.0013 76 249 90 273
boat 0.0013 142 255 198 277
boat 0.0013 449 209 492 229
boat 0.0013 118 278 137 287
boat 0.0013 133 264 146 274
boat 0.0012 111 220 221 244
boat 0.0012 36 269 62 279
boat 0.0012 7 248 27 274
boat 0.0012 132 260 157 275
boat 0.0012 27 248 78 269
boat 0.0011 69 229 141 264
boat 0.0011 47 278 68 284
boat 0.0011 56 272 86 285
boat 0.0011 9 248 43 279
boat 0.0011 16 223 76 245
boat 0.0011 56 249 78 257
boat 0.0010 14 206 80 234
boat 0.0010 105 228 175 257
boat 0.0010 79 253 88 269
boat 0.0010 155 262 187 281
boat 0.0010 91 254 115 268
bird 0.0015 442 156 452 166
chair 0.0050 103 89 124 102
chair 0.0040 183 58 303 243
chair 0.0021 235 148 252 158
chair 0.0019 35 5 156 242
chair 0.0017 216 148 233 158
chair 0.0013 105 76 124 88
chair 0.0012 234 153 253 165
chair 0.0012 176 115 293 217
chair 0.0012 49 133 152 227
chair 0.0011 234 160 253 171
chair 0.0011 120 102 137 116
pottedplant 0.0020 448 200 491 231
pottedplant 0.0016 431 212 451 229
pottedplant 0.0013 419 211 447 230
pottedplant 0.0012 390 191 482 231
pottedplant 0.0011 407 205 458 230
tvmonitor 0.0079 335 138 347 156
tvmonitor 0.0036 349 146 383 170
tvmonitor 0.0029 284 125 494 267
tvmonitor 0.0023 290 122 363 239
