person 0.6151 339 133 452 371
person 0.2997 220 100 255 152
person 0.1787 82 98 135 151
person 0.1118 76 106 116 154
person 0.0806 375 158 453 333
person 0.0779 149 83 221 159
person 0.0227 79 111 105 145
person 0.0211 106 96 135 139
person 0.0174 67 115 105 163
person 0.0149 396 120 408 136
person 0.0140 465 1 499 101
person 0.0130 466 54 500 105
person 0.0114 482 65 499 105
person 0.0083 147 106 198 154
person 0.0058 25 -19 488 273
person 0.0057 489 72 499 100
person 0.0045 137 72 273 165
person 0.0043 0 118 5 129
person 0.0039 149 109 182 146
person 0.0035 194 98 253 156
person 0.0032 107 68 234 209
person 0.0025 493 68 500 94
person 0.0024 164 112 202 163
person 0.0023 52 29 408 213
person 0.0023 76 122 101 154
person 0.0021 100 105 123 141
person 0.0018 227 99 258 133
person 0.0016 4 101 42 141
person 0.0016 31 103 103 182
person 0.0014 299 108 422 360
person 0.0014 106 100 127 125
person 0.0013 350 58 459 264
person 0.0012 475 0 499 59
person 0.0012 50 91 143 166
person 0.0012 475 55 499 88
person 0.0012 174 275 229 310
person 0.0011 76 363 117 375
person 0.0011 0 113 9 129
person 0.0011 94 98 127 134
person 0.0010 90 106 115 142
person 0.0010 174 109 226 157
person 0.0010 199 277 227 308
person 0.0010 103 103 121 129
person 0.0010 116 96 135 127
person 0.0010 392 122 408 141
car 0.0016 0 117 6 130
bus 0.2494 8 17 482 372
bus 0.0025 13 92 93 170
bus 0.0023 21 72 337 326
bus 0.0014 0 64 52 165
train 0.4428 21 16 498 367
train 0.0747 0 78 67 185
train 0.0192 0 115 51 193
train 0.0175 288 54 498 350
train 0.0089 360 116 448 302
train 0.0032 295 105 431 296
train 0.0025 1 63 83 259
train 0.0014 0 108 50 271
