person 0.1485 118 55 132 71
person 0.1301 150 51 171 71
person 0.0599 155 52 183 73
person 0.0522 142 48 166 70
person 0.0503 110 52 135 70
person 0.0194 50 39 251 89
person 0.0191 102 44 117 69
person 0.0144 104 44 113 59
person 0.0106 4 25 262 117
person 0.0099 102 53 121 72
person 0.0088 167 51 185 70
person 0.0070 121 54 139 73
person 0.0068 156 55 169 73
person 0.0066 94 44 113 66
person 0.0055 147 55 162 70
person 0.0053 150 57 166 72
person 0.0044 130 44 171 72
person 0.0021 107 45 128 64
person 0.0020 136 39 159 67
person 0.0014 109 56 128 73
person 0.0014 164 59 184 74
person 0.0013 119 46 137 66
person 0.0013 237 96 246 105
person 0.0013 303 125 310 138
person 0.0012 160 53 206 74
person 0.0012 104 44 120 62
person 0.0011 83 45 97 64
person 0.0010 279 107 287 121
person 0.0010 173 53 191 72
car 0.5894 5 32 280 132
car 0.0228 148 51 175 79
car 0.0215 5 40 66 83
car 0.0188 11 40 68 63
car 0.0138 249 96 285 122
car 0.0122 7 36 175 111
car 0.0091 208 96 255 123
car 0.0057 128 42 286 130
car 0.0028 279 102 310 123
car 0.0028 4 37 96 95
car 0.0023 157 88 271 126
car 0.0018 201 74 285 117
car 0.0016 262 102 298 122
car 0.0015 228 86 286 118
car 0.0013 6 56 43 88
car 0.0012 7 38 105 61
car 0.0011 183 94 244 126
car 0.0011 135 33 160 41
