person 0.8862 160 201 229 333
person 0.8818 227 197 303 330
person 0.8135 279 127 383 309
person 0.8128 89 201 167 322
person 0.1442 283 183 356 330
person 0.0853 0 261 16 309
person 0.0528 42 167 211 319
person 0.0324 330 136 389 312
person 0.0194 277 127 364 236
person 0.0102 0 222 10 304
person 0.0054 277 178 367 263
person 0.0028 0 253 26 318
person 0.0025 279 132 323 233
person 0.0024 146 127 447 245
person 0.0024 163 158 210 238
person 0.0020 -1 265 58 321
person 0.0017 192 186 286 251
person 0.0016 86 191 248 331
person 0.0016 18 283 71 322
person 0.0014 343 257 385 318
person 0.0012 245 223 330 322
person 0.0012 51 146 232 255
person 0.0011 144 197 291 330
person 0.0011 298 212 382 328
bottle 0.0793 0 263 16 310
bottle 0.0187 128 127 140 141
bottle 0.0168 116 127 127 141
bottle 0.0140 90 127 102 142
bottle 0.0138 103 127 125 142
bottle 0.0121 112 127 123 141
bottle 0.0040 121 127 132 141
chair 0.4349 383 295 500 331
chair 0.1563 430 257 500 311
chair 0.0629 388 257 501 329
chair 0.0299 432 206 500 309
chair 0.0155 0 222 15 307
chair 0.0113 452 206 499 264
chair 0.0073 42 183 171 319
chair 0.0067 382 201 499 325
chair 0.0057 0 219 8 296
chair 0.0051 184 184 257 247
chair 0.0037 493 293 499 312
chair 0.0033 86 233 170 326
chair 0.0031 0 266 17 321
chair 0.0022 229 272 392 330
chair 0.0021 0 221 5 270
chair 0.0020 234 264 303 332
chair 0.0019 458 264 500 313
chair 0.0015 421 256 478 297
chair 0.0014 164 292 183 327
chair 0.0013 263 284 304 332
chair 0.0013 90 274 167 320
chair 0.0012 264 255 302 311
chair 0.0011 248 223 328 325
chair 0.0010 42 182 107 316
chair 0.0010 0 233 4 264
sofa 0.1735 179 173 289 247
sofa 0.1482 42 174 295 328
sofa 0.0309 40 168 313 248
sofa 0.0237 25 249 444 329
sofa 0.0193 147 207 331 331
sofa 0.0159 32 295 241 335
sofa 0.0156 1 263 276 333
sofa 0.0143 41 179 178 320
sofa 0.0080 185 167 279 208
sofa 0.0073 151 152 422 319
sofa 0.0060 131 273 242 329
sofa 0.0055 161 171 356 270
sofa 0.0035 87 207 251 334
sofa 0.0025 214 266 319 329
sofa 0.0024 189 186 247 244
sofa 0.0019 230 173 286 241
sofa 0.0013 163 229 237 331
sofa 0.0013 70 170 207 246
sofa 0.0011 155 261 208 321
sofa 0.0010 172 267 232 326
sofa 0.0010 215 254 403 329
pottedplant 0.0013 154 130 165 140
pottedplant 0.0010 142 132 163 141
diningtable 0.0255 1 318 93 333
diningtable 0.0080 1 309 176 333
diningtable 0.0047 55 311 250 334
diningtable 0.0038 88 305 162 333
diningtable 0.0033 13 272 221 331
diningtable 0.0025 17 287 69 323
diningtable 0.0020 -25 287 346 333
diningtable 0.0012 -2 310 99 337
diningtable 0.0011 0 271 72 330
tvmonitor 0.0231 451 204 499 258
tvmonitor 0.0102 183 184 269 248
tvmonitor 0.0012 454 261 499 312
