person 0.8988 104 222 289 371
person 0.8123 333 107 486 371
person 0.7928 247 238 405 372
person 0.7890 63 40 182 366
person 0.6946 252 72 358 261
person 0.6894 185 95 295 332
person 0.5938 142 42 219 196
person 0.2852 475 143 499 197
person 0.2020 328 137 345 153
person 0.1021 480 143 500 177
person 0.0824 460 166 491 197
person 0.0771 473 245 499 367
person 0.0326 487 145 499 170
person 0.0305 0 121 156 371
person 0.0259 143 130 186 225
person 0.0180 85 234 437 374
person 0.0170 481 283 499 370
person 0.0160 182 92 273 245
person 0.0123 468 162 499 214
person 0.0113 98 39 257 361
person 0.0098 486 152 499 192
person 0.0091 211 67 230 101
person 0.0073 228 89 339 322
person 0.0066 142 76 202 238
person 0.0064 244 90 419 367
person 0.0061 477 159 498 187
person 0.0055 490 164 499 191
person 0.0051 312 114 357 187
person 0.0049 472 104 498 178
person 0.0049 492 171 499 197
person 0.0045 272 126 283 146
person 0.0041 255 139 337 267
person 0.0040 456 269 497 372
person 0.0040 144 38 267 249
person 0.0037 286 238 368 366
person 0.0036 350 269 402 364
person 0.0032 327 131 347 158
person 0.0030 78 82 91 109
person 0.0029 42 88 336 370
person 0.0028 318 128 349 164
person 0.0024 179 69 336 262
person 0.0023 255 160 302 199
person 0.0022 484 138 499 164
person 0.0021 140 112 188 334
person 0.0021 202 218 284 365
person 0.0020 288 105 368 274
person 0.0018 166 83 222 276
person 0.0018 209 86 222 105
person 0.0016 257 72 340 192
person 0.0015 320 79 335 140
person 0.0014 490 140 499 160
person 0.0014 43 45 190 220
person 0.0013 226 70 242 98
person 0.0013 174 56 242 140
person 0.0013 130 225 207 365
person 0.0012 264 133 358 225
person 0.0012 464 139 495 193
person 0.0012 215 110 289 274
person 0.0012 133 59 221 321
person 0.0012 266 114 283 148
person 0.0011 298 224 424 352
person 0.0011 405 130 492 332
person 0.0010 308 125 368 238
person 0.0010 168 227 238 367
bottle 0.0229 486 188 498 214
bottle 0.0112 493 180 500 201
bottle 0.0070 485 174 498 206
bottle 0.0019 372 258 400 299
chair 0.0749 143 126 185 230
chair 0.0308 472 234 498 284
chair 0.0282 427 175 443 194
chair 0.0275 367 262 399 345
chair 0.0238 477 241 492 286
chair 0.0205 427 172 462 195
chair 0.0166 475 204 500 364
chair 0.0134 479 252 488 282
chair 0.0116 139 108 187 348
chair 0.0083 464 268 499 371
chair 0.0083 480 252 497 289
chair 0.0081 462 213 494 290
chair 0.0072 373 258 399 301
chair 0.0066 368 292 396 330
chair 0.0056 488 244 499 286
chair 0.0044 460 332 498 372
chair 0.0036 20 153 202 367
chair 0.0032 462 166 489 198
chair 0.0031 368 301 396 350
chair 0.0030 459 158 481 194
chair 0.0028 323 134 342 147
chair 0.0025 450 355 467 374
chair 0.0021 472 167 498 204
chair 0.0019 460 192 492 337
chair 0.0019 443 167 477 194
chair 0.0019 376 223 495 372
chair 0.0019 474 241 488 278
chair 0.0018 424 164 443 192
chair 0.0017 46 68 260 383
chair 0.0016 267 116 282 147
chair 0.0016 415 326 479 374
chair 0.0015 481 320 499 368
chair 0.0015 419 170 436 192
chair 0.0014 381 265 400 340
chair 0.0014 466 223 487 306
chair 0.0013 133 72 190 248
chair 0.0012 490 260 499 293
chair 0.0012 1 211 95 373
chair 0.0011 103 216 212 355
chair 0.0011 366 264 395 312
chair 0.0011 0 302 43 374
pottedplant 0.3153 0 124 108 369
pottedplant 0.2947 0 0 79 125
pottedplant 0.0938 1 0 99 199
pottedplant 0.0533 472 22 499 176
pottedplant 0.0247 0 156 41 371
pottedplant 0.0180 1 66 103 273
pottedplant 0.0140 2 33 157 342
pottedplant 0.0129 0 298 29 372
pottedplant 0.0127 1 93 91 146
pottedplant 0.0083 474 107 496 144
pottedplant 0.0076 474 86 496 161
pottedplant 0.0060 1 100 92 185
pottedplant 0.0049 0 0 42 98
pottedplant 0.0044 470 138 498 184
pottedplant 0.0034 1 82 59 161
pottedplant 0.0033 2 127 92 235
pottedplant 0.0028 0 216 87 371
pottedplant 0.0022 1 41 62 208
pottedplant 0.0020 0 124 47 284
pottedplant 0.0018 0 1 68 68
pottedplant 0.0016 1 105 61 139
pottedplant 0.0013 0 135 44 221
pottedplant 0.0013 452 128 499 193
pottedplant 0.0012 458 148 486 178
pottedplant 0.0012 0 235 31 373
pottedplant 0.0010 1 37 43 123
diningtable 0.1829 440 194 499 234
diningtable 0.1472 462 200 499 287
diningtable 0.0500 458 210 498 233
diningtable 0.0496 472 230 499 284
diningtable 0.0395 468 219 499 233
diningtable 0.0383 450 194 491 221
diningtable 0.0217 424 176 479 216
diningtable 0.0159 459 202 499 364
diningtable 0.0140 471 222 500 262
diningtable 0.0127 428 168 470 196
diningtable 0.0122 450 205 499 247
diningtable 0.0097 442 192 462 209
diningtable 0.0097 429 193 496 264
diningtable 0.0064 489 219 500 232
diningtable 0.0063 472 223 499 239
diningtable 0.0059 430 174 463 207
diningtable 0.0058 486 211 500 231
diningtable 0.0037 486 234 499 286
diningtable 0.0021 385 141 499 255
diningtable 0.0019 409 196 495 369
diningtable 0.0019 476 232 499 256
diningtable 0.0018 418 187 485 245
diningtable 0.0017 477 244 499 278
diningtable 0.0014 458 367 501 375
diningtable 0.0014 460 352 500 373
diningtable 0.0012 452 203 481 236
diningtable 0.0012 437 194 471 216
tvmonitor 0.0017 166 30 200 52
