person 0.0066 484 136 499 154
person 0.0035 5 127 28 147
person 0.0010 483 137 500 169
bicycle 0.0093 478 262 499 295
bicycle 0.0010 0 260 15 287
car 0.0239 479 262 499 302
car 0.0045 0 81 100 160
car 0.0032 240 289 267 302
car 0.0027 280 288 315 303
car 0.0026 228 288 259 302
car 0.0025 248 291 282 302
car 0.0014 481 288 499 310
car 0.0014 361 128 386 145
car 0.0013 250 289 266 299
car 0.0013 416 115 499 302
car 0.0012 3 234 165 311
car 0.0011 342 92 496 369
car 0.0010 251 290 310 302
car 0.0010 118 131 140 149
aeroplane 0.0097 0 36 501 214
boat 0.2885 1 44 498 299
boat 0.0099 11 159 494 370
diningtable 0.0042 29 275 468 365
