person 0.0109 172 48 182 64
person 0.0035 176 52 187 65
person 0.0016 73 256 81 266
person 0.0016 168 48 180 60
person 0.0015 178 48 183 57
aeroplane 0.9106 47 150 110 209
aeroplane 0.9044 164 28 229 92
aeroplane 0.9035 27 44 92 108
aeroplane 0.8997 191 142 255 201
aeroplane 0.8977 64 238 127 297
aeroplane 0.8955 397 15 461 78
aeroplane 0.0044 101 262 127 288
aeroplane 0.0029 86 246 125 293
aeroplane 0.0027 208 56 226 70
aeroplane 0.0017 104 257 126 279
aeroplane 0.0014 72 256 82 268
aeroplane 0.0014 199 55 228 85
aeroplane 0.0010 110 262 126 276
aeroplane 0.0010 187 38 243 85
