person 0.8483 395 83 444 179
person 0.7751 127 110 188 230
person 0.0376 108 45 114 53
person 0.0172 127 111 187 171
person 0.0069 126 111 166 157
person 0.0061 343 76 451 179
person 0.0049 141 47 147 54
person 0.0024 347 64 367 74
person 0.0022 316 52 321 57
person 0.0021 23 80 33 88
person 0.0018 388 90 420 176
person 0.0015 143 123 187 198
person 0.0014 129 112 163 138
person 0.0014 112 75 127 84
person 0.0011 393 80 442 132
car 0.8244 53 81 104 103
car 0.8094 440 64 489 96
car 0.7380 390 71 432 96
car 0.7137 218 71 265 102
car 0.6326 98 74 170 103
car 0.6121 262 68 304 100
car 0.5852 22 80 62 102
car 0.5646 175 70 218 102
car 0.5615 345 63 404 98
car 0.5508 303 65 346 100
car 0.5030 -1 79 30 104
car 0.1090 146 85 173 101
car 0.1012 52 84 80 103
car 0.0895 51 86 67 102
car 0.0803 99 74 131 101
car 0.0227 41 81 68 101
car 0.0195 100 75 126 90
car 0.0181 17 82 43 102
car 0.0176 157 83 174 98
car 0.0105 358 64 435 98
car 0.0101 22 79 35 94
car 0.0050 97 78 118 97
car 0.0048 435 68 443 79
car 0.0048 295 64 390 100
car 0.0043 400 70 436 86
car 0.0038 226 65 295 103
car 0.0038 43 89 62 102
car 0.0035 63 82 90 102
car 0.0033 75 81 103 102
car 0.0028 0 80 11 102
car 0.0025 111 77 156 100
car 0.0024 410 68 422 73
car 0.0024 390 79 415 97
car 0.0024 106 74 124 83
car 0.0023 388 65 438 107
car 0.0022 262 68 283 78
car 0.0022 104 75 138 87
car 0.0021 144 88 165 101
car 0.0021 25 86 53 102
car 0.0021 430 65 470 96
car 0.0020 416 72 434 85
car 0.0020 414 70 428 83
car 0.0020 259 63 357 100
car 0.0020 466 66 489 93
car 0.0019 137 74 176 101
car 0.0018 451 65 477 93
car 0.0017 58 81 98 91
car 0.0017 261 69 286 91
car 0.0016 405 68 425 75
car 0.0016 219 71 261 88
car 0.0015 430 67 451 90
car 0.0015 174 69 269 102
car 0.0014 204 86 219 101
car 0.0014 22 89 35 101
car 0.0014 441 68 452 91
car 0.0014 26 67 89 113
car 0.0014 434 65 461 84
car 0.0013 435 68 445 88
car 0.0012 370 62 419 89
car 0.0011 391 71 408 93
car 0.0011 402 71 451 99
car 0.0010 49 70 113 114
car 0.0010 341 63 373 87
motorbike 0.7337 344 105 468 182
motorbike 0.5930 49 128 227 233
motorbike 0.4422 390 84 445 181
motorbike 0.1255 103 112 196 231
motorbike 0.0378 150 84 173 100
motorbike 0.0053 359 95 426 179
motorbike 0.0038 115 138 172 225
motorbike 0.0030 383 116 462 175
motorbike 0.0022 161 84 173 98
motorbike 0.0020 386 107 422 176
bird 0.0060 140 47 147 54
