person 0.0162 443 1 498 105
person 0.0103 402 18 418 86
person 0.0063 484 8 499 109
person 0.0046 463 25 499 107
person 0.0011 382 13 418 89
cat 0.2580 167 15 217 96
cat 0.0213 92 12 252 96
cat 0.0035 110 46 159 66
bottle 0.3591 390 41 402 84
bottle 0.0631 391 33 414 85
bottle 0.0546 403 26 416 89
bottle 0.0335 74 48 94 87
bottle 0.0221 76 49 91 75
bottle 0.0069 402 57 412 86
bottle 0.0030 51 58 124 133
bottle 0.0028 392 24 405 84
bottle 0.0027 388 54 399 84
bottle 0.0026 70 60 102 94
bottle 0.0016 383 39 399 84
bottle 0.0013 384 13 416 87
bottle 0.0010 405 36 416 69
chair 0.5454 219 8 273 75
chair 0.3286 93 62 196 180
chair 0.2815 0 68 55 196
chair 0.2070 281 12 322 76
chair 0.1592 46 28 67 68
chair 0.1445 460 199 499 340
chair 0.1259 168 17 218 94
chair 0.1096 11 24 70 67
chair 0.1086 0 29 48 67
chair 0.0831 33 65 142 213
chair 0.0673 0 109 34 218
chair 0.0613 0 69 54 129
chair 0.0609 0 110 60 357
chair 0.0597 478 294 499 372
chair 0.0507 197 11 221 41
chair 0.0402 0 28 18 66
chair 0.0308 212 9 303 87
chair 0.0286 0 16 15 33
chair 0.0249 229 60 261 90
chair 0.0241 21 98 194 354
chair 0.0241 3 120 50 201
chair 0.0238 77 0 113 49
chair 0.0234 296 60 311 77
chair 0.0225 78 0 111 25
chair 0.0220 87 10 179 67
chair 0.0201 0 20 42 37
chair 0.0199 14 34 40 67
chair 0.0197 1 204 85 367
chair 0.0191 205 50 230 93
chair 0.0170 178 8 222 46
chair 0.0163 187 13 224 64
chair 0.0161 106 17 249 183
chair 0.0160 -1 64 116 177
chair 0.0149 220 114 501 370
chair 0.0147 195 11 215 31
chair 0.0145 92 34 175 77
chair 0.0140 25 27 53 67
chair 0.0139 261 8 298 75
chair 0.0139 0 208 38 370
chair 0.0132 208 48 251 92
chair 0.0125 0 106 24 332
chair 0.0118 203 12 227 65
chair 0.0109 0 47 32 68
chair 0.0103 16 6 45 36
chair 0.0097 95 49 163 144
chair 0.0096 36 33 60 67
chair 0.0092 267 12 284 68
chair 0.0091 240 8 287 68
chair 0.0089 21 152 63 248
chair 0.0088 472 225 500 382
chair 0.0088 231 57 305 77
chair 0.0085 3 64 69 101
chair 0.0084 12 24 46 37
chair 0.0083 195 10 209 25
chair 0.0083 225 50 273 85
chair 0.0083 31 49 189 170
chair 0.0082 190 33 226 95
chair 0.0081 1 154 44 282
chair 0.0079 326 129 498 325
chair 0.0077 45 292 462 371
chair 0.0075 0 15 16 52
chair 0.0071 413 201 499 354
chair 0.0069 0 45 48 106
chair 0.0067 50 43 65 67
chair 0.0067 257 49 321 79
chair 0.0066 156 8 225 67
chair 0.0065 223 8 271 44
chair 0.0061 0 24 15 43
chair 0.0058 237 28 297 78
chair 0.0057 206 67 380 276
chair 0.0056 274 7 312 63
chair 0.0055 196 4 218 25
chair 0.0053 55 49 103 96
chair 0.0051 131 11 290 98
chair 0.0049 176 17 221 36
chair 0.0049 451 292 500 372
chair 0.0048 0 196 6 212
chair 0.0047 211 11 227 46
chair 0.0047 203 10 223 30
chair 0.0044 0 27 14 37
chair 0.0044 0 16 42 51
chair 0.0044 153 2 210 34
chair 0.0043 121 47 148 65
chair 0.0042 4 203 40 251
chair 0.0041 0 55 17 69
chair 0.0041 197 10 205 23
chair 0.0039 196 12 205 30
chair 0.0039 301 62 320 76
chair 0.0037 192 65 254 196
chair 0.0037 208 21 223 59
chair 0.0036 0 0 22 20
chair 0.0036 15 119 78 322
chair 0.0036 203 64 222 93
chair 0.0035 21 6 40 20
chair 0.0035 269 58 296 74
chair 0.0034 -1 22 28 61
chair 0.0034 197 0 221 15
chair 0.0034 247 56 270 76
chair 0.0033 99 47 148 67
chair 0.0033 137 10 228 44
chair 0.0032 214 10 228 33
chair 0.0031 41 0 69 21
chair 0.0031 196 3 211 19
chair 0.0030 123 8 191 45
chair 0.0030 0 80 85 253
chair 0.0030 0 9 18 27
chair 0.0029 86 42 122 65
chair 0.0029 162 0 201 21
chair 0.0028 200 2 229 19
chair 0.0028 211 6 249 33
chair 0.0025 280 12 320 27
chair 0.0025 6 0 39 20
chair 0.0025 478 283 499 339
chair 0.0024 206 36 234 84
chair 0.0024 207 1 222 11
chair 0.0023 0 108 21 190
chair 0.0023 246 48 271 68
chair 0.0022 212 17 245 90
chair 0.0021 210 11 242 55
chair 0.0020 53 143 95 193
chair 0.0020 10 49 121 113
chair 0.0019 220 10 228 30
chair 0.0019 281 14 313 45
chair 0.0019 226 0 266 10
chair 0.0019 309 63 321 75
chair 0.0019 259 57 285 74
chair 0.0018 115 37 202 89
chair 0.0018 220 33 264 83
chair 0.0018 289 48 319 79
chair 0.0018 0 5 25 36
chair 0.0018 213 0 230 13
chair 0.0018 218 11 230 46
chair 0.0018 478 50 497 107
chair 0.0017 250 64 266 76
chair 0.0017 218 1 269 16
chair 0.0016 84 28 117 63
chair 0.0016 258 24 285 77
chair 0.0016 96 4 170 42
chair 0.0016 13 16 42 30
chair 0.0015 7 40 58 70
chair 0.0015 394 291 501 372
chair 0.0015 43 203 197 359
chair 0.0015 6 104 121 290
chair 0.0014 0 195 12 212
chair 0.0014 485 313 499 376
chair 0.0013 105 3 124 32
chair 0.0013 146 18 241 138
chair 0.0013 218 0 236 9
chair 0.0013 236 61 321 84
chair 0.0012 197 58 338 198
chair 0.0012 18 46 37 67
chair 0.0012 169 13 211 32
chair 0.0012 266 53 290 72
chair 0.0011 0 0 6 17
chair 0.0011 281 14 303 25
chair 0.0011 109 9 117 30
chair 0.0011 179 2 217 21
chair 0.0011 281 0 294 9
chair 0.0011 192 20 205 31
chair 0.0010 214 0 254 11
chair 0.0010 17 167 300 369
chair 0.0010 0 145 16 292
chair 0.0010 235 0 256 9
chair 0.0010 204 31 222 76
chair 0.0010 37 315 307 372
chair 0.0010 308 75 321 91
chair 0.0010 128 41 174 78
sofa 0.7060 202 66 485 307
sofa 0.2602 87 10 219 95
sofa 0.1852 0 68 55 194
sofa 0.1651 63 293 489 370
sofa 0.1443 32 61 195 179
sofa 0.0639 0 109 27 202
sofa 0.0607 94 29 228 181
sofa 0.0595 0 69 54 132
sofa 0.0391 0 67 128 198
sofa 0.0280 87 21 179 80
sofa 0.0144 328 124 499 316
sofa 0.0089 300 113 470 236
sofa 0.0087 31 19 196 142
sofa 0.0074 101 44 167 72
sofa 0.0045 211 72 499 199
sofa 0.0042 115 10 212 48
sofa 0.0032 332 112 478 190
sofa 0.0028 116 34 201 85
sofa 0.0024 23 47 156 131
sofa 0.0016 0 116 14 201
sofa 0.0012 190 58 379 207
pottedplant 0.0176 451 0 499 37
diningtable 0.0943 6 21 68 65
diningtable 0.0768 18 140 196 363
diningtable 0.0506 11 19 74 41
diningtable 0.0394 12 22 52 38
diningtable 0.0123 0 208 36 370
diningtable 0.0100 13 9 79 56
diningtable 0.0079 472 199 499 221
diningtable 0.0065 4 11 75 36
diningtable 0.0062 464 191 500 311
diningtable 0.0050 0 60 135 161
diningtable 0.0045 6 2 73 27
diningtable 0.0042 470 192 499 235
diningtable 0.0036 0 26 14 40
diningtable 0.0035 0 9 18 28
diningtable 0.0033 12 16 43 30
diningtable 0.0014 34 16 72 29
diningtable 0.0013 225 58 316 88
