person 0.0400 0 92 32 257
person 0.0231 0 97 69 325
person 0.0178 0 99 31 173
person 0.0046 0 111 23 330
person 0.0034 304 2 329 73
person 0.0032 0 67 147 296
person 0.0027 483 117 499 331
person 0.0020 487 129 499 268
person 0.0016 -2 52 64 244
person 0.0012 491 135 499 203
person 0.0011 0 47 41 171
car 0.0035 330 1 499 149
cat 0.1539 5 12 424 337
cat 0.0484 2 69 204 289
cat 0.0161 0 91 111 328
cat 0.0038 0 78 75 267
cat 0.0032 1 168 170 330
cat 0.0031 1 175 25 319
cat 0.0019 329 7 382 100
dog 0.1886 153 7 422 318
dog 0.0503 338 8 499 289
dog 0.0119 372 118 498 254
dog 0.0028 -23 -54 500 278
dog 0.0028 1 101 62 338
dog 0.0027 328 3 381 104
dog 0.0020 329 2 500 132
dog 0.0017 0 2 260 273
dog 0.0010 232 -8 501 218
sheep 0.0151 373 145 497 257
sheep 0.0039 374 18 501 304
sheep 0.0035 4 264 177 331
sheep 0.0020 373 194 496 274
sheep 0.0011 428 134 498 327
cow 0.0046 330 1 498 200
tvmonitor 0.0019 331 0 500 132
