person 0.3761 142 108 168 172
person 0.3145 107 100 143 184
person 0.2529 74 79 181 207
person 0.1103 126 90 175 179
person 0.0504 459 138 465 154
person 0.0461 144 107 167 144
person 0.0369 444 144 452 153
person 0.0361 463 138 477 155
person 0.0339 459 138 471 155
person 0.0236 489 186 499 210
person 0.0205 418 137 430 150
person 0.0147 147 107 165 130
person 0.0143 469 142 485 156
person 0.0100 469 150 476 155
person 0.0072 143 132 165 169
person 0.0066 459 134 471 148
person 0.0060 459 136 464 149
person 0.0053 464 135 476 147
person 0.0041 143 111 158 139
person 0.0037 472 151 481 156
person 0.0035 460 149 469 155
person 0.0033 135 123 153 142
person 0.0026 144 109 190 169
person 0.0022 139 143 158 171
person 0.0020 98 106 163 175
person 0.0019 138 97 173 155
person 0.0019 438 165 499 269
person 0.0016 94 95 156 145
person 0.0014 154 108 168 133
person 0.0014 108 138 141 182
person 0.0013 110 100 138 151
person 0.0012 435 352 471 420
person 0.0011 137 126 160 147
person 0.0011 461 130 471 139
person 0.0011 143 124 168 153
car 0.1607 487 145 498 157
car 0.0610 472 141 499 156
car 0.0212 444 144 451 154
car 0.0157 468 141 486 157
car 0.0115 460 138 481 155
car 0.0040 468 149 477 155
car 0.0036 485 139 499 155
car 0.0033 478 150 490 156
car 0.0023 453 137 472 155
car 0.0022 438 142 454 155
car 0.0018 477 140 490 146
car 0.0017 470 150 483 156
car 0.0016 459 149 470 155
car 0.0013 480 134 499 162
car 0.0011 463 133 499 159
bottle 0.0010 185 242 194 259
chair 0.4478 209 177 262 268
chair 0.0222 241 181 277 235
chair 0.0161 230 188 270 255
chair 0.0153 218 173 279 242
chair 0.0078 249 209 281 233
chair 0.0058 152 170 258 274
chair 0.0051 189 189 251 276
chair 0.0049 244 95 312 226
chair 0.0044 199 162 270 228
chair 0.0041 215 204 241 268
chair 0.0024 238 197 265 240
chair 0.0021 208 179 251 233
chair 0.0021 220 206 258 270
chair 0.0019 247 201 272 230
chair 0.0014 234 207 261 257
chair 0.0011 198 166 294 255
chair 0.0010 252 173 286 231
chair 0.0010 217 194 241 231
chair 0.0010 234 136 278 236
sofa 0.5097 439 180 499 289
sofa 0.2171 349 156 490 236
sofa 0.0040 338 150 490 201
sofa 0.0039 361 165 501 285
sofa 0.0024 213 154 512 238
pottedplant 0.6801 246 71 382 239
pottedplant 0.3572 110 183 157 218
pottedplant 0.1288 332 67 382 148
pottedplant 0.0866 398 132 413 149
pottedplant 0.0463 268 132 349 239
pottedplant 0.0392 418 136 431 150
pottedplant 0.0286 400 134 429 150
pottedplant 0.0284 244 92 299 215
pottedplant 0.0230 339 73 422 152
pottedplant 0.0219 245 92 296 144
pottedplant 0.0182 311 63 419 179
pottedplant 0.0147 443 144 452 153
pottedplant 0.0089 255 162 316 236
pottedplant 0.0087 270 140 317 203
pottedplant 0.0086 337 100 378 151
pottedplant 0.0075 393 119 414 149
pottedplant 0.0074 328 82 371 195
pottedplant 0.0071 296 180 340 237
pottedplant 0.0068 379 109 432 149
pottedplant 0.0066 267 160 305 215
pottedplant 0.0061 232 95 492 239
pottedplant 0.0052 272 162 304 188
pottedplant 0.0042 259 124 309 224
pottedplant 0.0042 57 167 250 245
pottedplant 0.0039 364 86 418 145
pottedplant 0.0037 77 92 195 238
pottedplant 0.0034 367 136 398 148
pottedplant 0.0032 351 128 482 203
pottedplant 0.0032 98 111 160 217
pottedplant 0.0032 180 164 206 188
pottedplant 0.0030 408 132 420 149
pottedplant 0.0030 87 162 194 221
pottedplant 0.0026 125 183 144 211
pottedplant 0.0025 135 197 155 215
pottedplant 0.0024 338 120 368 194
pottedplant 0.0022 245 87 335 158
pottedplant 0.0021 345 136 367 172
pottedplant 0.0020 286 85 363 233
pottedplant 0.0019 348 148 367 161
pottedplant 0.0019 397 122 432 151
pottedplant 0.0017 334 66 485 166
pottedplant 0.0017 221 92 317 240
pottedplant 0.0017 391 120 454 153
pottedplant 0.0017 391 103 416 151
pottedplant 0.0016 340 129 356 151
pottedplant 0.0014 242 142 298 234
pottedplant 0.0014 247 66 379 152
pottedplant 0.0013 120 189 147 217
pottedplant 0.0011 341 117 372 149
pottedplant 0.0011 111 198 132 217
pottedplant 0.0011 344 148 366 194
pottedplant 0.0010 244 109 289 179
pottedplant 0.0010 128 183 141 200
diningtable 0.0421 185 171 262 264
diningtable 0.0116 107 169 264 282
diningtable 0.0087 199 174 266 232
diningtable 0.0041 35 169 276 321
diningtable 0.0022 199 174 265 201
diningtable 0.0022 173 159 258 228
diningtable 0.0016 46 202 194 329
tvmonitor 0.6341 63 77 191 203
tvmonitor 0.0106 95 81 171 177
tvmonitor 0.0032 133 122 150 147
tvmonitor 0.0030 103 90 146 168
tvmonitor 0.0014 102 93 164 140
