person 0.0352 70 66 82 87
person 0.0315 21 119 60 262
person 0.0147 22 120 59 192
person 0.0105 46 40 62 53
person 0.0090 45 44 66 85
person 0.0086 46 41 65 60
person 0.0075 71 43 84 61
person 0.0067 49 45 83 86
person 0.0057 49 57 66 81
person 0.0050 54 41 83 65
person 0.0048 49 53 65 71
person 0.0045 58 67 67 86
person 0.0042 45 63 61 86
person 0.0033 54 72 66 86
person 0.0026 59 41 68 53
person 0.0024 55 49 69 75
person 0.0022 483 334 499 368
person 0.0022 57 56 65 70
person 0.0021 61 71 80 87
person 0.0020 54 39 77 56
person 0.0019 57 58 66 82
person 0.0017 64 55 83 87
person 0.0015 67 42 84 80
person 0.0013 45 57 56 80
person 0.0012 45 54 56 70
person 0.0010 44 74 54 86
person 0.0010 23 127 139 260
cat 0.0013 394 229 498 355
chair 0.0786 178 154 236 215
chair 0.0626 218 153 275 214
chair 0.0330 146 156 180 217
chair 0.0160 293 154 342 205
chair 0.0131 197 148 235 157
chair 0.0073 145 150 287 217
chair 0.0072 223 168 260 215
chair 0.0070 144 153 197 177
chair 0.0070 482 332 499 368
chair 0.0068 243 152 319 210
chair 0.0062 147 189 174 217
chair 0.0059 213 157 244 214
chair 0.0045 290 153 318 206
chair 0.0041 251 154 279 213
chair 0.0040 131 155 156 220
chair 0.0035 144 163 168 211
chair 0.0032 180 168 214 216
chair 0.0030 205 175 221 213
chair 0.0025 237 157 271 177
chair 0.0025 148 178 174 197
chair 0.0025 219 168 236 214
chair 0.0024 193 150 237 166
chair 0.0024 340 161 361 203
chair 0.0018 266 152 302 211
chair 0.0015 236 153 276 190
chair 0.0015 236 152 272 162
chair 0.0013 21 152 146 331
chair 0.0013 148 181 165 194
chair 0.0012 90 152 151 218
chair 0.0012 472 189 493 203
chair 0.0010 190 149 240 190
sofa 0.5452 30 204 494 372
sofa 0.1522 120 279 294 348
sofa 0.0336 153 284 241 345
sofa 0.0287 256 227 425 331
sofa 0.0213 223 153 338 211
sofa 0.0132 209 261 316 335
sofa 0.0093 9 142 474 323
sofa 0.0092 265 199 500 365
sofa 0.0066 163 261 402 362
sofa 0.0060 125 149 402 219
sofa 0.0035 393 214 498 350
sofa 0.0030 37 218 242 363
sofa 0.0016 431 202 500 277
sofa 0.0015 44 153 147 223
sofa 0.0012 142 151 197 177
pottedplant 0.5769 317 27 387 161
pottedplant 0.2305 313 36 422 196
pottedplant 0.0279 359 51 419 206
pottedplant 0.0050 383 48 419 156
pottedplant 0.0021 348 68 383 155
pottedplant 0.0013 329 86 390 169
pottedplant 0.0013 332 94 366 166
diningtable 0.0010 195 149 256 161
tvmonitor 0.0293 457 156 484 193
tvmonitor 0.0010 140 58 171 99
