person 0.3272 60 214 72 236
person 0.3188 138 205 149 219
person 0.2098 247 183 289 220
person 0.1975 59 215 67 237
person 0.1869 61 213 70 224
person 0.1540 64 221 79 236
person 0.1352 223 188 246 224
person 0.1334 209 203 218 216
person 0.1121 116 205 127 218
person 0.0814 264 180 288 212
person 0.0676 280 187 316 221
person 0.0632 126 205 148 220
person 0.0538 116 203 142 219
person 0.0479 207 198 229 219
person 0.0344 138 203 159 219
person 0.0326 238 190 270 220
person 0.0293 262 185 304 220
person 0.0229 60 213 66 222
person 0.0206 59 211 79 237
person 0.0188 154 122 169 140
person 0.0185 205 202 218 221
person 0.0152 121 135 132 148
person 0.0147 226 184 239 215
person 0.0133 226 195 238 225
person 0.0131 232 100 253 121
person 0.0122 217 190 264 226
person 0.0105 135 130 148 145
person 0.0093 252 189 279 217
person 0.0093 58 220 64 237
person 0.0088 294 192 319 218
person 0.0067 230 105 245 122
person 0.0059 240 96 269 121
person 0.0056 209 180 236 215
person 0.0055 118 135 129 151
person 0.0050 138 77 358 294
person 0.0050 276 190 296 223
person 0.0049 151 207 167 219
person 0.0047 155 203 169 221
person 0.0046 133 197 169 219
person 0.0043 206 198 218 213
person 0.0042 243 202 262 222
person 0.0040 158 208 167 220
person 0.0033 115 196 128 216
person 0.0032 200 211 210 221
person 0.0031 112 195 145 216
person 0.0030 221 90 335 284
person 0.0030 244 199 277 225
person 0.0029 149 170 320 271
person 0.0029 228 178 264 220
person 0.0028 385 194 398 209
person 0.0028 250 97 280 122
person 0.0027 120 132 138 149
person 0.0027 302 195 326 217
person 0.0025 125 134 136 147
person 0.0024 291 186 310 212
person 0.0022 277 180 300 215
person 0.0022 173 196 190 222
person 0.0020 95 201 100 207
person 0.0019 205 106 222 125
person 0.0019 132 195 152 222
person 0.0018 243 87 265 116
person 0.0017 0 215 4 229
person 0.0016 203 212 216 221
person 0.0016 331 213 349 226
person 0.0016 69 216 82 235
person 0.0016 121 192 140 213
person 0.0015 40 220 49 231
person 0.0015 161 119 173 137
person 0.0015 205 186 217 195
person 0.0014 178 199 198 221
person 0.0013 174 117 190 135
person 0.0013 150 191 167 217
person 0.0013 0 201 3 228
person 0.0013 312 193 331 218
person 0.0013 61 207 74 225
person 0.0011 116 210 127 220
person 0.0011 236 89 259 119
person 0.0011 493 196 499 203
person 0.0010 149 125 163 140
person 0.0010 49 215 63 231
person 0.0010 270 176 294 207
person 0.0010 113 192 125 201
bicycle 0.1892 68 222 80 237
bicycle 0.0883 60 217 79 237
bicycle 0.0238 59 219 71 237
bicycle 0.0039 72 223 90 237
bicycle 0.0014 82 221 95 235
bicycle 0.0010 66 211 84 239
car 0.0156 86 201 97 209
car 0.0089 91 201 98 208
car 0.0018 85 204 92 211
car 0.0012 82 208 98 217
bus 0.9326 97 65 355 297
train 0.0081 463 179 499 206
train 0.0010 463 177 498 193
chair 0.0013 176 115 192 134
