person 0.9277 130 27 336 370
person 0.8536 375 18 500 371
person 0.0299 339 137 361 178
person 0.0287 355 170 375 194
person 0.0189 339 137 355 151
person 0.0180 374 164 397 199
person 0.0152 432 97 447 115
person 0.0113 333 141 364 196
person 0.0112 340 137 359 159
person 0.0108 376 165 394 183
person 0.0088 351 94 414 278
person 0.0077 332 139 399 234
person 0.0070 407 146 424 166
person 0.0066 331 183 352 205
person 0.0057 331 155 347 181
person 0.0055 409 101 421 117
person 0.0050 329 136 354 182
person 0.0049 257 31 353 377
person 0.0045 409 99 425 131
person 0.0045 407 92 450 164
person 0.0037 409 132 428 165
person 0.0036 491 183 500 221
person 0.0034 324 149 348 184
person 0.0034 339 123 356 149
person 0.0034 489 162 499 217
person 0.0031 482 48 499 142
person 0.0031 306 99 318 131
person 0.0029 475 15 499 170
person 0.0028 359 145 407 212
person 0.0024 340 121 350 135
person 0.0022 128 36 229 372
person 0.0019 484 80 500 226
person 0.0019 314 150 329 181
person 0.0018 319 152 352 207
person 0.0018 485 109 500 150
person 0.0018 395 102 440 171
person 0.0017 482 146 499 217
person 0.0017 376 164 414 204
person 0.0015 349 155 380 200
person 0.0015 411 118 430 154
person 0.0014 333 178 365 202
person 0.0014 409 116 425 135
person 0.0013 442 7 500 179
person 0.0012 321 121 380 258
person 0.0012 374 179 395 201
person 0.0012 444 20 501 371
person 0.0011 334 108 358 151
person 0.0010 343 118 357 135
person 0.0010 484 174 499 226
bottle 0.7988 4 160 27 245
bottle 0.7297 26 156 47 244
bottle 0.4914 338 48 352 85
bottle 0.4618 86 156 93 180
bottle 0.4391 93 155 107 180
bottle 0.3488 314 49 330 84
bottle 0.2520 354 50 370 86
bottle 0.2489 63 159 74 180
bottle 0.2434 29 153 40 186
bottle 0.1609 75 158 83 180
bottle 0.1329 72 157 93 181
bottle 0.0818 51 164 61 181
bottle 0.0668 0 162 9 244
bottle 0.0382 78 157 88 178
bottle 0.0296 4 161 14 183
bottle 0.0259 8 162 18 183
bottle 0.0135 3 160 16 194
bottle 0.0121 30 152 42 205
bottle 0.0119 5 162 23 209
bottle 0.0112 49 162 70 181
bottle 0.0107 86 155 103 180
bottle 0.0088 11 155 58 247
bottle 0.0086 0 198 6 243
bottle 0.0064 308 97 319 124
bottle 0.0061 76 166 84 180
bottle 0.0057 5 152 81 277
bottle 0.0055 4 189 18 249
bottle 0.0048 26 157 35 196
bottle 0.0039 7 197 27 229
bottle 0.0032 6 189 26 215
bottle 0.0030 334 49 372 85
bottle 0.0027 0 185 8 209
bottle 0.0024 42 145 120 194
bottle 0.0023 360 54 372 87
bottle 0.0023 28 187 44 215
bottle 0.0022 24 158 37 223
bottle 0.0020 30 152 39 174
bottle 0.0019 310 49 363 84
bottle 0.0019 11 160 19 178
bottle 0.0019 322 99 333 113
bottle 0.0017 13 163 20 182
bottle 0.0017 1 160 9 179
bottle 0.0016 293 49 322 83
bottle 0.0016 317 98 330 122
bottle 0.0015 0 194 6 223
bottle 0.0015 35 156 88 185
bottle 0.0014 327 48 345 86
bottle 0.0014 94 166 107 179
bottle 0.0012 68 150 97 184
bottle 0.0012 318 98 328 113
bottle 0.0011 32 151 50 232
chair 0.0199 0 281 46 372
chair 0.0085 120 258 166 370
chair 0.0019 305 213 380 372
chair 0.0014 161 357 192 374
chair 0.0013 129 318 163 373
chair 0.0011 40 315 72 365
chair 0.0010 123 168 330 369
sofa 0.0021 141 215 437 372
sofa 0.0015 307 209 395 372
tvmonitor 0.0274 0 1 105 45
