person 0.8846 272 130 450 358
person 0.8581 34 91 275 367
person 0.3301 477 305 499 369
person 0.0936 0 4 56 330
person 0.0366 446 308 501 373
person 0.0130 444 330 494 367
person 0.0076 468 337 499 374
person 0.0061 480 306 499 338
person 0.0051 486 303 500 354
person 0.0051 461 234 499 368
person 0.0047 460 302 500 353
person 0.0043 480 277 500 350
person 0.0035 49 93 165 234
person 0.0034 453 1 500 97
person 0.0020 18 37 120 311
person 0.0019 50 0 116 228
person 0.0018 488 304 499 329
person 0.0014 477 319 498 347
person 0.0013 47 61 218 258
person 0.0012 411 9 499 334
bottle 0.0013 52 299 74 328
bottle 0.0010 69 335 119 374
chair 0.2060 415 189 500 348
chair 0.0643 412 185 498 231
chair 0.0281 0 298 74 373
chair 0.0260 458 193 499 232
chair 0.0195 415 210 443 235
chair 0.0146 412 185 449 226
chair 0.0128 271 177 486 365
chair 0.0125 440 230 500 361
chair 0.0062 273 287 287 336
chair 0.0048 423 212 467 350
chair 0.0045 495 207 500 225
chair 0.0043 274 288 337 348
chair 0.0041 433 229 454 353
chair 0.0039 412 177 499 211
chair 0.0034 49 111 125 233
chair 0.0031 48 160 113 229
chair 0.0026 476 194 500 227
chair 0.0025 417 205 504 238
chair 0.0022 412 57 499 319
chair 0.0020 412 211 459 242
chair 0.0020 395 187 482 269
chair 0.0019 466 192 500 216
chair 0.0016 408 187 454 294
chair 0.0015 445 189 501 218
chair 0.0014 1 114 65 371
chair 0.0014 380 195 463 347
chair 0.0013 416 209 445 265
chair 0.0013 452 214 489 231
chair 0.0012 228 256 468 369
chair 0.0011 490 198 499 225
chair 0.0011 411 160 500 256
chair 0.0010 457 217 474 231
chair 0.0010 260 219 276 277
chair 0.0010 3 85 164 369
diningtable 0.0179 147 320 452 371
diningtable 0.0160 280 329 478 374
diningtable 0.0150 54 294 292 376
diningtable 0.0135 38 288 486 380
diningtable 0.0120 279 323 355 369
diningtable 0.0079 250 294 479 378
diningtable 0.0059 176 323 310 374
diningtable 0.0036 14 265 347 361
diningtable 0.0024 387 343 483 374
diningtable 0.0024 2 287 184 372
diningtable 0.0019 241 329 389 376
diningtable 0.0016 247 322 314 373
diningtable 0.0013 -18 178 381 373
diningtable 0.0012 422 323 497 373
diningtable 0.0010 280 334 318 373
diningtable 0.0010 277 311 435 368
tvmonitor 0.0029 414 0 499 217
