person 0.7041 186 325 195 348
person 0.6871 126 320 135 344
person 0.6322 200 323 207 343
person 0.3633 191 324 207 345
person 0.2391 242 326 250 335
person 0.1953 241 325 251 362
person 0.0446 234 325 249 368
person 0.0332 240 324 250 341
person 0.0286 142 320 150 334
person 0.0227 135 318 141 336
person 0.0186 94 320 100 334
person 0.0170 144 321 152 333
person 0.0153 60 320 74 336
person 0.0135 137 317 141 329
person 0.0134 64 317 78 336
person 0.0105 183 325 212 347
person 0.0088 5 315 11 330
person 0.0082 92 316 99 334
person 0.0082 56 322 65 335
person 0.0080 70 315 80 335
person 0.0077 119 324 135 347
person 0.0077 151 321 158 333
person 0.0072 77 314 86 335
person 0.0071 137 316 147 331
person 0.0069 123 319 132 339
person 0.0069 64 324 73 336
person 0.0062 117 319 127 337
person 0.0060 238 326 245 335
person 0.0057 138 322 155 342
person 0.0056 84 319 93 334
person 0.0055 110 319 117 335
person 0.0050 60 324 68 335
person 0.0048 59 318 67 335
person 0.0046 210 322 217 337
person 0.0036 3 311 13 333
person 0.0032 201 320 209 338
person 0.0029 188 323 196 342
person 0.0029 237 325 247 341
person 0.0028 22 323 35 344
person 0.0027 244 324 253 340
person 0.0026 247 328 256 366
person 0.0025 108 320 122 343
person 0.0024 80 314 93 335
person 0.0022 78 312 86 324
person 0.0022 213 316 222 335
person 0.0019 122 320 127 332
person 0.0018 2 321 13 334
person 0.0018 166 335 174 342
person 0.0018 142 330 157 341
person 0.0017 303 306 309 333
person 0.0016 71 314 80 324
person 0.0015 69 326 78 335
person 0.0014 112 320 138 351
person 0.0013 265 324 271 336
person 0.0011 0 314 5 331
person 0.0010 0 338 7 346
person 0.0010 303 318 309 349
bicycle 0.8415 0 353 51 438
bicycle 0.1147 237 327 253 369
bicycle 0.0529 0 347 72 400
bicycle 0.0269 234 333 248 369
bicycle 0.0222 6 354 88 430
bicycle 0.0153 0 342 42 391
bicycle 0.0136 239 343 254 371
bicycle 0.0063 0 342 26 364
bicycle 0.0034 234 347 250 373
bicycle 0.0019 0 351 29 378
bicycle 0.0017 1 361 33 420
bicycle 0.0015 0 341 13 361
bicycle 0.0015 232 335 242 368
bicycle 0.0012 11 352 68 363
bicycle 0.0010 0 353 17 376
bicycle 0.0010 1 347 63 371
bicycle 0.0010 19 355 53 424
bus 0.0019 300 132 334 499
chair 0.0291 11 326 31 344
chair 0.0027 4 326 31 354
chair 0.0015 17 321 33 342
pottedplant 0.0128 135 288 151 298
pottedplant 0.0026 133 284 156 298
