person 0.0214 255 188 269 210
person 0.0184 228 190 241 208
person 0.0116 226 190 235 207
person 0.0080 192 193 205 210
person 0.0056 262 191 271 209
person 0.0049 209 190 221 209
person 0.0046 192 192 219 210
person 0.0035 232 196 242 207
person 0.0031 193 225 209 235
person 0.0027 280 191 289 199
person 0.0023 263 187 271 204
person 0.0020 55 237 63 246
person 0.0011 230 187 237 199
car 0.0645 402 233 419 243
car 0.0203 285 224 306 237
car 0.0119 351 234 368 243
car 0.0104 311 224 328 234
car 0.0069 350 229 371 242
car 0.0049 325 224 345 237
car 0.0037 285 227 299 240
car 0.0035 380 239 399 244
car 0.0033 445 237 459 244
car 0.0031 303 225 317 238
car 0.0028 351 224 375 239
car 0.0026 388 233 419 249
car 0.0026 442 239 453 245
car 0.0024 490 222 499 230
car 0.0023 133 175 154 186
car 0.0020 359 213 375 222
car 0.0018 308 228 322 238
car 0.0017 394 236 416 246
car 0.0016 418 235 449 251
car 0.0016 257 230 274 240
car 0.0016 419 222 442 230
car 0.0015 190 225 209 235
car 0.0014 420 236 445 245
car 0.0013 316 224 341 233
car 0.0012 418 238 439 247
car 0.0012 418 233 459 246
car 0.0011 429 240 450 247
car 0.0011 449 235 461 243
car 0.0010 391 221 407 230
car 0.0010 273 225 298 239
aeroplane 0.5517 5 95 311 196
aeroplane 0.0611 124 100 391 197
aeroplane 0.0357 15 146 173 189
aeroplane 0.0257 284 129 375 191
aeroplane 0.0135 138 123 308 193
aeroplane 0.0129 286 158 373 192
aeroplane 0.0109 13 105 186 191
aeroplane 0.0103 402 171 434 180
aeroplane 0.0102 34 135 71 152
aeroplane 0.0084 27 134 92 165
aeroplane 0.0040 120 94 280 185
aeroplane 0.0036 10 130 75 161
aeroplane 0.0029 16 129 146 167
aeroplane 0.0027 48 136 68 150
aeroplane 0.0025 141 93 178 155
aeroplane 0.0025 122 93 210 173
aeroplane 0.0023 -19 42 498 200
aeroplane 0.0022 362 218 482 247
aeroplane 0.0017 36 139 58 150
aeroplane 0.0016 29 139 63 156
aeroplane 0.0016 205 121 379 193
aeroplane 0.0015 22 138 113 175
aeroplane 0.0015 4 151 36 163
aeroplane 0.0014 0 117 40 166
aeroplane 0.0013 0 137 37 162
aeroplane 0.0013 50 135 82 152
aeroplane 0.0011 14 143 77 166
aeroplane 0.0011 58 112 147 169
train 0.0011 -1 306 166 330
boat 0.0081 448 228 499 246
boat 0.0050 451 278 466 302
boat 0.0032 444 237 460 244
boat 0.0027 458 210 499 240
boat 0.0017 487 221 499 230
boat 0.0014 435 201 500 252
boat 0.0014 441 238 454 245
boat 0.0013 393 225 481 253
boat 0.0013 431 230 480 249
boat 0.0012 425 238 452 249
