person 0.8752 5 81 298 499
person 0.0130 -1 97 151 502
person 0.0106 180 112 296 495
person 0.0060 0 312 81 499
person 0.0042 247 269 296 467
person 0.0036 10 186 291 385
person 0.0029 0 163 69 424
person 0.0020 0 218 43 419
person 0.0014 249 343 292 449
person 0.0014 264 240 297 428
person 0.0011 38 0 106 38
person 0.0010 60 0 133 42
bottle 0.0079 0 325 24 390
bottle 0.0046 251 381 287 458
bottle 0.0016 0 325 26 356
bottle 0.0013 0 344 18 389
bottle 0.0011 0 307 40 389
bottle 0.0010 0 306 28 365
chair 0.0242 283 309 330 336
chair 0.0122 0 307 103 499
chair 0.0087 286 333 333 394
chair 0.0071 287 335 332 366
chair 0.0053 282 310 332 361
chair 0.0045 276 289 322 313
chair 0.0029 275 296 322 335
chair 0.0023 272 36 333 94
chair 0.0019 290 37 332 69
chair 0.0017 318 52 333 63
chair 0.0016 285 365 332 403
chair 0.0014 231 171 319 449
chair 0.0011 316 66 333 78
chair 0.0010 273 278 316 307
sofa 0.0018 -4 223 319 496
