person 0.7818 139 65 330 370
person 0.1422 147 144 177 191
person 0.0763 388 108 409 181
person 0.0399 123 149 176 191
person 0.0352 386 78 418 180
person 0.0343 115 152 137 191
person 0.0325 381 88 425 222
person 0.0257 0 116 41 232
person 0.0219 352 78 473 247
person 0.0214 129 154 154 190
person 0.0195 0 132 18 213
person 0.0168 259 100 302 269
person 0.0145 245 57 310 305
person 0.0142 0 160 14 229
person 0.0139 0 107 20 172
person 0.0138 0 161 15 192
person 0.0123 73 40 283 314
person 0.0121 137 155 153 179
person 0.0120 480 112 500 255
person 0.0118 122 155 143 190
person 0.0108 461 115 499 275
person 0.0087 313 86 394 242
person 0.0083 264 109 297 195
person 0.0080 93 152 115 189
person 0.0078 0 158 9 208
person 0.0074 271 118 294 171
person 0.0073 314 114 334 221
person 0.0073 398 97 503 250
person 0.0063 110 23 454 378
person 0.0058 138 147 166 187
person 0.0053 1 154 28 191
person 0.0051 0 150 16 183
person 0.0050 140 155 152 167
person 0.0049 15 106 40 155
person 0.0048 473 112 499 194
person 0.0045 258 135 282 172
person 0.0044 282 122 294 169
person 0.0042 0 105 15 150
person 0.0040 228 131 308 273
person 0.0039 141 160 153 191
person 0.0038 106 153 128 189
person 0.0038 143 132 173 165
person 0.0038 390 79 418 125
person 0.0036 143 158 162 192
person 0.0032 315 138 329 204
person 0.0032 1 175 43 232
person 0.0031 440 108 496 237
person 0.0030 150 150 175 174
person 0.0027 0 158 10 177
person 0.0027 126 153 140 182
person 0.0026 142 153 158 181
person 0.0026 0 141 22 178
person 0.0025 111 150 132 181
person 0.0025 144 154 155 166
person 0.0025 412 39 499 116
person 0.0023 132 154 272 376
person 0.0020 0 103 41 174
person 0.0019 389 101 450 223
person 0.0018 363 89 500 342
person 0.0018 11 103 44 208
person 0.0018 313 103 329 177
person 0.0018 144 133 160 158
person 0.0018 265 83 340 359
person 0.0015 3 105 31 149
person 0.0015 386 94 409 152
person 0.0013 473 114 499 152
person 0.0013 142 152 153 162
person 0.0013 80 152 92 188
person 0.0013 258 105 288 162
person 0.0013 101 152 115 171
person 0.0013 89 156 108 188
person 0.0013 427 47 500 212
person 0.0012 444 127 471 191
person 0.0012 408 35 433 81
person 0.0012 269 77 295 170
person 0.0012 4 139 35 194
person 0.0011 136 105 307 261
person 0.0011 251 73 305 199
person 0.0011 4 156 39 213
person 0.0011 30 164 42 193
person 0.0011 17 163 40 192
person 0.0010 271 127 327 276
person 0.0010 143 118 195 201
person 0.0010 160 155 177 187
person 0.0010 203 29 422 280
person 0.0010 151 143 177 167
bicycle 0.0019 -27 -4 243 357
motorbike 0.0061 119 233 341 370
bus 0.0065 313 89 392 222
bus 0.0021 0 10 259 383
bus 0.0011 124 9 498 297
train 0.0061 -19 -13 198 375
train 0.0044 303 62 506 349
train 0.0029 118 -5 499 364
bottle 0.0031 312 85 392 210
bottle 0.0020 0 179 15 229
bottle 0.0012 79 158 90 187
bottle 0.0010 243 311 308 369
bottle 0.0010 359 92 372 123
chair 0.2924 107 230 174 374
chair 0.1435 107 227 260 372
chair 0.0050 154 301 255 374
chair 0.0025 121 253 206 374
chair 0.0023 64 321 144 373
chair 0.0015 64 246 141 362
chair 0.0013 118 289 164 375
chair 0.0011 32 271 151 374
pottedplant 0.0012 96 7 177 104
diningtable 0.0016 0 266 69 373
