person 0.1085 466 121 499 201
person 0.0241 492 122 499 152
person 0.0033 486 122 499 168
person 0.0028 0 3 81 146
person 0.0015 476 102 499 172
person 0.0013 489 129 499 158
person 0.0012 466 163 499 203
dog 0.4402 17 1 465 259
dog 0.0834 466 123 499 201
dog 0.0110 0 146 137 264
dog 0.0108 266 2 497 238
dog 0.0029 0 3 230 247
dog 0.0020 473 156 500 200
dog 0.0017 126 17 498 369
dog 0.0014 0 129 99 216
bottle 0.0013 249 333 285 374
sofa 0.0210 0 1 166 148
sofa 0.0033 0 131 85 208
sofa 0.0018 0 3 83 177
sofa 0.0018 15 5 500 154
sofa 0.0012 0 16 139 270
