person 0.9240 185 115 276 304
person 0.5035 198 146 209 173
person 0.0213 0 96 5 121
person 0.0146 179 120 213 175
person 0.0079 289 100 306 121
person 0.0047 303 0 329 15
person 0.0044 191 128 210 170
person 0.0042 289 102 296 118
person 0.0034 296 101 304 112
person 0.0026 290 100 310 132
person 0.0025 6 99 33 111
person 0.0025 288 107 298 120
person 0.0020 289 101 299 112
person 0.0019 192 143 206 174
person 0.0019 174 120 237 294
person 0.0016 19 99 32 111
person 0.0015 195 138 205 156
person 0.0015 200 132 209 168
person 0.0014 0 94 5 105
person 0.0014 295 100 308 117
person 0.0012 288 108 303 130
person 0.0012 176 118 209 151
person 0.0010 191 159 274 255
person 0.0010 184 137 205 154
person 0.0010 172 129 206 163
person 0.0010 301 -3 332 166
car 0.7848 0 97 46 134
car 0.1066 40 109 55 120
car 0.0229 0 107 5 132
car 0.0156 39 109 51 126
car 0.0113 -1 100 6 130
car 0.0059 38 108 47 122
car 0.0049 33 105 50 125
car 0.0027 0 97 20 125
car 0.0020 287 134 305 144
car 0.0019 46 110 58 118
car 0.0013 11 99 39 114
car 0.0013 21 97 55 122
car 0.0011 30 105 47 134
car 0.0011 30 102 63 134
car 0.0010 -1 99 12 133
car 0.0010 0 119 5 133
chair 0.0372 95 226 116 268
