person 0.8049 156 205 332 368
person 0.7665 1 41 234 375
person 0.7538 232 106 496 370
person 0.0160 92 192 469 375
person 0.0047 212 229 277 350
person 0.0032 0 53 165 286
person 0.0029 204 94 358 388
chair 0.1243 433 0 500 138
chair 0.0986 325 0 463 137
chair 0.0207 151 76 257 207
chair 0.0072 0 164 10 229
chair 0.0070 318 6 498 259
chair 0.0063 420 276 500 374
chair 0.0053 3 48 171 240
chair 0.0036 464 53 499 134
chair 0.0031 482 51 499 135
chair 0.0023 323 272 503 373
chair 0.0016 0 76 48 308
chair 0.0011 400 50 497 135
chair 0.0011 432 7 500 304
sofa 0.0863 3 56 483 373
sofa 0.0664 0 79 46 228
sofa 0.0386 150 77 269 207
sofa 0.0289 107 75 356 209
sofa 0.0226 305 127 497 369
sofa 0.0171 9 57 307 231
sofa 0.0141 10 141 319 375
sofa 0.0076 5 38 251 345
sofa 0.0061 92 58 496 244
sofa 0.0019 -12 264 337 372
sofa 0.0019 1 58 156 237
sofa 0.0019 0 85 41 119
sofa 0.0015 0 59 51 337
sofa 0.0014 188 97 402 247
sofa 0.0011 225 217 506 375
