cat 0.1257 8 18 477 291
cat 0.0715 0 31 289 241
cat 0.0554 0 105 46 173
cat 0.0112 0 150 42 175
cat 0.0047 0 102 20 144
cat 0.0041 0 94 92 175
cat 0.0023 109 8 404 194
cat 0.0021 234 104 441 281
cat 0.0011 0 107 24 175
cat 0.0011 172 32 341 247
dog 0.1806 112 29 491 277
dog 0.1340 2 5 313 244
dog 0.0236 313 153 449 283
dog 0.0028 111 9 250 165
dog 0.0013 108 8 363 190
chair 0.0010 0 3 136 75
sofa 0.0210 2 55 497 306
sofa 0.0056 0 49 126 144
sofa 0.0043 0 1 180 135
sofa 0.0017 93 2 486 184
pottedplant 0.0015 223 17 498 275
diningtable 0.0224 4 180 479 304
diningtable 0.0011 -2 143 242 304
