sheep 0.9123 305 145 409 221
sheep 0.8945 79 178 167 262
sheep 0.8865 373 113 418 170
sheep 0.8807 117 95 175 146
sheep 0.8623 167 216 212 263
sheep 0.8226 259 182 308 216
sheep 0.0347 58 46 269 124
sheep 0.0178 65 82 81 101
sheep 0.0095 244 94 287 113
sheep 0.0094 283 183 307 217
sheep 0.0067 243 96 268 114
sheep 0.0043 184 115 193 121
sheep 0.0034 271 94 287 110
sheep 0.0030 186 223 213 263
sheep 0.0019 169 214 182 222
sheep 0.0018 137 196 226 267
sheep 0.0016 149 98 177 144
sheep 0.0015 276 183 328 218
sheep 0.0013 342 105 425 175
sheep 0.0013 100 87 201 159
sheep 0.0013 157 214 194 261
sheep 0.0012 263 183 288 214
sheep 0.0011 113 179 188 262
sheep 0.0010 80 185 130 261
sheep 0.0010 120 94 171 112
sheep 0.0010 87 115 93 119
