person 0.0445 175 78 189 109
person 0.0197 5 116 27 146
person 0.0041 148 82 187 128
person 0.0040 5 120 15 146
person 0.0039 149 79 178 110
person 0.0036 148 94 188 149
person 0.0033 177 78 188 97
person 0.0021 176 85 191 130
person 0.0021 6 131 14 145
person 0.0016 5 116 16 130
person 0.0015 6 128 25 145
person 0.0015 413 94 459 157
person 0.0012 165 94 189 124
person 0.0011 415 112 448 155
dog 0.0098 148 92 185 136
horse 0.0029 147 93 189 151
chair 0.0132 323 184 401 248
chair 0.0107 200 183 259 231
chair 0.0011 0 299 78 372
sofa 0.5094 58 210 473 371
sofa 0.0157 249 244 476 370
sofa 0.0036 80 176 480 277
sofa 0.0014 50 292 481 375
sofa 0.0012 61 112 471 315
