person 0.7992 226 155 263 234
person 0.7748 105 139 152 226
person 0.6192 357 134 404 228
person 0.5275 464 223 471 247
person 0.3686 430 224 442 250
person 0.2080 489 226 499 246
person 0.1842 295 104 340 175
person 0.1829 0 215 20 254
person 0.1565 288 161 316 205
person 0.1244 7 221 23 254
person 0.0910 374 150 448 283
person 0.0707 24 210 39 244
person 0.0666 345 134 415 278
person 0.0637 13 219 25 251
person 0.0622 0 208 17 232
person 0.0579 299 132 445 288
person 0.0568 9 210 18 229
person 0.0563 38 214 53 238
person 0.0542 286 115 329 209
person 0.0532 26 210 37 232
person 0.0481 442 234 452 249
person 0.0456 39 214 61 246
person 0.0455 473 225 496 246
person 0.0418 9 214 22 239
person 0.0410 49 214 61 238
person 0.0377 0 209 7 231
person 0.0373 387 149 429 212
person 0.0367 44 212 59 235
person 0.0365 392 152 421 183
person 0.0338 426 227 439 250
person 0.0329 0 226 11 254
person 0.0304 0 210 9 245
person 0.0301 82 146 173 241
person 0.0295 14 223 40 253
person 0.0281 35 212 45 231
person 0.0266 14 218 26 238
person 0.0234 129 141 172 237
person 0.0219 33 221 55 252
person 0.0215 52 218 70 244
person 0.0215 491 226 499 235
person 0.0206 405 155 421 175
person 0.0187 396 154 448 248
person 0.0166 0 234 7 255
person 0.0158 53 215 62 232
person 0.0151 380 143 415 198
person 0.0150 256 137 274 159
person 0.0148 5 221 58 253
person 0.0144 485 148 499 167
person 0.0137 0 234 18 255
person 0.0124 1 206 14 220
person 0.0124 67 222 77 246
person 0.0123 0 207 6 218
person 0.0117 166 197 195 243
person 0.0113 43 223 66 252
person 0.0108 391 156 408 183
person 0.0108 479 226 489 246
person 0.0107 42 211 53 227
person 0.0103 433 234 441 250
person 0.0099 14 212 26 231
person 0.0094 489 225 498 237
person 0.0093 292 104 348 227
person 0.0092 400 155 446 205
person 0.0087 495 198 499 228
person 0.0084 280 161 314 247
person 0.0084 494 235 499 247
person 0.0078 311 103 341 159
person 0.0070 473 230 483 247
person 0.0066 196 157 326 257
person 0.0066 11 233 26 254
person 0.0063 240 162 269 229
person 0.0062 219 234 236 249
person 0.0061 119 159 173 280
person 0.0061 493 117 499 161
person 0.0058 420 156 434 176
person 0.0057 5 205 18 224
person 0.0056 301 221 317 248
person 0.0055 417 154 438 183
person 0.0052 460 223 474 247
person 0.0050 492 199 499 241
person 0.0048 314 123 421 242
person 0.0041 487 126 500 166
person 0.0040 474 203 484 216
person 0.0038 394 156 423 234
person 0.0038 489 235 496 247
person 0.0037 473 240 480 248
person 0.0037 353 137 440 236
person 0.0033 400 156 428 193
person 0.0033 212 235 224 249
person 0.0032 463 218 470 239
person 0.0032 142 156 172 225
person 0.0032 231 158 291 238
person 0.0031 288 163 306 184
person 0.0030 433 223 442 239
person 0.0029 185 146 291 237
person 0.0028 67 209 98 274
person 0.0027 54 213 63 225
person 0.0027 56 221 77 252
person 0.0027 374 150 402 204
person 0.0025 56 212 67 229
person 0.0024 0 241 5 255
person 0.0024 229 155 258 200
person 0.0023 346 229 373 247
person 0.0023 455 104 461 110
person 0.0023 420 222 448 249
person 0.0023 290 226 310 249
person 0.0023 386 154 413 224
person 0.0022 440 231 458 249
person 0.0022 231 238 248 249
person 0.0020 35 204 48 225
person 0.0020 54 216 97 251
person 0.0020 297 120 323 170
person 0.0019 32 232 50 253
person 0.0019 474 202 485 226
person 0.0018 131 143 154 190
person 0.0017 136 140 171 201
person 0.0017 149 161 172 202
person 0.0017 471 153 477 166
person 0.0017 281 98 391 250
person 0.0017 386 146 409 180
person 0.0016 294 144 320 200
person 0.0016 483 149 494 160
person 0.0016 253 137 277 189
person 0.0016 176 200 194 232
person 0.0016 425 234 435 250
person 0.0016 10 238 21 256
person 0.0015 236 111 345 245
person 0.0015 28 204 40 221
person 0.0015 209 236 219 248
person 0.0014 236 239 254 250
person 0.0014 420 154 444 199
person 0.0014 291 197 322 246
person 0.0014 34 200 43 222
person 0.0014 0 212 38 256
person 0.0014 23 207 55 236
person 0.0013 358 133 392 190
person 0.0013 225 236 242 250
person 0.0013 0 194 13 213
person 0.0013 21 231 45 253
person 0.0013 465 220 469 232
person 0.0013 140 129 175 181
person 0.0013 0 196 8 212
person 0.0012 0 201 27 236
person 0.0012 482 152 492 171
person 0.0012 166 223 177 245
person 0.0012 88 140 137 226
person 0.0012 167 205 187 270
person 0.0012 494 136 499 157
person 0.0011 379 150 401 180
person 0.0011 241 141 273 198
person 0.0011 286 123 316 168
person 0.0011 494 118 499 141
person 0.0010 386 163 397 178
person 0.0010 451 231 465 248
person 0.0010 417 224 437 251
person 0.0010 469 239 478 248
horse 0.8985 283 155 450 289
horse 0.8822 170 164 313 285
horse 0.8796 57 164 174 284
horse 0.0337 371 153 448 288
horse 0.0199 284 185 317 254
horse 0.0167 165 198 194 254
horse 0.0117 275 176 330 267
horse 0.0100 283 214 309 249
horse 0.0070 113 159 173 281
horse 0.0068 144 186 191 256
horse 0.0066 34 222 67 255
horse 0.0065 146 194 232 274
horse 0.0059 290 223 316 249
horse 0.0043 230 186 415 285
horse 0.0041 288 228 307 249
horse 0.0035 54 204 114 280
horse 0.0033 167 197 211 282
horse 0.0031 169 199 193 229
horse 0.0029 346 152 415 286
horse 0.0025 296 213 328 250
horse 0.0025 300 219 321 245
horse 0.0024 248 163 316 278
horse 0.0024 74 195 317 285
horse 0.0024 337 216 377 260
horse 0.0022 215 231 231 252
horse 0.0021 219 173 271 279
horse 0.0020 42 232 66 253
horse 0.0020 55 219 78 254
horse 0.0019 289 202 340 256
horse 0.0019 213 227 243 250
horse 0.0018 17 198 105 261
horse 0.0016 1 209 61 255
horse 0.0016 349 230 376 247
horse 0.0015 -4 182 156 277
horse 0.0014 85 153 160 262
horse 0.0014 312 205 378 274
horse 0.0011 280 167 315 234
horse 0.0011 149 173 220 252
horse 0.0010 56 215 159 282
