person 0.0150 256 218 261 228
person 0.0094 11 244 16 252
person 0.0068 398 186 404 191
person 0.0064 307 202 322 215
person 0.0029 296 207 320 218
person 0.0022 474 232 484 240
person 0.0019 11 241 19 249
person 0.0019 283 198 289 213
person 0.0018 472 232 485 246
person 0.0018 462 232 483 250
person 0.0015 284 205 290 217
person 0.0014 465 232 478 242
person 0.0013 54 235 63 250
person 0.0013 284 234 297 253
person 0.0012 25 228 42 248
person 0.0011 55 242 66 249
person 0.0010 284 204 316 217
person 0.0010 464 230 471 244
car 0.0859 82 198 99 205
car 0.0435 0 222 8 230
car 0.0411 105 198 125 205
car 0.0259 167 202 181 209
car 0.0191 51 199 68 207
car 0.0185 43 201 49 205
car 0.0150 44 201 61 207
car 0.0071 46 201 57 206
car 0.0061 42 201 52 207
car 0.0060 252 231 276 238
car 0.0041 206 231 269 241
car 0.0040 98 199 110 204
car 0.0039 84 200 97 206
car 0.0038 308 202 323 211
car 0.0033 426 169 441 181
car 0.0029 402 172 440 184
car 0.0028 220 232 246 241
car 0.0027 420 172 440 183
car 0.0025 458 233 486 254
car 0.0025 121 200 140 204
car 0.0021 0 225 6 232
car 0.0020 68 201 77 206
car 0.0020 335 161 358 168
car 0.0019 356 246 373 253
car 0.0017 0 269 21 282
car 0.0016 34 202 47 207
car 0.0015 471 231 485 247
car 0.0014 60 201 70 206
car 0.0013 11 241 29 251
car 0.0013 404 173 427 181
car 0.0010 312 203 342 212
car 0.0010 262 233 278 238
aeroplane 0.4402 8 126 499 217
aeroplane 0.1975 2 103 293 212
aeroplane 0.0882 163 145 493 262
aeroplane 0.0265 321 180 486 256
aeroplane 0.0109 385 121 480 147
aeroplane 0.0081 18 153 367 217
aeroplane 0.0078 239 203 301 234
aeroplane 0.0076 0 100 171 196
aeroplane 0.0073 204 154 233 162
aeroplane 0.0072 157 163 413 225
aeroplane 0.0070 308 122 484 166
aeroplane 0.0047 182 112 494 179
aeroplane 0.0045 370 165 439 194
aeroplane 0.0044 423 170 441 184
aeroplane 0.0034 327 94 493 267
aeroplane 0.0027 382 91 488 161
aeroplane 0.0021 298 125 480 218
aeroplane 0.0016 335 161 358 168
aeroplane 0.0015 387 121 482 182
aeroplane 0.0014 403 171 438 185
aeroplane 0.0011 0 269 21 282
aeroplane 0.0010 393 155 460 188
aeroplane 0.0010 453 230 487 255
bird 0.0036 447 9 453 20
