person 0.9022 174 87 265 315
person 0.7723 98 96 175 333
person 0.0831 149 234 181 325
person 0.0237 109 189 173 314
person 0.0102 96 152 156 261
person 0.0088 4 105 25 135
person 0.0087 135 382 156 401
person 0.0051 117 331 156 404
person 0.0050 132 104 184 353
person 0.0049 100 118 169 234
person 0.0042 44 128 174 366
person 0.0038 221 212 256 309
person 0.0037 125 223 167 303
person 0.0024 121 176 175 440
person 0.0023 0 206 22 253
person 0.0022 127 242 173 367
person 0.0019 0 206 22 228
person 0.0018 45 159 285 443
person 0.0017 126 351 158 399
person 0.0015 136 129 170 236
person 0.0013 99 184 172 251
person 0.0012 145 94 217 335
person 0.0012 0 108 14 133
person 0.0011 89 184 159 350
person 0.0010 0 100 27 210
person 0.0010 104 96 236 285
bicycle 0.1959 48 330 135 498
bicycle 0.0340 34 245 153 508
bicycle 0.0017 93 296 156 483
bicycle 0.0012 49 364 91 493
bicycle 0.0010 1 356 31 391
motorbike 0.8105 230 203 378 501
motorbike 0.7726 26 185 170 499
motorbike 0.5329 0 207 35 378
motorbike 0.0520 0 239 22 385
motorbike 0.0217 0 249 49 404
motorbike 0.0078 0 206 23 315
motorbike 0.0061 222 211 255 306
motorbike 0.0050 -1 204 74 376
motorbike 0.0048 10 250 42 334
motorbike 0.0038 12 190 162 356
motorbike 0.0036 71 249 160 478
motorbike 0.0028 1 290 36 376
motorbike 0.0024 0 315 30 393
motorbike 0.0021 -2 107 403 469
motorbike 0.0020 0 209 26 269
motorbike 0.0017 9 289 45 353
motorbike 0.0015 3 210 43 309
motorbike 0.0015 0 248 31 334
motorbike 0.0015 85 173 178 387
motorbike 0.0014 115 164 324 357
motorbike 0.0014 -45 201 45 382
motorbike 0.0013 -9 191 19 393
motorbike 0.0013 10 229 56 356
motorbike 0.0013 118 207 172 376
motorbike 0.0011 0 205 24 234
motorbike 0.0010 13 251 38 304
bird 0.0018 196 469 209 477
sheep 0.0012 144 45 156 54
bottle 0.0011 145 144 165 216
pottedplant 0.0012 0 26 45 123
