person 0.8631 0 254 24 332
person 0.0166 177 286 185 296
person 0.0097 178 287 183 295
person 0.0090 200 285 208 306
person 0.0074 187 286 192 297
person 0.0072 11 257 27 334
person 0.0046 193 285 207 305
person 0.0031 183 287 193 299
person 0.0030 0 277 13 323
person 0.0023 0 279 7 313
person 0.0022 0 257 22 288
person 0.0022 172 287 182 296
person 0.0017 178 286 192 307
person 0.0016 202 288 209 305
person 0.0015 1 255 20 273
person 0.0015 217 294 222 305
person 0.0013 182 290 195 312
person 0.0011 17 287 27 323
person 0.0011 3 255 17 265
person 0.0010 21 257 34 325
car 0.0031 149 292 193 317
