person 0.7679 217 145 500 332
person 0.2821 23 -1 82 173
person 0.0788 13 2 103 279
person 0.0518 0 88 24 112
person 0.0345 473 72 499 149
person 0.0186 481 70 500 119
person 0.0171 224 131 401 299
person 0.0149 394 72 432 156
person 0.0134 18 51 138 210
person 0.0071 26 0 97 105
person 0.0066 94 17 125 47
person 0.0057 491 90 500 139
person 0.0043 483 108 499 156
person 0.0036 441 274 500 334
person 0.0033 487 77 500 129
person 0.0030 341 72 450 158
person 0.0028 1 23 69 248
person 0.0028 0 61 23 111
person 0.0027 21 -1 134 156
person 0.0027 83 118 453 325
person 0.0025 410 73 486 155
person 0.0025 218 131 316 323
person 0.0024 467 86 500 202
person 0.0024 478 61 499 93
person 0.0023 0 85 27 155
person 0.0022 371 70 422 156
person 0.0022 229 90 253 121
person 0.0021 63 65 153 283
person 0.0019 0 9 31 110
person 0.0018 427 90 499 264
person 0.0017 95 3 168 47
person 0.0017 492 104 500 127
person 0.0015 0 70 30 225
person 0.0015 91 7 134 53
person 0.0015 108 99 199 197
person 0.0014 21 66 86 205
person 0.0014 457 61 500 134
person 0.0012 88 13 132 88
person 0.0012 429 85 487 129
person 0.0012 396 106 423 157
person 0.0011 146 94 211 205
person 0.0011 62 55 123 132
person 0.0011 0 97 7 113
bicycle 0.0424 84 183 460 338
bicycle 0.0239 115 212 161 275
bicycle 0.0103 102 157 164 271
bicycle 0.0047 76 218 162 276
bicycle 0.0038 137 220 358 335
bicycle 0.0028 4 152 158 269
bicycle 0.0019 52 136 271 330
bicycle 0.0017 43 251 437 337
bicycle 0.0016 210 192 324 337
bicycle 0.0014 66 77 156 272
bicycle 0.0014 133 314 245 337
bicycle 0.0013 156 267 325 338
bicycle 0.0010 91 146 222 271
bicycle 0.0010 50 200 203 311
bicycle 0.0010 222 198 285 328
car 0.5809 121 90 204 139
car 0.1192 165 85 232 127
car 0.1178 234 72 401 152
car 0.1022 225 75 304 119
car 0.0838 186 95 230 125
car 0.0777 84 93 149 134
car 0.0564 105 95 155 128
car 0.0526 0 88 24 112
car 0.0523 93 93 120 128
car 0.0380 98 102 118 126
car 0.0307 124 94 159 122
car 0.0263 95 103 140 139
car 0.0214 105 63 203 103
car 0.0196 268 70 400 102
car 0.0185 426 79 499 157
car 0.0164 225 80 255 120
car 0.0140 81 91 115 120
car 0.0139 158 82 223 104
car 0.0124 26 72 138 173
car 0.0117 93 93 113 117
car 0.0111 317 71 391 94
car 0.0095 226 71 309 99
car 0.0080 193 84 220 100
car 0.0078 424 116 495 156
car 0.0069 82 77 143 121
car 0.0064 91 100 144 170
car 0.0063 154 96 199 139
car 0.0063 81 83 203 166
car 0.0059 118 85 185 126
car 0.0057 348 70 446 156
car 0.0052 148 83 209 114
car 0.0051 73 85 144 205
car 0.0047 90 97 185 198
car 0.0045 191 90 260 125
car 0.0045 68 90 130 153
car 0.0044 237 89 294 121
car 0.0042 471 107 499 156
car 0.0037 232 89 394 128
car 0.0037 490 119 500 150
car 0.0037 325 71 371 90
car 0.0034 220 68 360 108
car 0.0033 98 115 122 137
car 0.0031 95 85 134 124
car 0.0028 180 94 212 132
car 0.0028 484 114 499 151
car 0.0027 101 70 168 107
car 0.0026 44 62 165 238
car 0.0025 148 82 165 98
car 0.0024 105 101 187 160
car 0.0023 432 67 497 109
car 0.0022 77 92 120 136
car 0.0021 111 160 180 196
car 0.0021 126 78 231 153
car 0.0020 167 63 358 144
car 0.0019 158 91 196 116
car 0.0019 276 69 444 129
car 0.0018 428 102 499 190
car 0.0018 84 109 126 146
car 0.0015 330 71 418 101
car 0.0015 102 60 218 139
car 0.0015 108 80 160 118
car 0.0014 186 82 226 111
car 0.0013 129 81 175 115
car 0.0013 101 98 128 124
car 0.0013 106 109 149 142
car 0.0012 418 86 500 240
car 0.0012 108 100 132 120
car 0.0012 110 79 145 103
car 0.0012 184 104 207 135
car 0.0011 196 90 325 131
car 0.0011 122 101 149 125
car 0.0011 82 73 122 111
car 0.0011 141 93 185 137
car 0.0010 92 70 436 168
motorbike 0.3583 213 146 478 337
motorbike 0.1543 132 208 452 336
motorbike 0.0324 251 274 499 335
motorbike 0.0141 5 130 422 339
motorbike 0.0038 439 268 500 334
motorbike 0.0027 218 227 396 337
motorbike 0.0023 98 283 486 338
bottle 0.0021 128 226 162 275
bottle 0.0010 453 313 494 337
