person 0.0170 371 217 376 234
person 0.0163 361 215 367 227
person 0.0099 361 215 369 233
person 0.0082 363 215 376 234
person 0.0012 133 208 212 254
person 0.0010 151 225 168 238
car 0.0597 21 227 48 237
car 0.0229 34 229 51 238
car 0.0169 8 225 52 239
car 0.0072 0 225 24 235
car 0.0030 8 224 90 237
car 0.0019 0 222 42 236
car 0.0018 24 230 45 240
car 0.0016 40 231 50 238
car 0.0015 3 229 54 243
car 0.0010 18 223 41 235
car 0.0010 115 228 128 235
train 0.7996 140 206 301 254
train 0.1863 140 210 223 255
train 0.0128 230 206 301 239
train 0.0117 176 205 364 240
train 0.0063 74 218 91 239
train 0.0051 125 192 439 248
train 0.0047 1 216 57 240
train 0.0041 479 200 500 216
train 0.0030 494 199 499 214
train 0.0030 0 224 24 237
train 0.0028 0 225 38 242
train 0.0026 4 209 120 239
train 0.0021 375 181 402 208
train 0.0016 216 185 451 227
train 0.0016 42 218 105 238
train 0.0014 50 206 245 255
train 0.0014 73 205 101 237
train 0.0013 28 201 182 242
train 0.0012 21 219 60 236
train 0.0012 350 183 408 209
train 0.0012 146 175 311 212
train 0.0011 122 173 328 261
bird 0.0018 203 83 207 89
bird 0.0016 243 88 248 95
