person 0.0347 130 0 287 51
person 0.0112 211 0 297 39
person 0.0102 223 0 260 12
person 0.0072 0 1 187 90
person 0.0061 282 0 325 39
person 0.0053 1 2 167 297
person 0.0046 168 0 269 17
person 0.0037 61 0 363 78
person 0.0037 224 0 283 26
person 0.0028 171 0 208 10
person 0.0027 19 -3 499 171
person 0.0027 195 0 269 33
person 0.0026 -1 -2 313 131
person 0.0024 225 0 246 10
person 0.0023 124 0 213 57
person 0.0017 237 0 257 9
person 0.0016 290 4 454 218
person 0.0013 324 20 493 282
person 0.0012 169 0 252 42
person 0.0011 178 17 492 368
cat 0.0965 331 31 427 235
cat 0.0085 224 21 448 241
cat 0.0053 0 66 85 280
dog 0.1524 333 35 428 233
dog 0.0181 330 13 498 274
sofa 0.0155 318 1 498 165
sofa 0.0126 328 13 499 342
sofa 0.0045 315 0 497 74
sofa 0.0029 182 10 489 351
diningtable 0.0434 413 164 499 336
diningtable 0.0015 454 187 499 328
