person 0.1813 92 157 371 500
person 0.0404 0 252 53 327
person 0.0070 0 230 67 430
person 0.0060 314 406 375 499
person 0.0056 0 280 87 483
person 0.0032 0 313 30 497
person 0.0029 315 453 374 499
person 0.0025 0 252 20 294
person 0.0024 0 264 61 373
person 0.0022 0 170 30 341
person 0.0022 354 465 375 497
person 0.0017 0 233 37 307
person 0.0013 0 210 21 309
person 0.0013 355 419 374 494
person 0.0011 0 282 42 436
person 0.0010 0 363 18 498
bottle 0.4811 261 88 278 148
bottle 0.2861 207 109 232 178
bottle 0.1291 245 98 259 135
bottle 0.1250 273 79 297 147
bottle 0.0601 219 103 242 134
bottle 0.0585 187 101 198 124
bottle 0.0554 231 102 244 135
bottle 0.0382 218 103 234 129
bottle 0.0331 254 97 264 137
bottle 0.0288 232 98 254 133
bottle 0.0225 213 106 232 137
bottle 0.0193 202 59 248 134
bottle 0.0145 208 110 225 141
bottle 0.0142 200 113 221 144
bottle 0.0127 207 94 240 129
bottle 0.0126 247 99 265 146
bottle 0.0110 224 96 241 127
bottle 0.0103 181 100 199 131
bottle 0.0098 219 93 276 139
bottle 0.0080 231 124 260 166
bottle 0.0076 198 120 211 144
bottle 0.0070 175 122 203 142
bottle 0.0067 232 97 242 125
bottle 0.0064 251 97 260 125
bottle 0.0064 183 431 218 500
bottle 0.0058 232 119 246 133
bottle 0.0058 210 104 224 130
bottle 0.0057 158 81 201 129
bottle 0.0048 159 88 237 137
bottle 0.0041 218 103 232 163
bottle 0.0041 260 100 277 130
bottle 0.0032 189 99 202 122
bottle 0.0031 247 98 259 115
bottle 0.0026 204 110 217 137
bottle 0.0019 186 469 218 500
bottle 0.0017 222 93 235 119
bottle 0.0016 260 116 278 150
bottle 0.0014 210 122 231 144
bottle 0.0011 207 137 231 168
bottle 0.0011 278 102 296 130
bottle 0.0010 264 88 277 120
chair 0.2302 0 160 111 463
chair 0.0775 6 400 99 499
chair 0.0719 2 251 55 332
chair 0.0345 2 159 102 326
chair 0.0241 0 312 83 423
chair 0.0172 0 278 66 390
chair 0.0109 202 57 250 125
chair 0.0089 26 432 106 500
chair 0.0072 12 158 205 458
chair 0.0069 2 327 121 497
chair 0.0067 43 492 98 500
chair 0.0032 154 80 205 130
chair 0.0030 33 466 101 500
chair 0.0029 0 242 83 348
chair 0.0028 19 373 162 501
chair 0.0027 0 191 55 356
chair 0.0026 76 374 269 499
chair 0.0023 317 387 374 497
chair 0.0018 0 256 20 295
chair 0.0016 10 168 99 260
chair 0.0016 63 493 101 499
chair 0.0014 6 445 49 497
chair 0.0013 32 424 204 500
chair 0.0012 355 466 375 492
chair 0.0011 1 155 51 279
sofa 0.0342 24 119 375 501
sofa 0.0047 104 378 378 499
sofa 0.0017 296 177 374 411
sofa 0.0016 113 196 374 443
pottedplant 0.0046 206 57 250 109
diningtable 0.0141 -1 166 115 492
diningtable 0.0086 0 322 90 429
diningtable 0.0011 2 70 231 462
tvmonitor 0.0055 152 81 202 131
