person 0.5721 36 155 43 171
person 0.2604 30 155 41 171
person 0.2041 28 157 36 172
person 0.1611 38 157 46 173
person 0.1576 47 158 57 176
person 0.0967 21 155 28 177
person 0.0760 39 154 45 168
person 0.0498 51 158 59 175
person 0.0386 66 160 75 178
person 0.0337 60 162 73 181
person 0.0312 63 160 72 174
person 0.0234 43 159 54 176
person 0.0233 48 156 57 169
person 0.0221 377 170 383 193
person 0.0219 37 154 43 161
person 0.0218 175 164 190 178
person 0.0173 181 164 199 176
person 0.0148 240 173 251 184
person 0.0143 54 161 67 178
person 0.0141 188 165 200 175
person 0.0106 274 166 282 183
person 0.0104 245 172 257 184
person 0.0104 30 154 35 161
person 0.0101 49 161 63 178
person 0.0077 30 155 52 172
person 0.0074 173 162 183 177
person 0.0070 186 139 193 144
person 0.0070 377 161 390 194
person 0.0067 52 153 62 168
person 0.0067 174 168 184 178
person 0.0064 224 155 232 166
person 0.0063 446 167 458 185
person 0.0058 254 171 264 185
person 0.0056 275 172 283 182
person 0.0046 135 132 141 138
person 0.0041 51 148 61 157
person 0.0039 272 166 278 178
person 0.0038 247 165 260 178
person 0.0033 229 173 240 184
person 0.0033 241 166 255 178
person 0.0030 168 163 193 182
person 0.0030 42 153 48 161
person 0.0029 245 166 264 185
person 0.0028 166 163 180 177
person 0.0027 379 154 396 192
person 0.0027 43 153 65 179
person 0.0025 213 163 224 178
person 0.0024 19 162 27 178
person 0.0024 21 151 45 172
person 0.0024 147 152 199 189
person 0.0018 269 170 279 183
person 0.0017 233 165 248 179
person 0.0017 186 168 208 178
person 0.0017 185 138 196 145
person 0.0017 224 169 264 200
person 0.0017 226 161 234 167
person 0.0016 189 138 203 145
person 0.0016 365 170 383 191
person 0.0016 146 140 217 200
person 0.0016 248 175 259 187
person 0.0015 252 174 266 187
person 0.0014 17 154 31 178
person 0.0013 147 140 156 147
person 0.0013 102 181 113 206
person 0.0013 161 159 182 177
person 0.0013 102 167 108 207
person 0.0012 228 165 243 178
person 0.0012 226 174 234 184
person 0.0011 214 167 227 184
person 0.0011 168 151 198 176
person 0.0011 243 164 259 171
person 0.0011 275 165 287 182
person 0.0010 20 167 26 179
person 0.0010 447 174 457 185
person 0.0010 29 153 38 163
person 0.0010 239 159 255 168
person 0.0010 208 162 218 179
car 0.8923 209 165 270 214
car 0.5960 287 168 313 181
car 0.4257 73 157 88 175
car 0.1500 287 170 303 181
car 0.0582 66 158 80 177
car 0.0235 75 150 90 169
car 0.0184 63 152 89 172
car 0.0152 64 156 82 169
car 0.0139 66 157 77 167
car 0.0126 299 167 315 180
car 0.0047 291 166 313 176
car 0.0041 79 156 92 169
car 0.0037 52 147 62 155
car 0.0037 61 157 72 167
car 0.0031 83 160 89 176
car 0.0029 275 172 283 182
car 0.0029 210 163 223 180
car 0.0026 210 163 223 171
car 0.0026 223 155 233 166
car 0.0025 214 164 224 169
car 0.0024 57 155 76 169
car 0.0021 287 163 315 187
car 0.0021 260 177 270 186
car 0.0019 273 166 294 182
car 0.0017 102 180 108 194
car 0.0015 102 160 107 183
car 0.0013 301 167 314 174
car 0.0011 75 143 91 162
car 0.0010 264 178 271 185
bus 0.8805 106 132 213 216
bus 0.0020 118 132 211 180
bird 0.0011 116 29 134 36
chair 0.0026 445 167 459 185
pottedplant 0.0138 381 149 396 194
pottedplant 0.0050 423 174 457 198
pottedplant 0.0045 394 185 406 198
pottedplant 0.0015 375 145 406 196
pottedplant 0.0014 382 142 398 166
