person 0.8527 288 149 351 292
person 0.8508 167 31 292 306
person 0.0138 224 122 262 189
person 0.0112 310 149 351 246
person 0.0105 262 136 303 172
person 0.0096 0 321 4 333
person 0.0089 489 63 500 106
person 0.0076 227 139 263 175
person 0.0076 298 162 347 216
person 0.0048 202 85 303 240
person 0.0037 493 85 499 106
person 0.0028 475 61 488 107
person 0.0025 281 137 306 172
person 0.0023 326 152 351 285
person 0.0014 232 106 287 170
person 0.0014 252 121 293 171
person 0.0014 489 82 498 106
person 0.0013 267 135 343 179
person 0.0010 130 30 245 311
car 0.0031 487 55 500 62
bottle 0.0516 335 56 342 71
bottle 0.0281 326 58 336 71
bottle 0.0241 343 325 354 333
bottle 0.0030 479 89 485 106
bottle 0.0028 474 89 483 107
bottle 0.0023 328 55 339 69
bottle 0.0020 299 70 318 84
bottle 0.0018 324 57 341 71
chair 0.0277 301 136 355 173
chair 0.0116 230 136 260 173
chair 0.0018 231 128 286 175
pottedplant 0.1635 298 0 340 19
pottedplant 0.1469 238 38 297 169
pottedplant 0.1450 356 96 389 125
pottedplant 0.1362 301 132 355 169
pottedplant 0.0712 294 114 342 143
pottedplant 0.0618 259 102 312 170
pottedplant 0.0494 259 145 298 173
pottedplant 0.0420 302 0 344 46
pottedplant 0.0394 273 105 350 167
pottedplant 0.0226 389 1 446 109
pottedplant 0.0191 353 0 387 29
pottedplant 0.0183 275 0 342 36
pottedplant 0.0171 265 65 349 161
pottedplant 0.0168 3 112 106 182
pottedplant 0.0138 276 136 305 169
pottedplant 0.0132 242 46 287 126
pottedplant 0.0121 230 142 262 176
pottedplant 0.0117 0 0 63 119
pottedplant 0.0101 355 15 371 31
pottedplant 0.0091 166 75 186 98
pottedplant 0.0085 465 120 500 149
pottedplant 0.0074 357 95 384 107
pottedplant 0.0071 264 107 300 144
pottedplant 0.0067 477 120 500 139
pottedplant 0.0057 271 0 331 16
pottedplant 0.0056 270 115 304 165
pottedplant 0.0051 311 0 337 15
pottedplant 0.0049 295 85 356 148
pottedplant 0.0048 298 0 323 16
pottedplant 0.0036 373 0 390 14
pottedplant 0.0036 245 42 331 152
pottedplant 0.0033 277 132 303 151
pottedplant 0.0024 108 150 175 183
pottedplant 0.0024 394 58 431 110
pottedplant 0.0024 195 33 297 141
pottedplant 0.0023 310 3 335 25
pottedplant 0.0022 165 68 193 102
pottedplant 0.0022 280 112 308 154
pottedplant 0.0022 325 57 340 71
pottedplant 0.0021 353 0 378 19
pottedplant 0.0020 347 97 395 153
pottedplant 0.0018 491 122 499 136
pottedplant 0.0016 94 122 151 180
pottedplant 0.0016 277 55 346 113
pottedplant 0.0016 74 101 151 170
pottedplant 0.0015 367 26 442 120
pottedplant 0.0015 306 118 333 141
pottedplant 0.0014 233 82 285 160
pottedplant 0.0013 243 91 348 196
pottedplant 0.0012 437 0 500 39
pottedplant 0.0012 1 49 111 180
pottedplant 0.0011 317 122 337 139
pottedplant 0.0011 52 107 129 150
pottedplant 0.0011 480 126 500 149
pottedplant 0.0011 264 101 327 142
tvmonitor 0.0068 294 136 356 172
