person 0.4564 5 16 471 376
person 0.0345 8 17 245 343
person 0.0123 141 92 435 325
person 0.0097 0 51 71 372
person 0.0088 176 279 501 371
person 0.0082 241 158 341 268
person 0.0046 1 19 123 341
person 0.0039 218 161 497 371
person 0.0014 451 322 499 373
person 0.0010 68 61 349 296
person 0.0010 0 25 42 317
bottle 0.0376 424 117 467 171
bottle 0.0281 425 110 498 163
bottle 0.0132 468 165 499 197
bottle 0.0087 424 122 447 169
bottle 0.0066 423 66 498 173
bottle 0.0030 442 117 472 162
bottle 0.0027 432 130 497 194
bottle 0.0020 467 177 492 204
bottle 0.0019 442 134 466 157
bottle 0.0018 427 101 461 153
bottle 0.0017 456 158 500 265
bottle 0.0016 433 111 457 145
bottle 0.0014 247 147 339 257
bottle 0.0013 269 143 339 175
bottle 0.0011 440 122 453 144
bottle 0.0011 433 132 459 164
bottle 0.0011 423 134 472 190
chair 0.0056 0 102 62 370
chair 0.0022 384 198 500 337
sofa 0.0010 442 322 499 371
pottedplant 0.1420 476 67 499 118
pottedplant 0.0679 453 66 499 151
pottedplant 0.0211 423 113 483 173
pottedplant 0.0155 422 65 500 187
pottedplant 0.0064 481 86 500 126
pottedplant 0.0050 475 76 499 151
pottedplant 0.0037 487 89 499 115
pottedplant 0.0030 477 65 498 94
pottedplant 0.0013 485 64 499 106
tvmonitor 0.0280 237 148 387 297
tvmonitor 0.0025 256 0 498 293
