person 0.6229 250 6 381 319
person 0.2502 170 0 225 39
person 0.1479 414 21 479 58
person 0.1286 0 0 19 11
person 0.0778 195 0 246 39
person 0.0728 365 22 396 85
person 0.0470 134 6 400 345
person 0.0428 406 18 480 86
person 0.0288 213 0 274 41
person 0.0270 207 0 240 13
person 0.0251 254 0 360 138
person 0.0236 364 6 479 99
person 0.0180 126 0 158 14
person 0.0178 0 0 23 37
person 0.0168 318 299 426 359
person 0.0144 127 -1 168 30
person 0.0142 464 294 479 358
person 0.0135 381 54 415 88
person 0.0124 445 294 480 359
person 0.0115 206 0 237 31
person 0.0115 177 0 240 18
person 0.0103 371 1 476 59
person 0.0085 238 -1 273 35
person 0.0073 241 0 270 13
person 0.0072 367 17 430 94
person 0.0067 462 16 479 49
person 0.0059 125 0 193 40
person 0.0056 172 0 212 14
person 0.0056 257 0 311 134
person 0.0046 237 -1 292 49
person 0.0043 229 0 275 95
person 0.0039 457 0 479 46
person 0.0035 172 17 225 42
person 0.0028 131 12 180 39
person 0.0028 471 25 479 49
person 0.0027 472 39 480 81
person 0.0026 202 6 268 101
person 0.0025 380 28 419 87
person 0.0023 1 24 266 110
person 0.0020 131 19 161 35
person 0.0020 167 2 250 83
person 0.0019 0 1 26 63
person 0.0017 251 11 292 153
person 0.0016 183 3 386 171
person 0.0016 168 6 224 65
person 0.0016 163 10 206 37
person 0.0014 0 1 55 37
person 0.0012 0 -24 21 19
person 0.0012 219 5 250 41
person 0.0011 406 0 480 42
person 0.0011 215 0 258 17
person 0.0011 372 27 395 61
person 0.0010 453 321 479 359
person 0.0010 133 23 154 33
person 0.0010 283 13 393 222
car 0.0017 48 299 451 357
bird 0.0026 451 292 479 354
bird 0.0015 463 292 479 337
cat 0.0021 -2 28 158 119
cat 0.0014 18 126 372 352
dog 0.0035 12 80 379 353
dog 0.0010 -2 29 132 119
sheep 0.0194 56 98 369 353
bottle 0.3328 458 56 474 111
bottle 0.2209 471 58 479 113
bottle 0.1037 433 56 460 109
bottle 0.0254 276 3 305 74
bottle 0.0205 425 46 470 110
bottle 0.0199 472 82 479 114
bottle 0.0177 390 59 416 89
bottle 0.0135 472 50 480 90
bottle 0.0115 473 53 479 78
bottle 0.0104 472 67 479 94
bottle 0.0075 465 69 479 116
bottle 0.0068 240 0 271 13
bottle 0.0037 385 37 416 90
bottle 0.0035 465 55 478 80
bottle 0.0034 378 58 392 83
bottle 0.0034 367 58 391 89
bottle 0.0034 458 58 473 81
bottle 0.0026 370 34 398 91
bottle 0.0023 386 57 405 84
bottle 0.0022 462 39 480 105
bottle 0.0019 468 55 480 75
bottle 0.0016 361 0 377 11
bottle 0.0014 460 71 476 100
bottle 0.0013 472 98 479 115
bottle 0.0013 41 0 59 8
bottle 0.0010 433 72 457 102
chair 0.0020 24 226 432 351
chair 0.0017 0 8 27 42
diningtable 0.0039 7 249 451 355
diningtable 0.0012 18 319 332 356
