person 0.6200 0 97 22 162
person 0.3913 288 100 310 114
person 0.3291 0 111 15 220
person 0.3176 427 104 436 123
person 0.1993 436 107 446 122
person 0.1697 431 106 442 123
person 0.1686 487 102 495 119
person 0.1318 454 108 465 122
person 0.1189 399 106 410 121
person 0.0939 385 106 392 116
person 0.0936 308 102 326 115
person 0.0932 224 101 243 114
person 0.0746 294 100 319 115
person 0.0744 408 107 421 122
person 0.0716 492 103 499 118
person 0.0679 391 107 401 118
person 0.0548 414 107 427 123
person 0.0489 10 102 27 154
person 0.0486 21 103 36 131
person 0.0480 447 107 461 121
person 0.0479 479 101 488 120
person 0.0460 440 109 448 122
person 0.0389 21 102 34 114
person 0.0383 403 109 414 122
person 0.0379 442 106 450 118
person 0.0365 0 133 10 211
person 0.0365 17 106 34 145
person 0.0328 423 109 433 123
person 0.0316 410 105 418 117
person 0.0279 2 123 19 162
person 0.0278 448 104 458 118
person 0.0270 412 94 433 111
person 0.0270 476 100 484 121
person 0.0262 13 106 22 126
person 0.0258 11 105 23 136
person 0.0230 404 106 433 123
person 0.0230 421 104 439 123
person 0.0220 457 103 465 116
person 0.0196 13 107 28 131
person 0.0183 0 132 7 175
person 0.0175 0 99 10 126
person 0.0174 414 100 431 116
person 0.0169 386 105 400 118
person 0.0163 16 102 32 121
person 0.0149 0 99 30 219
person 0.0140 0 104 16 138
person 0.0133 0 98 6 120
person 0.0123 373 102 380 111
person 0.0122 281 100 299 114
person 0.0118 16 124 26 152
person 0.0117 428 106 451 123
person 0.0107 300 104 315 115
person 0.0104 317 105 334 115
person 0.0103 482 100 498 120
person 0.0083 23 111 39 142
person 0.0082 0 116 10 161
person 0.0077 18 101 28 109
person 0.0075 450 101 456 109
person 0.0070 0 99 9 107
person 0.0068 8 123 21 156
person 0.0067 495 100 499 112
person 0.0064 13 104 21 118
person 0.0062 18 125 33 150
person 0.0055 454 102 463 111
person 0.0053 412 94 439 122
person 0.0048 382 102 393 116
person 0.0048 0 142 6 164
person 0.0047 228 107 245 115
person 0.0046 7 139 19 160
person 0.0042 0 154 9 188
person 0.0038 28 101 35 111
person 0.0038 411 112 424 125
person 0.0037 334 129 389 156
person 0.0037 283 94 311 120
person 0.0034 452 103 471 121
person 0.0034 480 99 487 111
person 0.0034 6 100 32 129
person 0.0030 321 104 344 116
person 0.0030 367 99 377 109
person 0.0026 393 98 444 126
person 0.0026 0 126 8 153
person 0.0023 463 106 474 122
person 0.0022 23 125 41 144
person 0.0022 328 175 365 208
person 0.0022 461 102 467 110
person 0.0020 0 134 15 181
person 0.0019 277 99 292 114
person 0.0019 375 104 383 113
person 0.0017 392 99 419 130
person 0.0016 476 99 483 112
person 0.0015 380 101 387 112
person 0.0014 300 91 328 120
person 0.0014 444 103 453 109
person 0.0013 476 98 494 122
person 0.0013 235 101 278 115
person 0.0013 285 98 328 130
person 0.0013 363 97 374 107
person 0.0012 9 102 21 108
person 0.0011 368 98 381 112
person 0.0011 279 105 290 114
person 0.0010 440 99 469 124
person 0.0010 223 94 245 120
person 0.0010 231 102 256 115
bicycle 0.0125 0 181 12 221
bicycle 0.0045 456 112 466 122
car 0.3339 25 79 493 383
car 0.0045 16 76 494 198
car 0.0031 18 150 46 200
car 0.0016 0 98 7 103
car 0.0015 494 112 500 121
motorbike 0.0043 446 111 462 121
bus 0.0161 20 61 492 342
bus 0.0017 25 67 485 120
chair 0.0038 18 128 35 148
chair 0.0027 24 129 42 146
