person 0.8049 264 91 498 332
person 0.0304 468 296 498 371
person 0.0078 421 0 477 31
person 0.0072 491 40 500 89
person 0.0063 397 59 412 73
person 0.0048 481 154 499 312
person 0.0046 483 173 499 221
person 0.0038 251 86 494 215
person 0.0036 493 41 499 71
person 0.0026 433 21 495 81
person 0.0024 489 55 500 156
person 0.0020 367 109 503 340
person 0.0020 487 27 501 80
person 0.0020 434 169 499 324
person 0.0018 454 55 468 74
person 0.0018 464 5 499 80
person 0.0015 443 53 468 72
person 0.0015 439 58 460 74
person 0.0013 212 206 243 274
person 0.0013 463 1 478 22
person 0.0012 87 50 494 311
person 0.0011 485 48 499 92
person 0.0011 493 33 500 61
person 0.0010 415 0 481 56
person 0.0010 280 91 426 174
bottle 0.0162 203 126 252 164
bottle 0.0106 227 143 240 163
bottle 0.0055 225 138 250 164
bottle 0.0034 226 147 236 164
bottle 0.0030 491 49 500 83
bottle 0.0024 239 134 251 164
bottle 0.0022 214 141 230 162
bottle 0.0021 203 131 215 160
bottle 0.0014 216 133 239 162
bottle 0.0013 213 143 223 161
bottle 0.0010 195 127 220 159
chair 0.0741 408 92 442 108
chair 0.0079 469 298 499 372
chair 0.0054 201 124 253 165
chair 0.0052 405 92 458 118
chair 0.0036 371 93 442 109
chair 0.0027 428 93 499 162
chair 0.0012 490 95 500 162
chair 0.0010 389 89 499 201
sofa 0.0108 469 296 499 371
sofa 0.0053 202 74 496 297
diningtable 0.0155 469 295 499 371
diningtable 0.0038 429 93 499 161
diningtable 0.0019 430 76 500 130
diningtable 0.0011 402 88 486 105
tvmonitor 0.3860 383 0 500 91
tvmonitor 0.0836 239 1 360 91
tvmonitor 0.0149 384 7 443 81
tvmonitor 0.0100 425 21 492 76
tvmonitor 0.0088 224 90 329 155
tvmonitor 0.0037 390 18 426 78
tvmonitor 0.0028 445 4 498 84
tvmonitor 0.0014 416 40 481 80
tvmonitor 0.0013 374 26 467 107
tvmonitor 0.0011 267 28 343 74
tvmonitor 0.0011 242 26 327 89
