person 0.8752 248 69 454 438
person 0.8443 60 96 276 433
person 0.0067 109 81 419 437
person 0.0053 241 121 311 423
person 0.0052 163 93 292 434
person 0.0027 341 98 471 422
person 0.0010 101 153 288 353
chair 0.0395 424 220 445 299
chair 0.0086 416 189 446 302
chair 0.0082 238 180 455 432
chair 0.0081 34 184 376 435
chair 0.0073 188 314 433 436
chair 0.0047 59 288 220 436
chair 0.0036 427 186 449 353
chair 0.0031 382 182 443 325
chair 0.0024 128 255 191 343
chair 0.0024 413 217 444 280
chair 0.0023 404 225 447 314
chair 0.0023 356 77 450 399
chair 0.0022 79 288 340 436
chair 0.0020 217 207 313 431
chair 0.0019 273 333 416 436
chair 0.0017 284 260 450 420
chair 0.0017 405 213 455 439
chair 0.0016 432 74 498 437
chair 0.0010 397 156 450 383
sofa 0.0052 114 195 468 434
sofa 0.0035 54 181 273 422
sofa 0.0012 19 296 458 435
