person 0.8329 17 247 67 401
person 0.6545 309 262 346 367
person 0.5738 0 269 35 407
person 0.5539 193 228 246 289
person 0.5215 333 267 350 359
person 0.4507 78 248 114 383
person 0.3827 295 268 310 288
person 0.3736 48 251 73 357
person 0.3397 0 260 18 286
person 0.2839 45 254 70 306
person 0.1741 331 268 344 289
person 0.1428 135 247 160 286
person 0.1403 122 251 137 286
person 0.1252 60 258 78 330
person 0.0912 82 353 110 394
person 0.0902 164 243 190 276
person 0.0885 339 266 350 289
person 0.0806 321 268 345 302
person 0.0801 15 248 36 286
person 0.0786 290 262 301 286
person 0.0735 66 268 77 308
person 0.0726 323 261 346 280
person 0.0715 0 270 19 317
person 0.0699 308 266 317 285
person 0.0679 0 250 8 266
person 0.0612 0 250 12 274
person 0.0578 329 266 349 294
person 0.0569 82 244 137 344
person 0.0560 75 254 98 380
person 0.0512 318 268 340 290
person 0.0507 28 259 66 304
person 0.0494 300 270 314 292
person 0.0494 161 229 233 287
person 0.0457 69 262 88 344
person 0.0440 19 248 66 292
person 0.0431 0 301 22 406
person 0.0429 0 256 10 284
person 0.0413 6 262 41 315
person 0.0368 1 261 27 311
person 0.0361 309 264 320 280
person 0.0333 85 247 137 291
person 0.0324 301 265 313 282
person 0.0305 13 262 32 287
person 0.0303 45 253 62 271
person 0.0295 306 271 316 293
person 0.0288 7 259 19 278
person 0.0287 242 153 277 198
person 0.0259 329 260 356 380
person 0.0258 324 266 334 277
person 0.0257 161 237 201 282
person 0.0253 9 254 61 320
person 0.0250 291 261 300 275
person 0.0237 15 256 32 277
person 0.0216 0 294 34 364
person 0.0210 112 248 136 285
person 0.0204 320 266 338 278
person 0.0204 312 263 326 277
person 0.0200 306 262 330 289
person 0.0200 330 270 346 310
person 0.0184 338 268 351 312
person 0.0175 47 255 66 280
person 0.0172 112 244 157 288
person 0.0165 291 270 306 293
person 0.0150 31 248 58 272
person 0.0145 54 280 69 377
person 0.0142 341 241 368 417
person 0.0141 293 266 312 304
person 0.0138 3 250 30 275
person 0.0131 157 244 177 275
person 0.0128 10 270 31 312
person 0.0127 298 264 307 273
person 0.0118 0 288 11 315
person 0.0117 168 238 197 269
person 0.0113 42 251 54 267
person 0.0106 79 248 109 321
person 0.0104 18 246 49 277
person 0.0104 68 271 77 287
person 0.0095 106 203 200 314
person 0.0094 40 248 49 262
person 0.0091 144 247 160 279
person 0.0091 314 265 331 285
person 0.0087 174 243 191 264
person 0.0085 6 306 40 398
person 0.0075 303 263 312 274
person 0.0074 76 278 90 344
person 0.0072 167 226 214 271
person 0.0072 289 271 297 293
person 0.0071 150 212 266 311
person 0.0070 51 256 71 289
person 0.0069 114 195 259 375
person 0.0069 36 247 49 271
person 0.0067 310 262 323 275
person 0.0066 147 254 164 277
person 0.0065 288 258 297 282
person 0.0061 311 267 346 315
person 0.0060 0 267 16 296
person 0.0059 305 272 329 357
person 0.0057 68 265 80 329
person 0.0054 46 252 58 263
person 0.0053 158 254 173 277
person 0.0053 227 236 247 279
person 0.0052 66 247 143 389
person 0.0051 87 241 118 278
person 0.0050 315 268 336 301
person 0.0047 0 280 9 387
person 0.0045 290 249 299 277
person 0.0044 6 253 15 270
person 0.0043 42 259 60 285
person 0.0042 346 209 379 435
person 0.0041 303 279 314 293
person 0.0038 294 280 312 293
person 0.0038 289 265 308 316
person 0.0037 295 267 329 317
person 0.0037 0 276 13 305
person 0.0037 65 273 78 354
person 0.0036 158 253 187 285
person 0.0035 125 91 158 115
person 0.0035 0 261 5 282
person 0.0034 87 246 108 273
person 0.0033 79 250 105 291
person 0.0032 213 236 251 290
person 0.0031 10 336 36 380
person 0.0029 41 293 67 385
person 0.0029 188 235 223 289
person 0.0028 0 250 5 260
person 0.0027 340 267 355 352
person 0.0027 155 236 186 269
person 0.0027 16 272 35 292
person 0.0025 291 256 299 270
person 0.0024 114 98 321 383
person 0.0024 74 262 90 316
person 0.0023 290 281 303 294
person 0.0023 92 249 110 268
person 0.0023 15 346 36 373
person 0.0022 78 134 113 165
person 0.0022 92 250 112 332
person 0.0021 104 250 112 260
person 0.0021 82 266 109 353
person 0.0021 206 91 235 116
person 0.0019 58 319 68 354
person 0.0018 21 250 127 391
person 0.0017 191 221 240 267
person 0.0017 289 277 299 297
person 0.0017 93 237 111 264
person 0.0016 344 265 350 279
person 0.0016 0 323 14 407
person 0.0016 306 271 319 307
person 0.0015 195 268 223 288
person 0.0015 180 234 198 262
person 0.0015 152 206 191 298
person 0.0015 -2 48 261 439
person 0.0014 25 305 61 389
person 0.0014 123 237 139 264
person 0.0014 136 197 224 345
person 0.0014 0 282 18 345
person 0.0013 181 228 213 257
person 0.0012 99 249 115 266
person 0.0012 -1 252 6 279
person 0.0012 235 88 252 117
person 0.0011 55 270 73 338
person 0.0010 343 270 351 296
person 0.0010 214 225 251 268
person 0.0010 131 235 157 269
person 0.0010 120 258 136 301
person 0.0010 122 78 166 115
person 0.0010 55 251 62 263
person 0.0010 341 277 356 409
bicycle 0.0066 324 324 348 365
bicycle 0.0028 294 280 312 293
bicycle 0.0018 291 281 303 294
bicycle 0.0015 342 327 350 366
car 0.1366 323 260 349 270
car 0.0469 327 260 349 284
car 0.0107 289 281 314 327
car 0.0072 65 250 78 259
car 0.0028 338 264 351 279
car 0.0024 359 159 375 187
car 0.0023 338 260 349 272
car 0.0018 67 270 77 282
car 0.0016 66 245 77 256
car 0.0016 56 251 76 263
car 0.0016 298 286 321 331
bus 0.7337 65 49 301 432
bus 0.1097 174 223 237 287
bus 0.0047 132 231 174 277
bus 0.0039 123 208 237 285
bus 0.0028 81 215 292 422
bus 0.0022 78 113 296 311
chair 0.0013 210 269 248 289
