bird 0.0031 218 150 287 202
bottle 0.2195 358 184 375 272
bottle 0.0070 364 186 374 255
bottle 0.0028 365 184 374 215
bottle 0.0010 361 215 372 242
chair 0.0475 343 463 374 500
chair 0.0351 343 481 374 499
chair 0.0099 261 234 318 265
chair 0.0068 344 482 358 500
chair 0.0038 352 451 373 486
pottedplant 0.6591 0 430 113 499
pottedplant 0.2828 6 152 269 500
pottedplant 0.2768 0 472 27 500
pottedplant 0.1545 65 468 115 499
pottedplant 0.0890 0 437 49 499
pottedplant 0.0817 57 435 117 499
pottedplant 0.0670 -4 363 111 501
pottedplant 0.0563 108 9 294 373
pottedplant 0.0471 128 359 240 499
pottedplant 0.0199 45 379 136 500
pottedplant 0.0183 -1 7 278 270
pottedplant 0.0160 136 160 267 504
pottedplant 0.0144 218 153 287 204
pottedplant 0.0127 0 443 26 500
pottedplant 0.0101 -1 200 160 500
pottedplant 0.0099 0 394 70 499
pottedplant 0.0089 19 457 115 498
pottedplant 0.0073 216 151 286 258
pottedplant 0.0069 169 48 297 265
pottedplant 0.0059 117 2 262 237
pottedplant 0.0056 57 312 250 498
pottedplant 0.0039 23 402 106 491
pottedplant 0.0037 202 110 287 235
pottedplant 0.0037 4 467 51 500
pottedplant 0.0037 47 432 177 500
pottedplant 0.0035 2 1 273 144
pottedplant 0.0030 205 200 282 500
pottedplant 0.0028 32 476 112 500
pottedplant 0.0025 33 429 108 480
pottedplant 0.0023 185 57 308 459
pottedplant 0.0021 0 436 15 455
pottedplant 0.0020 0 434 33 474
pottedplant 0.0020 24 459 211 500
pottedplant 0.0018 20 455 50 496
pottedplant 0.0018 0 436 18 468
pottedplant 0.0018 1 457 27 487
pottedplant 0.0017 0 474 90 500
pottedplant 0.0017 57 358 148 465
pottedplant 0.0016 -1 408 41 486
pottedplant 0.0015 153 132 286 294
pottedplant 0.0014 -2 428 74 482
pottedplant 0.0013 144 312 277 498
pottedplant 0.0012 2 301 86 336
pottedplant 0.0012 1 447 28 471
pottedplant 0.0011 253 230 314 272
pottedplant 0.0011 199 349 240 494
pottedplant 0.0010 123 181 280 340
diningtable 0.0016 47 459 248 500
tvmonitor 0.0018 8 0 281 27
