person 0.8319 153 69 356 371
person 0.0242 1 -24 421 380
person 0.0156 144 154 153 160
person 0.0075 260 61 276 84
person 0.0033 185 120 194 129
person 0.0011 0 295 11 336
bicycle 0.1671 0 192 139 340
bicycle 0.0381 0 218 214 371
bicycle 0.0346 0 229 75 369
bicycle 0.0178 76 234 142 325
bicycle 0.0164 0 258 54 345
bicycle 0.0154 0 193 78 320
bicycle 0.0121 0 274 143 373
bicycle 0.0086 0 270 29 337
bicycle 0.0035 34 247 149 331
bicycle 0.0024 0 212 42 329
bicycle 0.0021 50 215 112 323
bicycle 0.0021 0 238 22 327
bicycle 0.0019 0 236 37 301
bicycle 0.0014 0 282 18 336
bicycle 0.0013 2 236 68 296
bicycle 0.0010 0 252 21 287
bicycle 0.0010 58 220 189 341
car 0.0022 -4 319 152 373
car 0.0018 0 274 69 376
boat 0.1120 -4 -1 278 365
boat 0.0912 164 156 173 161
boat 0.0516 145 155 155 160
boat 0.0370 30 274 451 372
boat 0.0329 135 72 487 365
boat 0.0194 144 155 173 162
boat 0.0181 1 321 202 373
boat 0.0172 111 220 401 368
boat 0.0124 289 171 496 371
boat 0.0122 -4 -35 482 391
boat 0.0095 0 264 207 374
boat 0.0064 6 310 357 373
boat 0.0054 145 157 156 162
boat 0.0048 -2 183 141 317
boat 0.0039 284 213 403 372
boat 0.0031 169 157 189 162
boat 0.0022 62 202 297 372
boat 0.0020 180 158 188 162
boat 0.0019 0 194 61 240
boat 0.0017 1 328 65 371
boat 0.0017 300 314 336 374
boat 0.0014 148 158 170 162
boat 0.0013 50 11 186 322
boat 0.0012 156 154 175 164
boat 0.0012 144 153 158 163
boat 0.0010 173 157 201 164
dog 0.7797 135 189 200 367
dog 0.6355 301 215 363 371
dog 0.0149 84 190 214 368
dog 0.0033 42 185 400 374
dog 0.0020 186 108 459 371
dog 0.0016 246 203 397 369
bottle 0.0015 93 370 103 375
bottle 0.0010 87 368 101 375
chair 0.0513 0 338 56 375
chair 0.0160 1 360 53 375
chair 0.0083 4 322 149 373
chair 0.0061 87 235 141 328
chair 0.0045 0 191 65 255
chair 0.0041 0 193 85 304
chair 0.0040 1 340 30 373
chair 0.0035 0 262 146 372
chair 0.0024 90 234 140 259
chair 0.0016 89 226 142 273
chair 0.0015 7 354 69 374
diningtable 0.0039 34 323 201 374
