person 0.1203 2 -1 337 503
person 0.0066 0 19 73 499
person 0.0063 1 8 140 498
person 0.0062 192 5 332 499
person 0.0028 275 1 310 149
person 0.0028 76 239 114 501
person 0.0025 286 22 332 237
person 0.0023 283 116 331 222
person 0.0020 303 -2 332 192
person 0.0019 265 0 307 27
person 0.0018 284 0 309 34
person 0.0013 267 0 297 19
person 0.0012 299 0 313 20
person 0.0012 255 16 331 324
person 0.0010 83 307 112 383
bottle 0.1258 16 0 315 244
bottle 0.0181 0 332 56 498
bottle 0.0142 236 9 334 505
bottle 0.0090 258 159 332 474
bottle 0.0040 276 10 330 229
bottle 0.0034 260 213 332 364
bottle 0.0029 261 79 332 342
chair 0.0022 77 229 325 500
