person 0.7211 134 25 373 316
person 0.1265 0 190 172 282
person 0.0145 0 189 210 361
person 0.0038 0 132 221 287
bottle 0.0042 320 47 336 130
bottle 0.0030 290 0 319 38
chair 0.5036 299 128 444 340
chair 0.1098 136 125 472 322
chair 0.0234 331 -4 488 314
chair 0.0178 276 131 398 301
chair 0.0154 19 29 409 350
chair 0.0088 131 159 355 291
chair 0.0077 305 143 362 292
chair 0.0069 232 273 452 331
chair 0.0053 318 40 336 125
chair 0.0046 354 274 453 335
chair 0.0032 160 25 441 292
chair 0.0030 171 217 457 333
chair 0.0029 54 87 317 302
chair 0.0021 330 134 514 352
chair 0.0020 311 19 340 130
chair 0.0019 343 277 494 358
chair 0.0017 139 21 386 187
chair 0.0016 326 143 408 310
chair 0.0014 289 1 319 41
diningtable 0.3948 -2 283 477 366
diningtable 0.0849 90 313 432 367
diningtable 0.0597 -7 217 486 344
diningtable 0.0317 194 257 251 309
diningtable 0.0183 10 242 377 326
diningtable 0.0177 234 327 495 372
diningtable 0.0138 355 336 500 373
diningtable 0.0102 48 165 428 324
diningtable 0.0090 97 270 252 314
diningtable 0.0070 2 242 165 372
diningtable 0.0065 226 280 489 367
diningtable 0.0054 12 259 252 345
diningtable 0.0041 55 287 281 367
diningtable 0.0029 181 271 445 327
diningtable 0.0024 78 314 249 368
diningtable 0.0023 132 269 208 299
diningtable 0.0020 -9 307 499 403
diningtable 0.0017 326 9 484 296
diningtable 0.0015 36 328 478 380
diningtable 0.0014 146 318 245 363
diningtable 0.0014 162 266 353 317
diningtable 0.0014 119 341 212 363
diningtable 0.0013 62 271 171 347
diningtable 0.0013 62 266 146 317
diningtable 0.0011 111 275 213 308
