person 0.0154 277 111 302 174
person 0.0014 279 105 323 181
cat 0.0010 130 224 152 239
chair 0.8029 8 167 213 493
chair 0.1298 34 303 207 498
chair 0.0244 0 159 140 333
chair 0.0025 165 260 213 331
chair 0.0013 154 215 223 399
chair 0.0010 7 176 111 477
pottedplant 0.0442 178 165 199 245
pottedplant 0.0036 254 224 310 261
pottedplant 0.0018 231 221 314 275
pottedplant 0.0016 181 165 199 192
pottedplant 0.0014 235 223 267 250
pottedplant 0.0010 265 224 298 249
diningtable 0.0015 163 249 326 389
tvmonitor 0.8248 205 90 341 220
tvmonitor 0.0050 269 117 301 172
tvmonitor 0.0050 220 196 304 218
tvmonitor 0.0022 193 138 347 257
tvmonitor 0.0012 235 108 298 184
tvmonitor 0.0010 254 105 311 205
