person 0.0666 265 96 338 143
person 0.0275 216 88 274 131
person 0.0185 283 97 331 128
person 0.0117 149 79 205 127
person 0.0084 91 49 391 230
person 0.0078 486 50 494 73
person 0.0071 361 64 369 82
person 0.0064 260 99 312 133
person 0.0060 175 84 341 155
person 0.0041 193 86 255 129
person 0.0023 361 63 373 92
person 0.0021 253 101 346 170
person 0.0019 184 268 194 280
person 0.0017 488 49 499 80
person 0.0015 216 65 394 192
person 0.0015 163 75 272 131
person 0.0013 241 253 251 261
person 0.0013 187 92 227 124
person 0.0012 168 90 208 124
person 0.0012 233 95 303 134
person 0.0011 181 265 196 281
person 0.0011 117 83 314 174
person 0.0010 219 84 254 124
car 0.7889 65 19 219 106
car 0.3406 71 37 409 311
car 0.2469 457 54 499 98
car 0.0893 421 50 500 128
car 0.0392 452 55 494 80
car 0.0236 450 57 464 71
car 0.0143 461 58 486 84
car 0.0139 484 47 499 88
car 0.0128 448 41 496 87
car 0.0125 66 69 145 103
car 0.0104 447 57 468 81
car 0.0104 462 60 484 74
car 0.0080 468 49 499 82
car 0.0064 396 2 498 126
car 0.0054 366 87 390 106
car 0.0050 452 58 477 72
car 0.0048 488 56 500 99
car 0.0033 479 54 493 73
car 0.0032 464 72 499 102
car 0.0032 428 23 489 97
car 0.0030 75 4 497 147
car 0.0026 66 69 99 100
car 0.0024 92 18 218 52
car 0.0020 61 58 206 114
car 0.0019 469 62 497 94
car 0.0019 211 74 360 212
car 0.0016 83 140 349 295
car 0.0016 480 70 500 100
car 0.0011 399 44 471 128
