person 0.8539 159 181 350 500
person 0.0190 16 245 40 271
person 0.0063 332 255 342 280
person 0.0042 10 112 25 150
person 0.0012 1 11 48 417
car 0.2562 335 282 355 302
car 0.0596 338 282 355 321
car 0.0445 331 281 358 309
car 0.0148 287 269 350 344
car 0.0090 325 276 355 328
car 0.0086 342 290 354 338
car 0.0068 338 282 373 329
car 0.0058 332 269 374 384
car 0.0052 323 279 354 301
car 0.0030 290 261 320 272
car 0.0025 328 260 375 485
car 0.0020 310 264 353 303
car 0.0017 337 278 374 305
car 0.0017 166 218 343 342
car 0.0017 337 248 355 410
car 0.0015 293 258 340 278
car 0.0015 339 280 354 374
car 0.0015 370 295 375 311
car 0.0014 350 286 377 322
car 0.0013 346 291 375 341
car 0.0011 370 288 374 306
car 0.0011 272 256 363 371
car 0.0011 313 256 323 271
car 0.0010 332 261 365 304
bus 0.0036 11 8 434 476
train 0.0753 -5 1 361 481
train 0.0013 -10 0 361 240
chair 0.4065 35 262 162 498
chair 0.2556 46 263 100 327
chair 0.2537 97 265 153 340
chair 0.2472 0 294 48 502
chair 0.1545 48 264 152 361
chair 0.1396 6 269 49 395
chair 0.1168 147 261 234 400
chair 0.0938 16 246 40 269
chair 0.0674 0 275 17 309
chair 0.0396 34 389 163 500
chair 0.0367 140 270 219 500
chair 0.0355 15 302 62 493
chair 0.0321 0 279 32 455
chair 0.0293 46 265 105 381
chair 0.0253 176 258 231 270
chair 0.0225 156 260 232 338
chair 0.0195 124 177 247 411
chair 0.0185 148 264 172 322
chair 0.0177 7 266 47 332
chair 0.0176 32 302 59 408
chair 0.0169 172 249 188 270
chair 0.0162 0 30 382 486
chair 0.0128 130 216 349 498
chair 0.0097 171 251 209 271
chair 0.0092 106 267 184 395
chair 0.0091 166 252 232 279
chair 0.0070 41 311 59 386
chair 0.0068 142 222 307 405
chair 0.0068 140 263 177 377
chair 0.0059 1 288 15 312
chair 0.0055 148 263 162 306
chair 0.0037 165 256 234 305
chair 0.0036 146 266 194 342
chair 0.0033 0 312 27 402
chair 0.0031 141 300 184 492
chair 0.0031 75 266 159 418
chair 0.0030 153 251 215 288
chair 0.0027 134 265 167 321
chair 0.0027 0 271 29 313
chair 0.0027 3 299 13 311
chair 0.0026 150 263 218 312
chair 0.0026 2 276 18 296
chair 0.0026 40 261 129 424
chair 0.0022 146 298 208 406
chair 0.0022 -1 263 78 486
chair 0.0019 41 213 254 385
chair 0.0017 1 314 58 423
chair 0.0016 39 205 111 250
chair 0.0015 98 264 151 303
chair 0.0015 2 251 34 271
chair 0.0015 15 249 35 262
chair 0.0014 92 265 135 324
chair 0.0014 8 84 146 384
chair 0.0014 50 308 159 398
chair 0.0013 181 324 238 485
chair 0.0013 37 361 158 454
chair 0.0011 2 284 18 322
chair 0.0010 29 280 72 389
