aeroplane 0.0011 350 158 457 223
bottle 0.8110 87 97 105 165
bottle 0.7594 323 148 351 204
bottle 0.6259 63 234 173 374
bottle 0.6162 36 108 73 219
bottle 0.0415 78 176 92 226
bottle 0.0367 44 152 71 225
bottle 0.0286 5 139 56 234
bottle 0.0269 31 68 73 162
bottle 0.0106 31 176 153 361
bottle 0.0093 62 139 86 227
bottle 0.0090 0 101 47 270
bottle 0.0070 64 165 79 225
bottle 0.0063 36 111 71 163
bottle 0.0059 69 170 85 226
bottle 0.0058 85 92 106 213
bottle 0.0053 313 135 355 224
bottle 0.0051 424 158 438 201
bottle 0.0047 298 152 316 183
bottle 0.0047 74 94 110 230
bottle 0.0025 77 99 100 164
bottle 0.0025 95 98 112 161
bottle 0.0024 113 139 124 164
bottle 0.0023 31 138 119 245
bottle 0.0021 -4 54 156 322
bottle 0.0021 0 151 13 240
bottle 0.0020 1 167 39 230
bottle 0.0018 310 148 341 196
bottle 0.0016 1 265 138 376
bottle 0.0015 71 137 84 164
bottle 0.0014 64 164 192 339
bottle 0.0014 123 142 135 164
bottle 0.0012 298 156 314 172
bottle 0.0011 10 129 70 266
bottle 0.0011 0 124 17 282
bottle 0.0010 402 157 444 215
bottle 0.0010 0 133 40 364
chair 0.0011 40 100 469 372
diningtable 0.0029 0 110 166 385
diningtable 0.0023 0 237 429 374
diningtable 0.0012 42 126 135 234
diningtable 0.0011 65 136 175 224
person 0.7721 35 16 451 374
person 0.6289 0 89 40 217
person 0.0358 0 88 32 162
person 0.0142 -3 75 86 239
person 0.0098 0 77 50 374
person 0.0070 -2 76 123 377
person 0.0063 21 72 67 161
person 0.0059 433 20 500 382
person 0.0028 9 49 196 341
person 0.0026 170 47 504 333
person 0.0021 7 96 134 252
person 0.0018 351 148 475 237
person 0.0017 0 98 16 340
person 0.0016 365 76 490 306
person 0.0012 340 161 448 220
pottedplant 0.0088 1 2 107 59
pottedplant 0.0018 17 2 113 100
