bottle 0.0023 461 346 478 387
bottle 0.0011 459 341 491 401
chair 0.0645 28 232 376 412
chair 0.0101 3 204 175 412
diningtable 0.4475 193 321 499 412
diningtable 0.0059 61 260 497 414
dog 0.0022 152 251 369 366
person 0.6007 42 104 371 410
person 0.0026 117 212 407 396
person 0.0021 11 105 223 407
person 0.0017 383 61 420 118
person 0.0013 0 69 56 416
pottedplant 0.0560 459 77 499 142
pottedplant 0.0194 410 110 501 358
pottedplant 0.0102 411 2 496 69
pottedplant 0.0025 449 28 501 241
pottedplant 0.0016 454 96 497 160
pottedplant 0.0015 454 94 486 141
pottedplant 0.0012 407 0 499 142
pottedplant 0.0012 473 97 499 141
sofa 0.0593 19 182 375 410
sofa 0.0152 100 258 419 408
