aeroplane 0.0022 45 73 471 169
boat 0.0353 2 139 41 153
boat 0.0016 0 134 22 155
car 0.9261 231 157 413 228
car 0.0127 491 150 500 167
car 0.0032 487 141 500 167
car 0.0029 228 159 320 226
car 0.0021 249 155 294 170
car 0.0011 202 138 254 154
car 0.0010 252 154 278 168
person 0.8799 146 195 188 291
person 0.6753 211 155 227 186
person 0.0570 205 151 232 187
person 0.0172 474 158 484 179
person 0.0134 206 154 222 185
person 0.0065 145 145 157 158
person 0.0041 470 159 480 178
person 0.0032 471 151 488 178
person 0.0030 229 158 240 172
person 0.0018 224 157 237 184
person 0.0015 166 196 193 284
person 0.0011 480 153 493 176
person 0.0011 205 141 233 163
person 0.0011 466 150 483 174
