bottle 0.0451 89 466 315 500
bottle 0.0118 187 427 231 492
bottle 0.0045 156 430 252 498
bottle 0.0042 190 470 239 499
bottle 0.0039 124 419 301 495
bottle 0.0032 84 482 120 499
bottle 0.0013 280 478 324 500
bottle 0.0011 20 474 150 499
chair 0.0769 42 50 407 501
chair 0.0171 131 384 200 474
chair 0.0059 99 381 220 490
chair 0.0055 116 470 350 501
chair 0.0045 -15 432 330 501
chair 0.0036 92 465 264 499
chair 0.0036 95 423 258 500
chair 0.0031 16 54 230 495
chair 0.0031 81 290 408 492
chair 0.0027 68 388 323 500
chair 0.0027 201 470 323 499
chair 0.0020 1 468 132 499
chair 0.0019 228 290 413 475
chair 0.0018 4 386 143 477
chair 0.0016 88 480 242 500
chair 0.0015 184 447 321 500
chair 0.0011 1 433 134 499
diningtable 0.0149 86 454 317 500
diningtable 0.0097 6 437 348 501
person 0.5051 35 15 410 473
person 0.0317 29 24 242 389
person 0.0037 30 23 172 293
