bird 0.6564 165 81 297 241
bird 0.1921 139 132 224 230
bird 0.0653 162 79 283 171
bird 0.0556 273 102 349 173
bird 0.0161 174 72 283 133
bird 0.0102 193 90 306 325
bird 0.0071 259 108 391 239
bird 0.0066 268 113 365 202
bird 0.0066 185 96 378 255
bird 0.0056 231 102 502 313
bird 0.0037 132 131 193 207
bird 0.0036 429 167 499 222
bird 0.0027 438 170 482 197
bird 0.0019 451 170 469 192
bird 0.0017 338 140 498 270
bird 0.0015 435 163 501 281
bird 0.0014 211 69 282 120
bird 0.0014 234 70 342 153
bird 0.0013 -3 27 154 333
bird 0.0012 393 148 495 234
bird 0.0011 96 226 159 333
pottedplant 0.0079 231 138 500 324
pottedplant 0.0031 329 166 500 299
