bottle 0.0064 294 205 348 260
bottle 0.0064 342 217 504 375
bottle 0.0064 468 119 499 235
bottle 0.0057 160 83 487 365
bottle 0.0038 241 189 387 279
bottle 0.0027 212 169 438 296
bottle 0.0018 458 60 499 242
bottle 0.0010 236 200 489 373
chair 0.0068 335 222 498 376
chair 0.0032 16 241 494 376
chair 0.0021 325 15 500 375
chair 0.0013 418 193 499 375
dog 0.5763 1 0 300 242
dog 0.0247 -19 -15 370 385
person 0.2394 1 146 215 380
person 0.1905 7 13 496 377
person 0.0769 -2 186 432 376
person 0.0237 0 148 84 381
person 0.0078 -1 -1 252 364
person 0.0068 130 139 489 351
person 0.0035 376 16 498 375
person 0.0023 1 143 183 263
person 0.0022 449 44 500 344
person 0.0021 0 42 141 365
person 0.0016 418 135 500 371
person 0.0016 0 139 43 381
person 0.0014 0 6 185 233
person 0.0010 320 144 500 377
tvmonitor 0.0099 355 225 502 378
