bicycle 0.0012 333 -13 500 330
car 0.2892 340 103 500 355
motorbike 0.9179 172 183 308 274
motorbike 0.8466 58 178 139 297
motorbike 0.0197 300 222 333 252
motorbike 0.0093 176 173 305 234
motorbike 0.0057 217 185 291 216
motorbike 0.0040 144 213 183 236
motorbike 0.0029 170 173 206 243
motorbike 0.0027 167 204 195 240
motorbike 0.0025 225 189 305 257
motorbike 0.0023 167 169 226 227
motorbike 0.0015 56 158 135 252
motorbike 0.0010 146 197 196 239
person 0.0440 171 168 198 227
person 0.0013 370 145 392 187
pottedplant 0.0016 142 213 176 236
