boat 0.0184 20 389 374 500
bottle 0.0010 13 234 53 292
chair 0.0154 312 351 374 496
chair 0.0082 14 399 356 500
chair 0.0049 311 425 375 500
chair 0.0036 18 251 345 502
chair 0.0035 239 362 375 500
chair 0.0015 189 420 377 500
diningtable 0.0406 18 420 374 498
diningtable 0.0011 42 458 374 500
person 0.6273 37 35 225 460
person 0.4724 125 160 375 483
person 0.4612 116 228 261 446
person 0.0256 248 176 374 485
person 0.0217 156 164 355 356
person 0.0168 1 186 263 499
person 0.0144 0 337 33 499
person 0.0124 322 186 375 262
person 0.0080 145 200 263 365
person 0.0054 316 432 376 498
person 0.0043 349 173 374 210
person 0.0041 155 237 253 324
person 0.0037 271 178 375 352
person 0.0031 160 175 294 314
person 0.0027 57 260 341 502
person 0.0025 308 188 375 503
person 0.0021 340 173 374 250
person 0.0016 312 184 375 324
person 0.0014 0 358 62 497
person 0.0011 219 164 374 302
person 0.0010 178 196 256 310
person 0.0010 21 417 64 464
pottedplant 0.0570 1 240 59 377
pottedplant 0.0076 11 234 57 307
pottedplant 0.0025 193 103 242 182
pottedplant 0.0016 0 323 62 498
pottedplant 0.0015 -5 217 72 453
pottedplant 0.0011 11 150 59 345
pottedplant 0.0010 1 70 80 419
