bus 0.0193 257 3 470 97
bus 0.0012 80 5 156 71
car 0.0126 0 39 15 66
car 0.0079 0 34 37 67
car 0.0042 306 42 427 100
car 0.0040 459 47 499 86
car 0.0034 0 41 23 99
car 0.0030 151 29 203 56
car 0.0029 64 16 153 71
car 0.0026 272 31 493 103
car 0.0024 486 19 500 87
car 0.0021 83 41 154 70
car 0.0019 261 56 291 76
car 0.0016 140 27 187 73
car 0.0014 0 21 18 69
car 0.0013 5 30 67 67
car 0.0011 0 45 26 71
car 0.0011 1 17 44 63
car 0.0010 491 24 500 79
car 0.0010 0 44 11 76
motorbike 0.8735 382 102 463 196
motorbike 0.8343 295 104 379 196
motorbike 0.7519 102 103 206 205
motorbike 0.7112 254 100 316 184
motorbike 0.1459 99 99 152 193
motorbike 0.0292 157 111 208 204
motorbike 0.0120 123 91 145 110
motorbike 0.0092 340 115 382 193
motorbike 0.0031 124 95 138 110
motorbike 0.0020 114 137 191 204
motorbike 0.0017 109 89 149 116
motorbike 0.0015 390 59 428 104
motorbike 0.0014 109 94 143 109
motorbike 0.0011 294 115 339 196
motorbike 0.0010 370 96 411 189
person 0.8257 263 67 323 163
person 0.8176 310 68 382 174
person 0.7461 151 41 179 83
person 0.7388 140 77 208 192
person 0.7158 400 51 464 182
person 0.5026 442 40 473 112
person 0.2636 419 37 453 81
person 0.1624 420 37 471 104
person 0.0565 402 37 464 124
person 0.0266 440 37 470 180
person 0.0263 426 38 452 65
person 0.0258 124 84 179 186
person 0.0208 123 88 153 111
person 0.0196 149 47 186 100
person 0.0173 314 67 381 121
person 0.0162 491 33 500 91
person 0.0138 458 43 493 89
person 0.0135 267 57 293 78
person 0.0116 137 57 174 93
person 0.0116 261 65 322 113
person 0.0106 0 43 14 66
person 0.0090 440 37 472 77
person 0.0089 266 57 310 89
person 0.0071 234 79 255 108
person 0.0070 451 40 481 86
person 0.0068 64 32 84 63
person 0.0066 490 45 500 119
person 0.0065 244 76 269 108
person 0.0063 166 93 212 202
person 0.0056 484 49 500 87
person 0.0050 470 38 500 88
person 0.0047 149 74 205 122
person 0.0044 250 67 286 100
person 0.0040 131 78 177 112
person 0.0032 494 16 499 87
person 0.0029 0 40 10 99
person 0.0029 405 36 446 89
person 0.0022 447 41 471 66
person 0.0021 289 30 442 102
person 0.0019 486 21 500 86
person 0.0019 149 35 193 73
person 0.0017 392 62 429 106
person 0.0016 12 33 43 66
person 0.0016 216 73 250 109
person 0.0015 147 72 181 110
person 0.0015 280 67 322 101
person 0.0013 119 72 174 144
person 0.0011 0 10 18 66
person 0.0011 357 22 475 107
person 0.0010 495 53 500 130
