bus 0.0908 2 18 511 323
car 0.5982 1 338 267 391
car 0.4116 364 355 500 436
car 0.3023 22 337 198 375
car 0.1892 385 341 499 378
car 0.1877 -1 340 268 440
car 0.0260 281 342 499 423
car 0.0251 154 349 264 374
car 0.0208 90 344 268 376
car 0.0176 58 336 149 372
car 0.0171 1 335 159 405
car 0.0078 343 344 498 392
car 0.0066 176 346 256 360
car 0.0054 384 305 500 379
car 0.0048 9 326 263 369
car 0.0042 455 353 500 438
car 0.0032 276 319 499 378
car 0.0027 443 336 498 372
car 0.0012 0 354 62 435
car 0.0011 71 337 241 366
car 0.0010 491 332 499 350
person 0.0025 492 332 499 351
person 0.0011 490 312 499 350
train 0.0017 -9 19 458 328
