bus 0.0011 489 125 500 295
chair 0.0405 -1 101 49 257
chair 0.0039 5 97 99 260
chair 0.0014 0 146 40 285
dog 0.0030 120 167 153 191
horse 0.8919 200 88 360 283
horse 0.0385 104 91 205 275
horse 0.0050 288 101 364 277
horse 0.0025 180 74 284 275
horse 0.0025 101 91 192 182
horse 0.0013 14 105 201 251
horse 0.0010 104 91 188 135
motorbike 0.0030 113 246 158 267
person 0.6437 176 97 245 283
person 0.0601 103 91 204 276
person 0.0210 122 165 154 191
person 0.0120 185 82 305 283
person 0.0070 226 56 248 98
person 0.0056 169 109 213 282
person 0.0037 291 114 361 279
person 0.0032 117 150 161 204
person 0.0020 407 59 498 306
person 0.0013 426 40 459 83
person 0.0012 98 42 257 286
person 0.0012 355 108 410 262
person 0.0011 260 97 275 116
person 0.0010 488 139 500 302
train 0.0010 485 89 500 307
