dog 0.8495 100 153 207 334
dog 0.7868 0 154 115 325
dog 0.7749 244 153 363 329
dog 0.7664 209 136 280 281
dog 0.0187 130 105 221 307
dog 0.0159 0 140 56 325
dog 0.0093 270 139 407 305
dog 0.0063 3 133 215 325
dog 0.0058 208 225 337 331
dog 0.0025 0 157 12 326
dog 0.0011 163 129 282 305
dog 0.0011 278 144 359 266
dog 0.0010 200 134 328 329
person 0.0029 0 57 19 324
sheep 0.7487 355 67 500 354
sheep 0.5902 1 67 106 169
sheep 0.4986 282 66 450 286
sheep 0.3366 99 107 223 287
sheep 0.2283 0 62 40 172
sheep 0.1874 0 80 112 267
sheep 0.0423 0 65 37 276
sheep 0.0387 284 84 369 159
sheep 0.0234 284 83 387 239
sheep 0.0132 6 99 224 306
sheep 0.0126 205 130 280 266
sheep 0.0114 -1 54 62 310
sheep 0.0105 431 88 500 345
sheep 0.0105 78 100 225 203
sheep 0.0098 209 222 328 332
sheep 0.0084 0 90 32 214
sheep 0.0056 463 106 500 348
sheep 0.0045 467 77 500 237
sheep 0.0043 0 55 20 306
sheep 0.0035 344 111 443 326
sheep 0.0033 336 63 469 235
sheep 0.0027 30 93 108 160
sheep 0.0027 194 255 301 333
sheep 0.0025 266 103 373 294
sheep 0.0023 285 66 437 169
sheep 0.0019 0 61 51 126
sheep 0.0018 19 85 124 204
sheep 0.0018 351 158 413 280
sheep 0.0016 480 71 500 318
sheep 0.0014 0 67 25 155
sheep 0.0012 318 139 425 296
sheep 0.0011 485 83 500 233
sheep 0.0011 480 223 499 317
sheep 0.0011 1 110 39 160
sheep 0.0011 256 156 437 326
sheep 0.0010 359 182 460 282
sheep 0.0010 280 155 359 239
