boat 0.6239 -3 45 277 302
boat 0.0418 -26 85 540 331
boat 0.0134 47 143 430 323
boat 0.0030 152 163 329 306
boat 0.0012 4 54 226 169
boat 0.0011 -1 46 139 303
boat 0.0010 100 77 361 272
car 0.6880 432 132 499 320
car 0.2152 382 134 489 326
car 0.0165 465 147 499 331
car 0.0030 317 135 472 312
car 0.0013 452 130 499 230
car 0.0013 479 129 500 298
car 0.0010 397 138 482 249
motorbike 0.0101 472 199 499 332
person 0.8321 288 139 336 310
person 0.7957 392 140 447 322
person 0.7710 254 163 299 316
person 0.6906 328 144 371 309
person 0.6689 363 148 393 312
person 0.3220 380 148 416 317
person 0.0279 247 147 353 317
person 0.0144 315 139 469 318
person 0.0122 54 57 98 98
person 0.0093 288 139 384 309
person 0.0030 65 60 91 90
person 0.0027 36 54 124 123
person 0.0026 486 135 500 186
person 0.0023 0 50 83 102
person 0.0018 60 59 124 101
person 0.0015 71 65 108 101
person 0.0011 286 140 320 171
