chair 0.0120 389 9 499 150
chair 0.0104 17 188 198 365
chair 0.0043 436 -1 499 129
chair 0.0018 21 187 146 310
chair 0.0011 482 83 500 157
chair 0.0010 434 56 500 152
chair 0.0010 466 -1 500 85
chair 0.0010 379 19 459 136
diningtable 0.0078 17 120 499 407
pottedplant 0.2922 281 1 395 106
pottedplant 0.0094 433 4 500 152
pottedplant 0.0026 404 2 435 22
pottedplant 0.0024 464 29 500 157
pottedplant 0.0012 478 -1 500 140
pottedplant 0.0010 301 15 474 127
sofa 0.9272 128 87 451 250
sofa 0.0061 22 90 495 400
tvmonitor 0.0010 411 1 436 22
