bird 0.0015 111 344 163 390
bottle 0.0970 230 1 334 262
bottle 0.0012 285 5 331 152
chair 0.0019 232 3 332 329
pottedplant 0.7894 127 64 178 124
pottedplant 0.7459 128 171 179 234
pottedplant 0.7224 129 285 178 351
pottedplant 0.6331 119 350 233 474
pottedplant 0.6047 111 254 147 300
pottedplant 0.2848 128 475 213 500
pottedplant 0.2814 84 270 104 316
pottedplant 0.2455 127 369 193 475
pottedplant 0.1774 132 480 183 500
pottedplant 0.1529 116 261 168 334
pottedplant 0.1120 94 257 147 317
pottedplant 0.1096 134 270 180 314
pottedplant 0.0960 123 338 232 410
pottedplant 0.0900 72 266 100 319
pottedplant 0.0728 156 481 218 499
pottedplant 0.0713 229 0 334 252
pottedplant 0.0564 166 111 199 131
pottedplant 0.0470 163 465 230 499
pottedplant 0.0446 127 340 200 394
pottedplant 0.0389 61 263 89 318
pottedplant 0.0386 177 301 232 374
pottedplant 0.0365 80 268 100 292
pottedplant 0.0353 130 295 203 373
pottedplant 0.0351 152 270 193 312
pottedplant 0.0263 124 262 164 306
pottedplant 0.0261 144 88 190 130
pottedplant 0.0244 146 148 175 169
pottedplant 0.0240 176 474 269 500
pottedplant 0.0228 180 479 234 500
pottedplant 0.0208 132 146 176 218
pottedplant 0.0202 160 270 193 295
pottedplant 0.0196 218 26 264 80
pottedplant 0.0174 142 275 192 337
pottedplant 0.0165 164 98 202 133
pottedplant 0.0164 76 246 100 297
pottedplant 0.0159 136 144 167 168
pottedplant 0.0154 127 457 193 502
pottedplant 0.0134 147 58 187 106
pottedplant 0.0122 156 285 192 317
pottedplant 0.0119 83 263 117 323
pottedplant 0.0115 139 146 177 184
pottedplant 0.0113 259 237 288 268
pottedplant 0.0112 137 482 166 499
pottedplant 0.0110 153 60 185 83
pottedplant 0.0108 194 467 317 500
pottedplant 0.0108 56 242 89 305
pottedplant 0.0107 235 287 265 314
pottedplant 0.0101 128 109 147 129
pottedplant 0.0101 215 2 280 79
pottedplant 0.0093 138 254 180 301
pottedplant 0.0079 147 276 175 304
pottedplant 0.0077 225 0 331 130
pottedplant 0.0076 171 352 243 417
pottedplant 0.0074 200 484 236 500
pottedplant 0.0069 129 159 150 195
pottedplant 0.0064 131 107 174 127
pottedplant 0.0063 279 1 331 161
pottedplant 0.0061 173 482 200 499
pottedplant 0.0059 195 470 231 499
pottedplant 0.0057 134 135 163 164
pottedplant 0.0057 126 110 140 126
pottedplant 0.0055 121 486 173 499
pottedplant 0.0051 141 343 192 379
pottedplant 0.0050 89 285 103 325
pottedplant 0.0049 106 253 195 357
pottedplant 0.0047 192 440 331 500
pottedplant 0.0044 140 304 230 390
pottedplant 0.0043 180 318 237 409
pottedplant 0.0042 139 39 180 79
pottedplant 0.0042 63 286 87 317
pottedplant 0.0041 110 340 186 434
pottedplant 0.0039 115 108 141 131
pottedplant 0.0038 125 71 158 127
pottedplant 0.0038 129 119 176 159
pottedplant 0.0037 131 112 145 125
pottedplant 0.0035 116 300 134 345
pottedplant 0.0035 124 411 216 499
pottedplant 0.0034 137 275 166 305
pottedplant 0.0033 127 168 160 207
pottedplant 0.0030 150 46 188 81
pottedplant 0.0029 162 64 197 122
pottedplant 0.0029 177 442 267 499
pottedplant 0.0028 204 490 230 499
pottedplant 0.0027 201 397 223 422
pottedplant 0.0026 132 327 182 373
pottedplant 0.0026 233 279 318 320
pottedplant 0.0025 222 47 262 78
pottedplant 0.0025 204 217 218 243
pottedplant 0.0023 120 115 145 137
pottedplant 0.0022 42 312 81 339
pottedplant 0.0022 126 407 182 470
pottedplant 0.0021 142 163 182 211
pottedplant 0.0021 133 488 160 499
pottedplant 0.0020 154 347 271 431
pottedplant 0.0019 132 267 156 303
pottedplant 0.0018 281 286 320 317
pottedplant 0.0018 163 266 208 326
pottedplant 0.0018 126 127 152 160
pottedplant 0.0018 142 134 176 170
pottedplant 0.0017 136 112 173 139
pottedplant 0.0017 35 76 76 104
pottedplant 0.0017 163 428 228 498
pottedplant 0.0017 132 57 183 93
pottedplant 0.0016 187 383 235 425
pottedplant 0.0016 107 437 180 501
pottedplant 0.0016 163 286 201 352
pottedplant 0.0016 1 435 106 501
pottedplant 0.0016 153 286 181 307
pottedplant 0.0015 113 285 142 349
pottedplant 0.0015 190 296 227 352
pottedplant 0.0015 125 168 147 190
pottedplant 0.0014 109 252 142 276
pottedplant 0.0014 211 280 262 343
pottedplant 0.0014 301 262 332 289
pottedplant 0.0014 103 476 174 499
pottedplant 0.0014 135 147 157 164
pottedplant 0.0014 221 0 304 56
pottedplant 0.0014 120 374 184 418
pottedplant 0.0013 124 377 162 412
pottedplant 0.0013 26 286 64 316
pottedplant 0.0013 262 0 312 18
pottedplant 0.0013 158 298 219 365
pottedplant 0.0013 235 0 317 35
pottedplant 0.0013 0 287 21 313
pottedplant 0.0012 208 479 277 500
pottedplant 0.0012 121 35 161 103
pottedplant 0.0012 118 318 135 348
pottedplant 0.0012 137 235 185 289
pottedplant 0.0012 96 102 125 128
pottedplant 0.0012 196 393 227 430
pottedplant 0.0012 52 301 85 337
pottedplant 0.0011 136 141 161 187
pottedplant 0.0011 107 101 146 154
pottedplant 0.0011 120 113 158 174
pottedplant 0.0011 189 489 261 499
pottedplant 0.0011 260 461 331 500
pottedplant 0.0011 43 289 80 327
pottedplant 0.0011 131 143 150 163
pottedplant 0.0011 149 35 173 58
pottedplant 0.0010 109 346 164 411
pottedplant 0.0010 261 0 331 67
pottedplant 0.0010 104 220 147 297
sheep 0.0030 33 76 75 108
sofa 0.0010 193 419 330 499
