bottle 0.0021 3 25 107 198
cat 0.0013 0 40 36 308
chair 0.0027 390 170 498 325
dog 0.2936 0 24 101 333
dog 0.0023 0 39 47 322
horse 0.0106 0 56 432 330
person 0.7472 251 130 437 333
person 0.2281 24 3 401 331
person 0.1359 0 21 99 347
person 0.0535 71 124 470 334
person 0.0306 470 160 500 335
person 0.0112 443 79 501 331
person 0.0054 410 164 500 333
person 0.0034 476 53 499 323
person 0.0023 146 14 505 350
person 0.0022 471 252 499 332
person 0.0021 325 145 501 330
person 0.0019 448 205 501 331
person 0.0013 482 137 500 313
person 0.0010 382 24 503 338
person 0.0010 359 178 408 261
