bottle 0.7866 375 168 413 310
bottle 0.6922 319 181 360 294
bottle 0.0848 283 207 310 264
bottle 0.0601 335 137 417 259
bottle 0.0264 259 212 280 251
bottle 0.0197 366 228 417 315
bottle 0.0158 265 210 291 259
bottle 0.0158 375 166 416 243
bottle 0.0147 314 185 348 264
bottle 0.0137 274 217 328 270
bottle 0.0131 267 213 282 248
bottle 0.0115 275 199 389 303
bottle 0.0088 397 181 424 297
bottle 0.0070 283 215 302 252
bottle 0.0058 337 228 441 321
bottle 0.0057 235 207 366 284
bottle 0.0049 274 213 297 263
bottle 0.0045 295 200 315 264
bottle 0.0043 228 210 308 275
bottle 0.0037 373 205 404 295
bottle 0.0033 298 141 367 266
bottle 0.0026 408 198 424 242
bottle 0.0025 316 180 371 248
bottle 0.0020 270 211 294 245
bottle 0.0019 245 219 269 270
bottle 0.0018 449 222 492 263
bottle 0.0018 404 187 423 261
bottle 0.0012 327 167 415 305
bottle 0.0011 432 236 499 331
bottle 0.0011 470 221 500 332
bottle 0.0010 301 191 327 261
bottle 0.0010 284 209 298 233
bottle 0.0010 331 197 364 280
chair 0.0115 0 105 18 166
chair 0.0021 0 93 19 222
chair 0.0011 0 162 12 332
chair 0.0010 0 137 56 329
diningtable 0.6405 163 243 504 335
diningtable 0.0080 197 181 466 326
diningtable 0.0016 213 221 370 302
diningtable 0.0012 335 240 500 334
person 0.8567 425 116 499 251
person 0.8492 130 135 250 324
person 0.8377 307 128 415 247
person 0.6605 0 65 168 333
person 0.0307 8 58 171 206
person 0.0232 58 108 273 316
person 0.0088 10 48 257 268
person 0.0047 453 116 499 201
person 0.0045 485 115 500 257
person 0.0038 296 140 368 267
person 0.0037 252 164 300 211
person 0.0026 302 158 402 303
person 0.0016 93 54 170 210
person 0.0014 488 121 500 198
person 0.0011 0 88 16 334
person 0.0010 237 167 301 242
