bottle 0.0080 302 109 317 135
bottle 0.0043 301 108 320 150
bottle 0.0011 297 122 321 191
car 0.0029 211 3 281 31
chair 0.5435 335 175 499 374
chair 0.3325 161 236 367 376
chair 0.2976 417 166 500 375
chair 0.1736 34 95 114 206
chair 0.1002 354 86 430 153
chair 0.0819 398 140 488 314
chair 0.0370 1 28 107 215
chair 0.0282 451 173 501 345
chair 0.0191 327 266 463 373
chair 0.0190 408 88 497 261
chair 0.0176 449 266 500 374
chair 0.0116 307 215 436 375
chair 0.0108 195 186 433 376
chair 0.0085 358 162 451 349
chair 0.0069 1 97 85 230
chair 0.0062 173 300 334 375
chair 0.0053 389 191 443 316
chair 0.0051 0 259 139 376
chair 0.0044 322 107 471 291
chair 0.0044 16 250 347 375
chair 0.0040 472 181 499 357
chair 0.0040 282 146 459 368
chair 0.0039 314 85 400 144
chair 0.0039 460 71 500 321
chair 0.0035 428 153 498 262
chair 0.0029 455 316 500 376
chair 0.0021 0 100 62 358
chair 0.0020 1 97 117 295
chair 0.0019 231 57 291 136
chair 0.0018 1 227 77 375
chair 0.0017 359 88 428 123
chair 0.0017 381 141 463 276
chair 0.0016 0 8 86 152
chair 0.0016 0 109 39 241
chair 0.0014 84 48 210 187
chair 0.0014 251 246 416 373
chair 0.0010 0 177 35 368
diningtable 0.8831 4 130 455 372
diningtable 0.0079 32 227 386 380
person 0.0033 0 5 27 76
person 0.0028 1 7 87 145
person 0.0013 48 2 67 75
person 0.0012 480 68 500 326
pottedplant 0.1924 84 21 236 153
pottedplant 0.0107 79 0 109 29
pottedplant 0.0056 120 22 236 91
pottedplant 0.0021 145 22 249 134
pottedplant 0.0019 336 34 406 89
pottedplant 0.0015 213 3 279 29
pottedplant 0.0010 171 25 233 80
sofa 0.0055 0 20 88 211
