bottle 0.0013 449 101 470 134
chair 0.8388 286 238 364 332
chair 0.0076 284 286 358 332
chair 0.0030 178 239 239 307
chair 0.0025 218 237 359 335
chair 0.0025 327 237 367 331
chair 0.0016 153 235 252 331
chair 0.0015 451 292 500 333
chair 0.0012 235 279 354 335
diningtable 0.0170 46 248 365 335
diningtable 0.0035 221 245 361 333
diningtable 0.0010 121 285 340 331
person 0.0010 178 131 199 155
person 0.0010 145 128 160 158
pottedplant 0.3918 54 229 247 334
pottedplant 0.0416 426 299 490 334
pottedplant 0.0383 239 232 276 273
pottedplant 0.0130 133 219 237 329
pottedplant 0.0102 230 232 285 309
pottedplant 0.0042 158 235 313 329
pottedplant 0.0023 440 312 498 333
pottedplant 0.0020 44 281 266 336
pottedplant 0.0019 452 293 499 333
pottedplant 0.0018 139 180 186 224
pottedplant 0.0018 419 305 501 416
pottedplant 0.0017 170 229 254 307
pottedplant 0.0017 110 236 180 329
pottedplant 0.0014 145 281 235 333
pottedplant 0.0013 422 306 460 332
pottedplant 0.0012 425 294 495 362
pottedplant 0.0012 134 166 194 287
pottedplant 0.0011 185 232 278 288
pottedplant 0.0011 437 291 475 330
pottedplant 0.0010 143 224 198 313
tvmonitor 0.0021 0 125 32 335
