bird 0.0014 131 119 300 238
bottle 0.0106 372 144 475 285
bottle 0.0091 14 2 484 122
bottle 0.0038 477 151 496 313
bottle 0.0023 270 3 325 103
bottle 0.0014 190 5 398 114
bottle 0.0014 318 146 464 258
bottle 0.0014 315 150 405 245
bottle 0.0013 123 17 139 46
bottle 0.0012 104 268 247 479
bottle 0.0011 424 138 494 289
bottle 0.0010 295 0 326 10
person 0.8806 326 190 491 498
person 0.7743 75 159 240 499
person 0.7508 239 183 385 498
person 0.6456 0 147 115 490
person 0.4163 196 181 298 497
person 0.1167 198 184 294 335
person 0.0563 273 179 376 346
person 0.0324 -3 147 36 489
person 0.0237 21 147 110 339
person 0.0196 474 164 496 400
person 0.0148 130 167 290 427
person 0.0139 354 147 475 313
person 0.0122 127 122 303 260
person 0.0100 -2 152 78 390
person 0.0094 170 174 365 346
person 0.0078 -1 159 35 266
person 0.0069 101 104 470 361
person 0.0068 10 128 205 474
person 0.0064 266 164 435 423
person 0.0054 447 154 495 465
person 0.0048 -3 146 14 468
person 0.0044 -1 152 50 327
person 0.0039 103 125 262 346
person 0.0036 481 222 496 388
person 0.0028 117 140 218 304
person 0.0028 295 150 445 273
person 0.0019 434 142 495 325
person 0.0016 44 144 152 452
person 0.0014 156 133 450 291
person 0.0014 400 115 496 409
sofa 0.0108 2 4 500 161
tvmonitor 0.0014 20 -3 455 122
