aeroplane 0.0191 0 -4 166 79
car 0.9035 60 56 448 287
car 0.8243 432 96 500 150
car 0.5570 323 66 436 115
car 0.1283 0 0 172 92
car 0.0443 324 72 391 113
car 0.0328 318 77 441 161
car 0.0311 364 76 440 114
car 0.0127 354 66 436 98
car 0.0100 456 91 498 111
car 0.0077 335 78 471 134
car 0.0072 433 97 490 122
car 0.0055 39 24 163 101
car 0.0042 492 88 499 105
car 0.0039 436 70 498 121
car 0.0038 296 74 425 130
car 0.0036 463 89 498 102
car 0.0030 357 89 499 155
car 0.0030 481 108 500 150
car 0.0026 8 60 54 105
car 0.0026 483 89 500 110
car 0.0023 365 66 496 117
car 0.0022 -2 39 135 100
car 0.0020 205 76 435 153
car 0.0019 457 78 500 117
car 0.0019 481 90 500 135
car 0.0019 176 52 204 64
car 0.0018 378 72 443 102
car 0.0016 485 90 500 101
car 0.0016 259 49 443 125
car 0.0013 0 -3 75 51
car 0.0011 494 93 500 119
car 0.0011 438 97 459 116
person 0.3314 44 63 59 98
person 0.1411 23 59 45 100
person 0.0764 1 60 22 90
person 0.0229 0 63 10 91
person 0.0174 14 27 146 96
person 0.0161 62 38 85 91
person 0.0098 21 57 39 87
person 0.0088 44 39 62 98
person 0.0074 66 55 81 93
person 0.0062 26 46 99 98
person 0.0056 9 53 54 97
person 0.0051 10 62 28 90
person 0.0041 174 88 202 115
person 0.0040 58 50 73 91
person 0.0031 55 61 72 98
person 0.0030 48 37 63 80
person 0.0028 60 12 108 85
person 0.0026 70 33 96 88
person 0.0023 24 37 66 97
person 0.0022 50 46 68 96
person 0.0013 0 57 7 113
person 0.0012 57 34 76 86
person 0.0011 23 70 39 99
person 0.0011 102 22 109 34
person 0.0010 72 33 108 71
