bottle 0.7133 0 252 43 372
bottle 0.2283 6 253 104 375
bottle 0.1591 37 257 176 374
bottle 0.0124 23 217 287 375
bottle 0.0073 185 273 290 374
bottle 0.0070 146 211 326 374
bottle 0.0064 1 233 43 298
bottle 0.0029 86 264 213 373
bottle 0.0027 1 137 181 375
bottle 0.0027 0 183 42 335
bottle 0.0018 0 215 15 321
bottle 0.0016 -1 303 69 377
bottle 0.0016 0 137 13 275
bottle 0.0015 39 187 472 374
bottle 0.0012 0 141 17 344
bottle 0.0011 47 307 268 372
bottle 0.0011 54 265 132 368
bottle 0.0011 4 248 49 282
bottle 0.0011 0 230 10 287
bottle 0.0010 -1 227 24 339
bottle 0.0010 -1 277 27 365
person 0.6735 3 3 510 379
person 0.0065 4 60 283 380
person 0.0037 254 11 502 377
person 0.0027 0 90 68 261
person 0.0012 -3 89 154 373
person 0.0012 186 10 387 203
