car 0.9428 21 74 491 261
car 0.7879 91 63 225 118
car 0.0373 -1 123 34 173
car 0.0221 151 67 227 89
car 0.0164 102 63 230 93
car 0.0108 88 71 171 121
car 0.0086 0 105 29 152
car 0.0077 0 118 36 222
car 0.0048 69 59 162 110
car 0.0037 72 59 118 95
car 0.0025 100 83 194 127
car 0.0021 481 116 500 221
car 0.0020 0 148 26 235
car 0.0016 121 94 199 122
car 0.0015 180 68 219 88
car 0.0014 146 66 229 111
car 0.0010 70 55 113 82
person 0.7362 421 101 451 135
person 0.6227 390 100 415 129
person 0.6176 369 100 394 127
person 0.5518 457 97 488 156
person 0.1192 162 99 183 120
person 0.1138 357 101 382 128
person 0.0759 355 102 371 128
person 0.0236 0 105 22 134
person 0.0180 469 101 494 161
person 0.0165 481 98 499 158
person 0.0148 154 92 190 122
person 0.0115 0 105 29 150
person 0.0095 444 101 477 140
person 0.0094 1 70 30 129
person 0.0090 454 94 493 211
person 0.0080 398 103 422 130
person 0.0069 9 108 27 132
person 0.0064 0 105 12 136
person 0.0059 470 100 498 231
person 0.0050 485 101 499 212
person 0.0043 22 107 35 127
person 0.0043 367 96 408 134
person 0.0043 209 47 230 81
person 0.0042 16 106 33 130
person 0.0041 494 94 500 150
person 0.0035 1 56 33 101
person 0.0027 390 96 406 121
person 0.0027 452 106 470 142
person 0.0027 436 102 464 138
person 0.0020 399 100 447 134
person 0.0019 207 46 222 75
person 0.0016 459 97 482 128
person 0.0016 492 111 500 167
person 0.0016 341 101 355 125
person 0.0014 455 106 480 144
person 0.0014 12 105 33 148
person 0.0014 415 102 460 152
person 0.0011 208 46 220 63
person 0.0010 0 55 25 87
train 0.0010 73 18 250 91
