bottle 0.0954 138 123 163 239
bottle 0.0712 131 76 161 213
bottle 0.0315 189 133 248 174
bottle 0.0112 129 101 166 281
bottle 0.0096 187 134 274 202
bottle 0.0078 143 82 179 139
bottle 0.0058 118 63 160 248
bottle 0.0050 150 109 235 209
bottle 0.0050 102 88 328 260
bottle 0.0049 68 116 123 171
bottle 0.0048 131 73 151 131
bottle 0.0040 164 144 252 217
bottle 0.0038 127 135 182 315
bottle 0.0037 130 70 165 148
bottle 0.0035 138 81 189 176
bottle 0.0031 65 100 224 363
bottle 0.0028 132 95 245 274
bottle 0.0028 41 50 137 210
bottle 0.0025 147 76 202 142
bottle 0.0025 185 97 259 176
bottle 0.0025 78 127 155 332
bottle 0.0023 135 109 183 250
bottle 0.0019 88 217 127 293
bottle 0.0019 120 25 155 118
bottle 0.0017 137 76 170 124
bottle 0.0017 -7 17 260 375
bottle 0.0016 126 59 153 178
bottle 0.0016 191 135 222 166
bottle 0.0015 0 176 12 331
bottle 0.0015 128 64 201 220
bottle 0.0014 124 30 145 97
bottle 0.0014 176 111 346 222
bottle 0.0013 79 24 259 279
bottle 0.0013 38 25 171 278
bottle 0.0013 36 312 71 373
bottle 0.0011 165 130 231 182
bottle 0.0011 66 79 132 192
bottle 0.0011 0 223 14 306
bottle 0.0010 7 132 153 371
cat 0.5284 163 156 265 334
cat 0.0060 162 137 353 329
cat 0.0022 45 136 281 364
chair 0.0074 335 2 429 128
chair 0.0034 0 145 32 249
chair 0.0033 0 102 16 263
chair 0.0018 0 79 44 311
chair 0.0014 0 18 122 278
chair 0.0014 471 25 500 285
chair 0.0013 314 -2 441 200
diningtable 0.0021 0 179 107 372
diningtable 0.0012 102 69 371 351
diningtable 0.0011 5 92 261 372
dog 0.0099 167 164 272 359
dog 0.0074 161 150 340 332
dog 0.0027 99 137 266 352
person 0.7332 407 -1 500 230
person 0.0285 0 133 18 328
person 0.0221 -1 23 41 368
person 0.0138 0 124 37 319
person 0.0130 -1 4 124 377
person 0.0087 0 3 71 297
person 0.0062 0 31 25 304
person 0.0029 477 0 500 238
person 0.0019 112 73 312 351
person 0.0016 1 134 94 373
person 0.0014 24 15 145 233
person 0.0013 320 -1 469 229
person 0.0012 37 26 189 371
person 0.0011 0 70 14 246
pottedplant 0.0410 183 101 355 221
pottedplant 0.0068 195 111 266 168
pottedplant 0.0023 167 6 357 216
pottedplant 0.0023 155 85 368 322
pottedplant 0.0012 187 43 297 175
pottedplant 0.0011 181 0 204 16
pottedplant 0.0010 205 94 271 151
tvmonitor 0.0026 -1 220 101 374
tvmonitor 0.0013 49 1 94 89
