bicycle 0.0697 6 197 63 288
bicycle 0.0193 480 201 499 260
bicycle 0.0126 436 201 500 279
bicycle 0.0054 0 205 13 257
bicycle 0.0038 13 223 69 306
bicycle 0.0023 -1 201 49 260
bicycle 0.0016 12 214 102 317
bicycle 0.0014 467 208 499 277
bicycle 0.0012 489 185 499 256
bottle 0.0015 398 218 414 253
bottle 0.0014 196 177 212 221
bottle 0.0012 397 182 417 226
bottle 0.0010 280 261 296 289
bottle 0.0010 394 221 420 267
bottle 0.0010 162 180 174 209
car 0.0541 103 -3 468 91
car 0.0019 0 198 15 255
car 0.0016 0 206 6 257
car 0.0012 0 198 31 256
car 0.0010 25 184 54 211
diningtable 0.0026 383 198 499 302
motorbike 0.8171 29 189 265 331
motorbike 0.3201 5 191 66 271
motorbike 0.2164 435 196 499 261
motorbike 0.1849 10 194 106 282
motorbike 0.0158 482 194 499 258
motorbike 0.0154 17 179 94 252
motorbike 0.0125 467 196 498 258
motorbike 0.0094 12 195 150 322
motorbike 0.0065 198 174 291 301
motorbike 0.0051 21 180 59 234
motorbike 0.0039 28 190 72 251
motorbike 0.0038 0 195 12 256
motorbike 0.0024 24 184 54 215
motorbike 0.0022 0 172 44 261
motorbike 0.0020 0 196 31 256
motorbike 0.0018 129 186 205 238
motorbike 0.0016 126 186 290 316
motorbike 0.0015 8 160 58 246
motorbike 0.0014 40 184 114 265
motorbike 0.0010 86 160 227 264
person 0.8659 339 149 390 318
person 0.8644 292 141 351 321
person 0.5758 207 112 284 288
person 0.3784 455 270 484 311
person 0.1982 485 269 499 313
person 0.1206 91 172 130 241
person 0.0824 312 111 332 144
person 0.0308 115 122 137 167
person 0.0285 313 109 338 167
person 0.0258 472 273 500 314
person 0.0219 408 286 431 317
person 0.0202 149 87 170 125
person 0.0195 393 161 414 203
person 0.0169 299 121 331 164
person 0.0149 86 173 121 217
person 0.0144 490 280 499 317
person 0.0112 345 156 393 247
person 0.0110 224 111 287 207
person 0.0099 82 170 104 210
person 0.0092 396 160 413 184
person 0.0090 166 103 186 133
person 0.0080 458 264 481 292
person 0.0073 67 176 149 289
person 0.0073 96 164 148 232
person 0.0061 261 108 294 184
person 0.0060 365 155 399 234
person 0.0058 157 105 186 141
person 0.0056 143 84 180 130
person 0.0052 379 158 413 213
person 0.0051 462 261 495 301
person 0.0048 393 247 436 319
person 0.0047 73 178 127 261
person 0.0047 375 156 397 210
person 0.0047 483 288 499 319
person 0.0044 147 95 171 141
person 0.0040 486 171 499 258
person 0.0040 178 102 315 225
person 0.0039 412 235 484 317
person 0.0037 378 158 395 194
person 0.0036 123 85 144 125
person 0.0031 489 266 500 303
person 0.0030 338 149 359 183
person 0.0027 127 82 159 129
person 0.0027 476 266 496 299
person 0.0026 166 90 187 123
person 0.0026 80 184 96 228
person 0.0026 117 107 143 154
person 0.0026 74 171 102 223
person 0.0024 149 107 167 127
person 0.0024 91 175 159 261
person 0.0024 207 125 223 154
person 0.0024 296 133 324 169
person 0.0023 318 132 376 298
person 0.0023 403 269 432 319
person 0.0022 337 148 363 218
person 0.0021 399 159 425 187
person 0.0021 267 107 291 139
person 0.0020 310 128 358 239
person 0.0020 342 106 364 149
person 0.0020 145 72 169 110
person 0.0019 449 265 476 302
person 0.0019 131 98 147 132
person 0.0018 107 114 143 185
person 0.0018 0 129 32 261
person 0.0018 373 146 389 178
person 0.0017 491 168 499 246
person 0.0016 57 178 102 239
person 0.0016 408 121 429 159
person 0.0016 70 190 107 233
person 0.0016 0 179 12 256
person 0.0016 485 210 500 310
person 0.0015 71 161 188 268
person 0.0015 152 83 171 111
person 0.0015 248 86 269 114
person 0.0014 123 111 152 156
person 0.0014 381 147 404 181
person 0.0013 0 129 18 246
person 0.0013 390 171 410 216
person 0.0013 0 186 6 256
person 0.0013 356 106 373 150
person 0.0013 340 146 388 208
person 0.0013 153 117 184 170
person 0.0012 199 116 252 188
person 0.0012 483 264 499 294
person 0.0011 89 150 143 212
person 0.0011 258 112 302 221
person 0.0011 301 109 328 145
person 0.0011 115 40 163 118
person 0.0011 82 197 94 225
person 0.0011 390 162 409 188
person 0.0010 316 103 337 138
person 0.0010 396 126 418 171
pottedplant 0.0013 445 210 495 300
