boat 0.0016 417 60 493 85
car 0.0071 221 121 485 285
car 0.0067 422 61 492 82
car 0.0023 491 53 500 81
car 0.0019 459 60 498 83
chair 0.0062 483 148 500 217
chair 0.0014 494 154 500 225
cow 0.8214 3 156 85 268
cow 0.7695 198 146 384 295
cow 0.4007 70 150 150 265
cow 0.0147 0 158 10 215
cow 0.0145 0 158 22 223
cow 0.0110 0 158 41 251
cow 0.0033 45 156 115 267
cow 0.0032 0 160 6 233
cow 0.0032 0 157 7 183
cow 0.0023 0 161 13 252
cow 0.0019 196 146 293 275
cow 0.0010 0 155 13 187
cow 0.0010 293 146 376 290
horse 0.3986 124 135 195 268
horse 0.2532 208 148 378 296
horse 0.0872 75 145 183 268
horse 0.0352 408 137 484 267
horse 0.0088 256 146 446 299
horse 0.0080 483 144 499 212
horse 0.0080 302 146 380 304
horse 0.0051 196 149 235 195
horse 0.0027 197 150 306 281
horse 0.0012 199 149 240 175
person 0.8106 385 105 430 281
person 0.2126 485 114 500 216
person 0.1849 379 114 471 273
person 0.0388 412 134 482 266
person 0.0203 490 138 500 218
person 0.0146 488 51 500 209
person 0.0109 0 156 10 206
person 0.0100 384 190 426 277
person 0.0086 476 133 498 215
person 0.0055 196 149 295 277
person 0.0047 455 144 482 212
person 0.0037 0 158 7 188
person 0.0033 459 147 473 166
person 0.0032 446 128 493 230
person 0.0032 490 104 500 186
person 0.0026 387 103 424 213
person 0.0024 478 61 499 218
person 0.0023 306 150 402 301
person 0.0016 458 146 477 180
person 0.0012 487 142 498 245
person 0.0011 308 227 334 269
