bottle 0.9480 102 102 141 236
bottle 0.8098 166 177 188 244
bottle 0.0093 142 151 159 207
bottle 0.0089 101 101 139 173
bottle 0.0030 104 157 137 239
bottle 0.0023 127 111 157 227
bottle 0.0018 153 151 177 208
bottle 0.0013 159 171 171 209
bottle 0.0011 124 123 182 227
chair 0.0239 3 273 191 373
chair 0.0024 5 238 331 374
chair 0.0018 38 134 424 375
chair 0.0016 83 321 404 374
chair 0.0015 33 296 473 374
chair 0.0012 174 331 310 373
diningtable 0.1286 0 131 381 372
person 0.0113 1 95 105 220
person 0.0038 22 84 60 102
person 0.0012 21 94 165 235
person 0.0011 5 78 55 127
tvmonitor 0.0474 206 143 387 259
tvmonitor 0.0085 159 140 404 341
tvmonitor 0.0074 30 134 481 367
tvmonitor 0.0057 315 -8 500 62
tvmonitor 0.0016 207 44 497 293
tvmonitor 0.0013 309 -6 501 160
