chair 0.0143 407 207 500 323
chair 0.0065 93 171 390 331
chair 0.0031 256 171 372 329
chair 0.0022 329 213 416 330
chair 0.0015 432 238 501 334
dog 0.0766 88 250 197 298
dog 0.0352 19 231 203 315
dog 0.0088 15 196 259 343
dog 0.0025 28 241 177 290
dog 0.0018 76 252 209 333
dog 0.0010 72 251 143 293
person 0.0088 0 193 223 327
person 0.0026 2 226 133 324
person 0.0011 0 170 26 322
person 0.0010 72 238 240 325
pottedplant 0.0242 463 110 499 140
pottedplant 0.0151 440 287 498 331
pottedplant 0.0037 53 0 202 175
pottedplant 0.0010 462 109 499 181
sofa 0.9470 0 168 361 332
sofa 0.0308 71 223 259 308
