bottle 0.5212 2 283 165 332
bottle 0.4712 208 285 369 330
bottle 0.1941 48 154 109 196
bottle 0.0964 103 155 158 196
bottle 0.0753 404 294 497 332
bottle 0.0280 358 159 409 196
bottle 0.0191 0 288 41 331
bottle 0.0175 214 121 260 164
bottle 0.0143 0 286 83 333
bottle 0.0131 192 155 239 198
bottle 0.0110 252 120 302 164
bottle 0.0108 135 157 194 196
bottle 0.0101 57 289 122 329
bottle 0.0084 314 157 370 199
bottle 0.0082 394 122 445 196
bottle 0.0073 207 286 275 330
bottle 0.0069 282 295 398 331
bottle 0.0065 378 146 434 190
bottle 0.0059 309 219 382 277
bottle 0.0056 231 159 281 197
bottle 0.0053 11 200 130 311
bottle 0.0050 64 282 391 331
bottle 0.0048 472 298 500 330
bottle 0.0045 -1 243 187 335
bottle 0.0044 42 152 159 198
bottle 0.0044 319 303 385 330
bottle 0.0035 405 295 438 331
bottle 0.0033 39 144 117 218
bottle 0.0032 107 296 193 331
bottle 0.0028 168 262 420 332
bottle 0.0026 399 130 477 192
bottle 0.0023 207 288 243 331
bottle 0.0023 261 155 320 200
bottle 0.0020 269 290 339 331
bottle 0.0019 234 84 277 133
bottle 0.0018 287 156 355 199
bottle 0.0018 360 118 418 200
bottle 0.0018 -42 204 548 306
bottle 0.0017 272 88 315 138
bottle 0.0016 449 299 495 330
bottle 0.0015 293 46 340 92
bottle 0.0015 37 211 146 286
bottle 0.0012 57 217 126 272
bottle 0.0012 370 162 435 199
bottle 0.0011 51 136 178 222
bottle 0.0011 317 320 387 332
bottle 0.0011 482 291 499 325
bottle 0.0010 16 108 146 281
bottle 0.0010 87 21 131 159
person 0.0011 416 125 497 195
