cat 0.0096 309 219 495 336
cow 0.0021 7 150 301 373
cow 0.0018 104 182 227 246
cow 0.0010 163 113 393 324
dog 0.4642 197 124 491 341
dog 0.0258 277 211 500 334
dog 0.0021 79 229 492 370
dog 0.0013 203 138 367 328
dog 0.0010 135 221 340 333
sheep 0.4792 74 133 205 209
sheep 0.3275 1 218 215 373
sheep 0.2205 0 243 88 345
sheep 0.0210 203 121 471 324
sheep 0.0143 2 123 89 153
sheep 0.0050 10 136 209 236
sheep 0.0045 99 250 216 373
sheep 0.0034 2 134 219 340
sheep 0.0029 220 129 399 230
sheep 0.0018 74 225 282 374
sheep 0.0018 80 127 205 176
sheep 0.0013 0 155 124 355
sheep 0.0011 83 160 223 253
