bottle 0.0017 176 128 212 197
bottle 0.0010 106 309 149 334
chair 0.0360 0 1 46 253
chair 0.0031 0 0 110 311
chair 0.0015 0 -2 22 245
person 0.8772 324 0 500 335
person 0.5639 234 20 426 336
person 0.0651 230 34 333 218
person 0.0286 196 21 349 347
person 0.0043 383 102 502 333
person 0.0024 456 24 499 336
pottedplant 0.8162 117 78 211 198
pottedplant 0.3161 80 207 124 333
pottedplant 0.0111 57 205 157 331
pottedplant 0.0068 1 -4 110 254
pottedplant 0.0043 86 195 118 286
pottedplant 0.0042 42 0 116 214
pottedplant 0.0039 2 205 104 332
pottedplant 0.0019 176 127 212 198
pottedplant 0.0010 152 121 215 204
tvmonitor 0.0259 0 4 46 286
tvmonitor 0.0191 0 112 43 261
tvmonitor 0.0065 1 164 51 283
tvmonitor 0.0042 0 129 17 264
tvmonitor 0.0039 0 1 101 340
tvmonitor 0.0037 0 181 34 261
tvmonitor 0.0035 0 194 79 329
tvmonitor 0.0022 17 132 58 268
tvmonitor 0.0020 17 173 56 244
tvmonitor 0.0018 0 165 21 304
tvmonitor 0.0018 0 133 29 217
tvmonitor 0.0016 6 79 64 293
