bottle 0.0645 336 230 379 291
bottle 0.0068 0 114 14 287
bottle 0.0066 149 77 163 108
bottle 0.0033 0 159 11 243
bottle 0.0017 214 44 244 77
bottle 0.0014 419 189 473 320
cat 0.0026 156 174 276 250
cat 0.0013 124 133 286 289
chair 0.1358 53 117 384 329
chair 0.0835 372 162 499 329
chair 0.0188 435 141 501 331
chair 0.0070 0 195 65 332
chair 0.0043 0 173 127 333
chair 0.0019 149 107 510 323
chair 0.0015 281 142 500 351
chair 0.0011 0 124 43 331
diningtable 0.0055 112 85 495 323
dog 0.4195 90 172 373 333
dog 0.0957 49 105 288 328
dog 0.0021 168 173 289 248
dog 0.0020 142 172 292 313
person 0.3829 59 83 382 334
person 0.0520 0 34 43 242
person 0.0113 444 131 500 328
person 0.0092 -2 62 27 327
person 0.0043 0 56 87 334
person 0.0026 184 185 383 334
person 0.0014 0 114 46 333
person 0.0014 29 118 172 290
person 0.0010 373 61 501 331
pottedplant 0.5483 51 130 142 206
pottedplant 0.0341 18 120 149 288
pottedplant 0.0034 9 101 139 221
pottedplant 0.0025 213 44 243 78
pottedplant 0.0022 98 135 142 192
pottedplant 0.0016 64 125 187 220
tvmonitor 0.0401 0 45 43 232
tvmonitor 0.0011 38 63 481 206
