bottle 0.0478 119 136 137 182
bottle 0.0030 115 127 147 182
bottle 0.0021 110 135 127 182
bottle 0.0012 187 42 202 63
cat 0.0018 2 37 119 114
chair 0.4392 200 282 369 374
chair 0.1929 2 165 110 330
chair 0.1138 192 184 382 373
chair 0.0188 71 261 129 373
chair 0.0096 0 163 52 381
chair 0.0068 0 42 121 181
chair 0.0052 3 264 115 374
chair 0.0030 17 162 111 252
chair 0.0028 96 163 268 279
chair 0.0013 322 194 497 377
chair 0.0013 48 166 129 349
chair 0.0012 315 331 496 374
chair 0.0011 317 287 497 375
diningtable 0.0038 61 171 394 370
person 0.0472 0 183 50 376
person 0.0257 0 39 120 131
person 0.0124 0 282 61 376
person 0.0063 1 49 113 314
person 0.0054 145 12 251 157
person 0.0031 0 58 41 348
person 0.0025 153 0 224 94
person 0.0020 0 177 24 384
person 0.0020 156 0 215 57
pottedplant 0.7220 409 16 451 78
pottedplant 0.0444 409 16 451 47
pottedplant 0.0022 414 6 445 40
pottedplant 0.0017 370 0 409 55
pottedplant 0.0010 424 17 449 39
sofa 0.0104 0 40 122 192
sofa 0.0011 73 162 387 356
tvmonitor 0.8825 261 58 362 151
tvmonitor 0.8479 148 55 254 164
tvmonitor 0.0588 8 165 107 255
tvmonitor 0.0041 0 119 43 372
tvmonitor 0.0031 271 59 357 103
tvmonitor 0.0028 0 50 121 204
tvmonitor 0.0028 363 53 467 189
tvmonitor 0.0022 2 102 112 281
tvmonitor 0.0017 117 99 158 182
