bus 0.9008 219 89 348 220
bus 0.0013 285 106 429 210
car 0.8940 0 158 125 260
car 0.8838 302 187 403 246
car 0.3011 196 165 220 183
car 0.2062 432 172 472 189
car 0.0824 464 175 498 191
car 0.0805 183 161 221 181
car 0.0448 444 175 487 192
car 0.0228 151 168 177 183
car 0.0204 450 176 477 197
car 0.0109 125 166 179 184
car 0.0073 427 171 459 186
car 0.0068 171 161 204 181
car 0.0046 467 161 500 190
car 0.0045 493 175 500 192
car 0.0043 29 158 128 210
car 0.0033 434 164 470 184
car 0.0026 439 173 475 207
car 0.0021 475 179 499 200
car 0.0015 445 168 499 190
car 0.0015 179 160 201 176
car 0.0014 451 177 492 206
car 0.0010 114 159 159 183
car 0.0010 110 158 134 179
person 0.0028 444 179 476 234
person 0.0015 175 161 201 197
