aeroplane 0.0011 25 70 81 114
bird 0.0016 179 304 225 343
boat 0.0030 33 74 81 106
bottle 0.0042 335 200 344 224
bottle 0.0020 352 205 364 229
bus 0.0026 34 72 83 106
car 0.0040 34 76 78 106
car 0.0015 182 65 223 81
car 0.0011 0 93 18 122
chair 0.0476 49 266 247 373
chair 0.0402 465 167 500 251
chair 0.0194 460 225 500 376
chair 0.0161 478 194 500 254
chair 0.0106 466 167 500 339
chair 0.0076 313 169 326 190
chair 0.0072 481 184 499 305
chair 0.0064 291 224 328 280
chair 0.0063 485 149 500 247
chair 0.0056 416 239 499 374
chair 0.0049 492 176 500 253
chair 0.0044 345 160 366 233
chair 0.0038 440 154 500 244
chair 0.0037 246 287 332 373
chair 0.0036 478 199 500 364
chair 0.0029 339 199 362 226
chair 0.0029 289 225 336 313
chair 0.0028 436 288 499 374
chair 0.0027 437 152 500 337
chair 0.0020 495 162 500 245
chair 0.0020 301 172 326 190
chair 0.0018 273 236 356 364
chair 0.0017 296 178 329 221
chair 0.0014 265 230 328 323
chair 0.0013 482 251 499 379
chair 0.0013 488 193 499 247
chair 0.0012 302 169 328 205
chair 0.0012 458 310 500 374
chair 0.0012 262 211 401 352
chair 0.0012 174 274 350 373
chair 0.0011 20 261 167 374
chair 0.0011 234 262 308 349
chair 0.0010 292 198 326 236
chair 0.0010 277 198 324 261
diningtable 0.0012 235 188 495 371
person 0.0010 2 75 25 118
pottedplant 0.6630 415 170 443 245
pottedplant 0.1350 370 111 406 149
pottedplant 0.0917 466 83 500 160
pottedplant 0.0858 409 116 430 153
pottedplant 0.0497 388 111 415 151
pottedplant 0.0489 468 82 499 121
pottedplant 0.0431 437 131 457 155
pottedplant 0.0262 432 118 456 154
pottedplant 0.0252 414 121 438 154
pottedplant 0.0223 395 115 434 154
pottedplant 0.0209 354 108 399 146
pottedplant 0.0194 418 117 453 161
pottedplant 0.0157 418 121 446 212
pottedplant 0.0151 419 169 442 211
pottedplant 0.0148 454 118 489 161
pottedplant 0.0144 442 111 495 172
pottedplant 0.0128 442 115 465 156
pottedplant 0.0120 343 158 358 203
pottedplant 0.0108 429 127 457 169
pottedplant 0.0102 463 93 498 210
pottedplant 0.0079 451 120 469 158
pottedplant 0.0074 342 161 362 232
pottedplant 0.0058 426 117 446 152
pottedplant 0.0056 442 108 497 234
pottedplant 0.0047 327 112 368 143
pottedplant 0.0046 250 319 331 373
pottedplant 0.0045 455 129 479 159
pottedplant 0.0043 344 159 356 177
pottedplant 0.0041 378 121 401 150
pottedplant 0.0041 395 119 412 152
pottedplant 0.0037 176 156 227 188
pottedplant 0.0035 433 118 470 180
pottedplant 0.0032 463 123 483 159
pottedplant 0.0032 328 109 423 160
pottedplant 0.0030 424 117 458 187
pottedplant 0.0027 449 75 498 120
pottedplant 0.0026 444 91 470 154
pottedplant 0.0024 404 170 435 247
pottedplant 0.0020 479 95 499 243
pottedplant 0.0018 285 76 463 176
pottedplant 0.0018 452 101 475 158
pottedplant 0.0018 285 102 410 148
pottedplant 0.0016 443 73 461 118
pottedplant 0.0015 341 202 362 226
pottedplant 0.0014 344 146 358 171
pottedplant 0.0014 441 124 461 174
pottedplant 0.0013 477 103 499 162
pottedplant 0.0012 330 117 351 142
pottedplant 0.0012 360 116 386 146
pottedplant 0.0012 398 96 419 153
pottedplant 0.0012 183 305 231 347
pottedplant 0.0012 491 76 499 117
pottedplant 0.0012 314 112 379 154
pottedplant 0.0012 432 169 459 247
pottedplant 0.0012 368 204 390 238
pottedplant 0.0011 418 103 443 149
pottedplant 0.0010 389 160 494 248
pottedplant 0.0010 352 206 366 232
pottedplant 0.0010 347 108 367 135
sofa 0.0092 0 142 230 298
train 0.2523 2 90 221 206
train 0.0262 4 70 220 156
train 0.0089 -2 85 239 302
train 0.0085 156 69 228 103
train 0.0061 20 71 169 120
train 0.0052 32 73 82 107
train 0.0043 83 67 227 117
train 0.0027 225 156 321 188
train 0.0019 170 64 224 93
train 0.0013 164 84 229 104
train 0.0013 179 154 229 186
train 0.0012 75 90 220 171
tvmonitor 0.0018 0 258 66 374
tvmonitor 0.0011 292 105 326 137
