car 0.0014 488 143 499 157
cat 0.0022 436 171 501 296
chair 0.2789 189 176 261 278
chair 0.0300 147 179 232 309
chair 0.0224 26 189 203 334
chair 0.0183 218 177 264 261
chair 0.0163 18 200 91 334
chair 0.0033 114 188 195 330
chair 0.0017 435 178 500 295
chair 0.0015 229 178 288 236
chair 0.0014 93 96 178 270
chair 0.0013 202 107 270 260
diningtable 0.0858 25 183 231 334
diningtable 0.0154 140 177 248 291
person 0.0548 142 106 169 171
person 0.0316 121 97 171 179
person 0.0138 104 92 156 183
person 0.0031 77 82 180 185
person 0.0021 110 99 141 169
person 0.0012 146 108 168 146
pottedplant 0.7784 256 82 358 239
pottedplant 0.1682 266 143 346 240
pottedplant 0.1507 329 72 407 151
pottedplant 0.0472 315 67 413 232
pottedplant 0.0249 326 72 378 222
pottedplant 0.0246 242 92 315 217
pottedplant 0.0220 395 87 439 155
pottedplant 0.0211 244 96 306 163
pottedplant 0.0096 398 121 430 150
pottedplant 0.0091 370 80 462 154
pottedplant 0.0064 335 63 480 172
pottedplant 0.0038 336 79 379 154
pottedplant 0.0027 106 167 162 246
pottedplant 0.0026 88 122 174 280
pottedplant 0.0024 488 143 499 158
pottedplant 0.0022 102 111 166 229
pottedplant 0.0022 347 91 434 155
pottedplant 0.0018 108 189 160 220
pottedplant 0.0016 407 133 434 151
pottedplant 0.0015 365 100 421 148
pottedplant 0.0015 246 93 297 128
pottedplant 0.0013 346 74 503 226
pottedplant 0.0011 403 113 444 151
pottedplant 0.0011 390 115 433 163
pottedplant 0.0011 379 116 422 149
pottedplant 0.0010 230 173 381 247
sofa 0.0019 436 176 500 311
tvmonitor 0.0010 330 2 496 162
