bottle 0.0048 349 5 461 83
bottle 0.0011 362 2 447 46
car 0.0048 480 43 500 198
car 0.0024 480 89 499 152
person 0.0476 115 0 282 202
person 0.0461 426 -1 499 232
person 0.0341 326 1 499 237
person 0.0262 429 0 500 101
person 0.0145 124 2 278 62
person 0.0092 476 13 500 224
person 0.0076 385 0 500 144
person 0.0049 336 1 499 88
person 0.0047 298 0 440 63
person 0.0044 110 -5 203 239
person 0.0014 289 1 364 55
person 0.0010 181 0 275 46
pottedplant 0.0076 301 0 452 80
pottedplant 0.0011 313 0 402 54
tvmonitor 0.5803 118 32 339 232
tvmonitor 0.0097 329 65 490 235
tvmonitor 0.0038 98 19 513 240
tvmonitor 0.0028 110 11 227 240
tvmonitor 0.0025 174 45 339 178
