bus 0.4725 199 184 231 219
bus 0.0019 148 189 203 235
bus 0.0017 419 175 459 225
car 0.8896 153 193 203 241
car 0.8677 0 222 45 277
car 0.8653 70 208 126 257
car 0.8357 29 218 88 265
car 0.5831 137 211 172 247
car 0.5697 121 211 147 251
car 0.1270 271 199 291 214
car 0.0427 107 210 136 253
car 0.0354 387 186 403 210
car 0.0308 118 204 162 250
car 0.0278 0 225 16 277
car 0.0230 198 184 230 222
car 0.0099 0 222 8 273
car 0.0041 147 201 183 244
car 0.0039 42 214 111 262
car 0.0031 135 215 157 251
car 0.0027 419 176 461 228
car 0.0025 10 219 70 270
car 0.0020 158 211 181 244
car 0.0018 262 196 284 211
car 0.0018 150 219 175 247
car 0.0012 181 194 203 239
car 0.0012 307 202 337 226
car 0.0010 132 186 215 249
car 0.0010 60 215 92 261
car 0.0010 23 220 54 269
motorbike 0.7606 306 244 352 324
person 0.8354 303 207 355 301
person 0.0573 387 186 402 212
person 0.0345 330 184 342 212
person 0.0299 411 177 425 220
person 0.0075 409 175 448 225
person 0.0062 454 196 465 220
person 0.0029 423 181 454 227
person 0.0016 395 184 419 217
person 0.0012 412 198 424 223
person 0.0010 323 187 344 214
person 0.0010 447 191 463 225
