bird 0.0024 1 269 66 330
car 0.9420 109 33 362 235
person 0.8322 326 1 358 58
person 0.7496 277 0 311 37
person 0.7075 234 1 273 36
person 0.5847 411 0 445 53
person 0.4943 371 2 400 58
person 0.3905 353 3 377 56
person 0.2844 97 27 120 71
person 0.2567 390 9 412 55
person 0.0465 148 15 166 66
person 0.0343 395 7 424 54
person 0.0325 372 0 395 29
person 0.0240 258 0 285 29
person 0.0201 348 1 369 25
person 0.0164 160 13 189 58
person 0.0146 347 0 373 41
person 0.0099 360 1 382 40
person 0.0083 390 4 410 35
person 0.0083 404 0 432 46
person 0.0080 232 4 275 64
person 0.0064 223 51 266 84
person 0.0064 277 0 313 70
person 0.0052 427 0 447 48
person 0.0048 150 13 175 60
person 0.0047 324 1 351 29
person 0.0041 379 11 406 60
person 0.0032 104 23 140 71
person 0.0029 318 4 339 58
person 0.0027 388 3 405 26
person 0.0024 278 0 304 24
person 0.0022 379 0 395 20
person 0.0020 234 48 279 89
person 0.0019 206 57 251 89
person 0.0018 309 7 333 59
person 0.0018 99 26 119 48
person 0.0016 438 0 455 51
person 0.0016 330 1 361 18
person 0.0016 246 4 295 39
person 0.0013 173 13 192 51
person 0.0012 135 15 171 66
person 0.0012 163 3 193 44
person 0.0011 352 0 373 19
person 0.0010 394 0 419 28
tvmonitor 0.0013 454 -4 499 207
