bottle 0.0029 493 188 500 256
chair 0.7849 377 71 496 265
chair 0.0809 4 118 183 367
chair 0.0278 414 71 498 212
chair 0.0052 311 109 495 340
chair 0.0048 419 85 499 352
chair 0.0030 449 122 499 320
chair 0.0011 437 181 500 280
diningtable 0.0010 292 77 498 230
person 0.7056 274 77 360 210
person 0.7046 297 174 426 338
person 0.4561 193 94 276 205
person 0.4515 8 90 297 364
person 0.3356 106 87 275 313
person 0.2717 188 129 299 326
person 0.2507 194 135 285 228
person 0.2189 110 84 215 255
person 0.0878 151 100 282 252
person 0.0723 145 130 354 360
person 0.0684 5 85 172 328
person 0.0529 191 94 253 172
person 0.0357 282 97 402 309
person 0.0176 244 82 351 263
person 0.0129 196 86 371 315
person 0.0117 220 139 425 344
person 0.0062 311 106 495 342
person 0.0055 202 94 253 139
person 0.0049 202 112 323 219
person 0.0045 287 115 393 192
person 0.0045 58 155 468 376
person 0.0038 117 84 198 191
person 0.0033 294 124 410 243
person 0.0022 325 191 473 324
person 0.0017 326 160 406 308
person 0.0016 187 141 260 269
person 0.0014 116 92 268 201
person 0.0011 47 84 192 259
sofa 0.0197 6 146 316 370
sofa 0.0038 59 165 501 371
tvmonitor 0.0499 354 73 413 129
