bicycle 0.7824 251 227 287 261
bicycle 0.0043 267 225 307 266
bicycle 0.0020 290 230 311 271
bicycle 0.0015 425 237 491 303
car 0.0020 0 174 11 215
car 0.0010 460 -1 500 46
pottedplant 0.2241 94 257 135 302
pottedplant 0.0463 116 257 149 299
pottedplant 0.0114 56 240 102 255
pottedplant 0.0071 93 236 141 296
pottedplant 0.0060 129 265 168 298
pottedplant 0.0056 331 230 409 259
pottedplant 0.0048 54 240 79 254
pottedplant 0.0040 138 275 178 297
pottedplant 0.0039 126 267 149 298
pottedplant 0.0025 329 279 351 303
pottedplant 0.0021 72 243 104 255
pottedplant 0.0020 0 178 12 232
pottedplant 0.0014 57 239 117 263
pottedplant 0.0014 128 281 147 298
