bus 0.0045 300 238 377 271
bus 0.0022 0 226 11 272
car 0.9201 69 261 206 319
car 0.8336 0 284 62 372
car 0.8152 432 279 499 349
car 0.5710 209 268 353 332
car 0.5352 257 271 475 341
car 0.0495 467 278 500 350
car 0.0495 383 271 502 341
car 0.0328 389 265 497 297
car 0.0185 156 260 196 278
car 0.0157 213 256 457 311
car 0.0075 342 269 494 317
car 0.0064 0 277 47 345
car 0.0063 492 271 500 350
car 0.0056 296 239 371 273
car 0.0055 470 253 494 277
car 0.0042 177 277 213 309
car 0.0041 0 272 20 343
car 0.0039 164 268 212 300
car 0.0031 468 250 499 292
car 0.0030 60 260 75 271
car 0.0028 484 247 500 271
car 0.0025 347 266 469 299
car 0.0024 493 246 499 273
car 0.0023 362 258 477 289
car 0.0019 0 281 32 330
car 0.0018 456 261 493 292
car 0.0018 0 325 58 376
car 0.0018 147 261 185 276
car 0.0017 189 279 211 305
car 0.0017 341 273 438 334
car 0.0016 466 238 500 272
car 0.0016 0 286 32 368
car 0.0015 166 264 209 281
car 0.0013 152 262 202 288
car 0.0013 352 254 404 276
car 0.0013 396 276 482 313
car 0.0013 488 289 499 351
car 0.0013 351 257 437 281
car 0.0012 337 332 497 370
car 0.0012 468 309 500 361
car 0.0012 477 260 500 336
car 0.0011 365 264 403 277
car 0.0011 317 248 422 281
car 0.0011 208 273 276 329
car 0.0011 147 262 208 308
car 0.0011 362 256 394 273
car 0.0010 390 261 450 280
car 0.0010 0 266 5 289
car 0.0010 336 291 496 358
person 0.0654 475 261 485 282
person 0.0106 473 259 490 285
person 0.0046 204 262 212 277
person 0.0027 455 261 495 292
person 0.0014 477 258 495 297
person 0.0011 446 250 456 264
pottedplant 0.0069 456 134 499 258
