bottle 0.0369 250 257 263 281
bottle 0.0062 245 260 258 282
bottle 0.0032 239 261 250 280
bottle 0.0022 312 254 331 286
bottle 0.0017 254 256 269 280
chair 0.7157 434 290 499 376
chair 0.6916 205 290 298 374
chair 0.0449 442 289 498 335
chair 0.0222 371 319 425 377
chair 0.0186 313 296 372 374
chair 0.0126 456 332 499 377
chair 0.0117 170 319 232 376
chair 0.0108 164 290 251 376
chair 0.0079 384 339 456 377
chair 0.0075 246 286 336 375
chair 0.0067 474 292 498 375
chair 0.0042 372 315 486 376
chair 0.0040 422 310 476 377
chair 0.0027 147 327 218 375
chair 0.0025 356 296 387 373
chair 0.0010 491 301 500 380
chair 0.0010 258 329 321 375
chair 0.0010 316 279 380 347
pottedplant 0.0010 335 265 382 283
tvmonitor 0.8698 271 233 317 278
tvmonitor 0.0080 328 279 379 305
tvmonitor 0.0015 317 277 380 337
tvmonitor 0.0013 335 265 381 290
