bird 0.0994 97 38 330 221
bird 0.0048 227 37 339 200
bird 0.0020 261 40 342 156
bird 0.0017 260 42 335 102
bird 0.0014 107 47 326 123
bus 0.0011 -4 205 418 303
cat 0.0437 203 38 332 98
cat 0.0031 261 40 332 87
chair 0.0033 54 72 350 300
chair 0.0018 117 147 327 298
chair 0.0011 307 114 399 288
diningtable 0.0020 33 160 384 303
dog 0.0096 206 39 332 89
dog 0.0036 257 41 334 102
horse 0.0154 86 47 329 296
person 0.6025 0 62 40 124
person 0.5608 53 62 119 211
person 0.5445 55 60 117 126
person 0.1449 0 64 42 176
person 0.0506 129 71 185 101
person 0.0471 98 65 193 220
person 0.0383 36 64 67 119
person 0.0239 0 48 14 102
person 0.0182 0 57 19 116
person 0.0134 47 51 283 229
person 0.0094 0 63 37 282
person 0.0089 22 64 69 161
person 0.0085 40 59 127 287
person 0.0044 0 59 17 210
person 0.0041 0 76 62 231
person 0.0040 353 7 400 113
person 0.0037 123 72 185 130
person 0.0028 38 63 83 143
person 0.0026 0 40 7 95
person 0.0025 0 40 13 78
person 0.0025 102 45 226 156
person 0.0022 370 5 399 77
person 0.0021 72 70 223 281
person 0.0020 5 61 105 227
person 0.0019 354 118 400 238
person 0.0017 0 47 29 104
person 0.0017 387 279 399 300
person 0.0015 0 101 35 201
person 0.0014 47 70 73 122
person 0.0011 303 8 401 112
person 0.0010 361 5 400 193
sheep 0.0765 96 37 326 234
sheep 0.0586 202 38 332 102
sheep 0.0045 185 38 334 150
sheep 0.0013 197 41 276 99
sheep 0.0010 256 42 334 118
train 0.0015 -2 190 292 302
