bird 0.0038 0 0 48 113
chair 0.0041 116 135 312 488
person 0.5734 6 -2 160 282
person 0.4618 0 77 264 463
person 0.3845 179 3 335 377
person 0.1422 29 82 220 346
person 0.0695 85 16 311 418
person 0.0257 208 0 333 234
person 0.0237 34 0 165 137
person 0.0108 -3 0 112 185
person 0.0057 0 66 126 466
person 0.0055 -1 0 49 114
person 0.0054 0 258 145 454
person 0.0025 24 55 118 321
person 0.0024 84 0 169 104
person 0.0019 78 -5 179 188
person 0.0018 -4 224 312 501
person 0.0017 41 25 247 266
person 0.0017 2 266 126 375
person 0.0015 0 -1 101 104
person 0.0015 4 192 154 391
person 0.0013 0 0 46 43
person 0.0010 264 9 341 404
person 0.0010 -100 63 38 447
person 0.0010 69 0 329 224
pottedplant 0.0021 0 323 315 499
