bus 0.9734 123 93 468 305
bus 0.0268 66 140 99 194
bus 0.0187 99 166 133 196
bus 0.0096 482 169 500 204
bus 0.0074 79 144 118 198
bus 0.0051 478 148 500 206
bus 0.0031 72 157 104 201
bus 0.0024 64 115 99 176
bus 0.0012 69 149 91 206
bus 0.0012 471 118 498 206
car 0.3105 479 173 499 206
car 0.2735 68 188 87 212
car 0.2707 98 167 123 199
car 0.1115 75 183 100 203
car 0.0895 82 176 108 198
car 0.0464 73 159 130 202
car 0.0396 87 182 104 198
car 0.0313 89 179 117 198
car 0.0306 107 172 126 198
car 0.0301 69 173 94 205
car 0.0230 66 149 95 201
car 0.0123 70 138 135 214
car 0.0109 487 179 500 210
car 0.0080 468 174 490 205
car 0.0059 456 192 468 210
car 0.0036 71 188 102 210
car 0.0036 104 169 139 197
car 0.0035 463 178 484 208
car 0.0027 70 178 88 200
car 0.0021 95 183 123 200
car 0.0014 114 177 133 199
car 0.0012 65 169 108 218
car 0.0011 470 165 501 210
person 0.3467 168 159 206 195
person 0.1206 98 164 122 198
person 0.0219 173 155 226 200
person 0.0168 146 168 164 191
person 0.0126 152 162 193 194
person 0.0042 136 164 164 193
person 0.0037 152 141 274 252
person 0.0036 222 166 243 205
person 0.0027 147 165 180 190
person 0.0026 110 91 306 256
person 0.0024 99 160 119 180
person 0.0022 266 177 286 208
person 0.0021 134 156 205 220
person 0.0014 230 167 248 204
person 0.0013 166 130 255 201
person 0.0011 156 149 203 190
person 0.0010 162 153 248 218
