bicycle 0.0014 75 8 186 260
boat 0.0012 0 66 87 373
bottle 0.3440 121 5 171 110
bottle 0.2852 160 143 185 189
bottle 0.0233 114 10 174 191
bottle 0.0158 87 2 137 74
bottle 0.0117 123 0 168 59
bottle 0.0066 69 3 174 146
bottle 0.0034 108 0 132 19
bottle 0.0032 105 12 130 72
bottle 0.0029 86 0 117 58
bottle 0.0027 76 10 191 253
bottle 0.0027 102 23 141 98
bottle 0.0024 107 36 127 72
bottle 0.0021 95 1 130 33
bottle 0.0017 90 0 122 21
bottle 0.0017 109 1 143 37
bottle 0.0013 102 57 158 172
bottle 0.0012 100 78 135 134
chair 0.1318 336 -2 499 367
chair 0.0060 343 0 499 164
chair 0.0024 0 46 75 377
chair 0.0022 0 45 19 290
chair 0.0019 432 67 500 369
chair 0.0011 403 -24 498 286
chair 0.0010 0 39 38 373
dog 0.8908 122 173 264 370
person 0.5773 329 5 500 372
person 0.0023 409 32 499 367
