bottle 0.2745 291 93 316 160
bottle 0.1946 230 112 267 183
bottle 0.0880 188 138 231 257
bottle 0.0265 371 107 392 136
bottle 0.0261 185 133 227 179
bottle 0.0193 275 102 310 161
bottle 0.0179 352 114 384 173
bottle 0.0170 53 88 403 331
bottle 0.0162 119 140 168 251
bottle 0.0133 172 141 238 310
bottle 0.0092 262 109 300 161
bottle 0.0090 183 130 271 276
bottle 0.0080 305 91 354 158
bottle 0.0050 241 111 288 168
bottle 0.0046 312 82 339 117
bottle 0.0043 284 99 390 181
bottle 0.0042 234 112 265 140
bottle 0.0035 249 151 284 199
bottle 0.0035 273 114 311 197
bottle 0.0034 184 115 238 171
bottle 0.0034 259 110 290 145
bottle 0.0031 317 113 347 169
bottle 0.0029 340 94 373 130
bottle 0.0028 320 95 357 138
bottle 0.0026 229 126 341 217
bottle 0.0026 316 130 342 177
bottle 0.0025 222 114 268 234
bottle 0.0025 114 124 179 305
bottle 0.0024 160 152 192 225
bottle 0.0021 233 133 281 218
bottle 0.0019 134 140 186 234
bottle 0.0018 341 102 376 164
bottle 0.0017 208 133 254 199
bottle 0.0016 290 91 314 127
bottle 0.0016 328 98 354 167
bottle 0.0015 327 121 403 210
bottle 0.0015 181 127 223 164
bottle 0.0014 187 156 224 224
bottle 0.0013 302 139 336 194
bottle 0.0013 173 89 250 193
bottle 0.0012 271 127 300 164
bottle 0.0012 284 102 320 201
bottle 0.0012 179 100 445 247
bottle 0.0012 256 89 328 150
bottle 0.0010 188 140 239 199
bottle 0.0010 193 140 254 239
bottle 0.0010 247 114 266 138
car 0.0011 71 1 194 66
chair 0.6124 333 170 500 374
chair 0.0933 413 87 500 315
chair 0.0478 396 11 485 128
chair 0.0473 422 55 499 142
chair 0.0183 360 38 498 317
chair 0.0157 397 43 501 212
chair 0.0060 0 134 15 381
chair 0.0051 260 109 294 146
chair 0.0048 380 110 482 254
chair 0.0045 455 60 499 306
chair 0.0043 402 129 453 209
chair 0.0041 445 128 500 363
chair 0.0033 0 134 33 374
chair 0.0032 234 112 264 136
chair 0.0026 448 77 499 139
chair 0.0019 430 75 499 181
chair 0.0018 380 113 462 204
chair 0.0018 85 150 206 342
chair 0.0017 430 132 500 255
chair 0.0017 324 105 444 364
chair 0.0015 398 134 466 280
chair 0.0012 343 188 446 297
chair 0.0011 377 72 478 187
chair 0.0011 0 158 10 336
chair 0.0010 355 163 487 273
chair 0.0010 0 26 21 135
chair 0.0010 477 72 500 318
diningtable 0.3484 -36 85 451 361
diningtable 0.1207 74 118 346 324
diningtable 0.0038 241 96 495 364
diningtable 0.0017 188 81 477 263
person 0.6764 108 0 189 161
person 0.1273 130 -1 261 151
person 0.0252 313 83 341 117
person 0.0188 232 112 264 158
person 0.0175 233 111 260 137
person 0.0033 313 92 354 129
person 0.0031 123 0 396 137
person 0.0020 187 16 282 166
person 0.0017 313 48 489 313
person 0.0015 143 9 213 162
person 0.0011 0 78 13 364
tvmonitor 0.0019 344 96 375 122
