bus 0.9513 123 190 287 468
bus 0.4031 295 342 324 385
bus 0.0088 224 186 286 477
bus 0.0065 1 161 103 336
bus 0.0035 133 245 192 400
bus 0.0035 126 325 282 453
bus 0.0031 316 342 331 389
bus 0.0030 310 350 325 389
bus 0.0023 287 344 298 388
bus 0.0022 209 265 275 431
bus 0.0019 293 352 312 388
bus 0.0010 268 322 319 401
bus 0.0010 213 334 271 382
car 0.0090 298 367 321 386
car 0.0035 293 437 335 499
car 0.0034 286 363 296 393
car 0.0031 314 368 323 387
car 0.0030 320 369 331 392
car 0.0028 297 369 309 386
car 0.0014 289 361 302 392
car 0.0010 318 372 325 392
motorbike 0.2207 37 384 72 419
motorbike 0.0449 51 374 73 418
motorbike 0.0024 31 378 54 420
person 0.2847 25 369 44 417
person 0.2295 148 322 180 354
person 0.0724 76 370 88 408
person 0.0722 95 364 105 406
person 0.0632 86 371 100 406
person 0.0458 0 369 10 393
person 0.0456 218 343 240 366
person 0.0432 81 370 94 407
person 0.0397 53 371 73 414
person 0.0328 107 363 120 405
person 0.0276 98 363 115 406
person 0.0201 0 366 12 409
person 0.0183 5 367 23 400
person 0.0141 33 369 56 414
person 0.0090 322 374 331 404
person 0.0048 153 323 192 373
person 0.0035 227 341 258 365
person 0.0034 138 314 181 379
person 0.0031 208 304 250 396
person 0.0030 20 365 38 404
person 0.0030 144 311 172 360
person 0.0023 163 319 204 370
person 0.0023 60 371 75 404
person 0.0020 214 323 247 379
person 0.0018 68 374 86 414
person 0.0017 0 367 14 439
person 0.0015 1 365 20 425
person 0.0015 78 361 89 397
person 0.0014 161 326 186 359
person 0.0014 322 374 332 428
person 0.0013 213 340 231 367
person 0.0013 318 377 327 404
person 0.0012 15 367 41 435
person 0.0010 79 367 112 404
