boat 0.0010 482 95 499 137
bottle 0.0040 472 295 499 373
bottle 0.0014 433 281 499 374
bottle 0.0010 386 260 496 374
bus 0.0023 0 123 57 189
car 0.0013 477 160 498 187
chair 0.2805 267 167 502 374
chair 0.0655 0 173 121 287
chair 0.0157 8 158 286 282
chair 0.0095 338 235 496 372
chair 0.0043 470 185 499 379
chair 0.0037 23 158 179 265
chair 0.0021 162 164 284 340
chair 0.0020 430 213 499 375
diningtable 0.0036 9 264 320 379
person 0.7662 190 157 270 289
person 0.6889 346 165 497 376
person 0.3582 292 149 311 172
person 0.0207 182 162 499 372
person 0.0125 188 154 297 355
person 0.0115 123 160 356 368
person 0.0114 291 151 314 185
person 0.0089 -1 134 116 278
person 0.0027 471 208 500 378
person 0.0020 434 163 500 372
person 0.0017 74 128 420 299
person 0.0014 202 154 274 233
person 0.0013 0 120 87 237
person 0.0010 286 160 320 192
pottedplant 0.0019 474 158 499 233
sofa 0.2854 2 262 303 376
sofa 0.0495 0 194 119 288
sofa 0.0395 27 157 480 374
sofa 0.0180 59 155 306 288
