bottle 0.0961 112 63 147 190
bottle 0.0366 0 170 15 238
bottle 0.0310 49 192 93 233
bottle 0.0127 44 156 96 262
bottle 0.0083 0 197 119 372
bottle 0.0054 0 180 33 246
bottle 0.0032 -4 57 126 341
bottle 0.0026 18 138 103 281
bottle 0.0015 89 185 150 217
bottle 0.0014 0 152 77 298
bottle 0.0012 -1 171 49 260
bottle 0.0012 86 30 147 188
bottle 0.0011 0 195 44 368
bottle 0.0010 51 173 118 245
car 0.0252 403 115 500 280
chair 0.7628 417 231 501 372
chair 0.0189 402 112 500 322
chair 0.0162 424 230 499 307
chair 0.0057 0 202 116 373
chair 0.0026 0 250 79 375
chair 0.0022 461 232 500 301
chair 0.0014 415 202 481 315
chair 0.0013 488 224 500 296
chair 0.0013 431 122 499 269
chair 0.0012 394 67 500 200
chair 0.0010 33 220 438 379
person 0.0028 0 39 33 243
tvmonitor 0.8678 129 10 357 194
tvmonitor 0.2460 411 119 499 219
tvmonitor 0.1937 0 5 124 212
tvmonitor 0.0131 0 40 32 195
tvmonitor 0.0027 355 0 417 104
tvmonitor 0.0015 4 3 139 118
tvmonitor 0.0013 396 67 499 195
tvmonitor 0.0010 403 115 461 198
tvmonitor 0.0010 -3 0 147 355
