bird 0.1604 396 314 496 366
bird 0.0290 114 216 344 283
bird 0.0074 0 217 48 281
bird 0.0068 107 222 248 272
bird 0.0047 210 222 351 280
bird 0.0020 106 226 188 266
bird 0.0020 278 228 346 281
bird 0.0019 441 250 501 359
bird 0.0014 464 252 499 306
bird 0.0011 388 242 500 368
car 0.9352 226 137 456 235
car 0.9054 43 134 239 231
car 0.0725 449 186 491 213
car 0.0307 0 142 58 230
car 0.0138 488 183 500 212
car 0.0050 470 192 495 213
car 0.0014 445 179 479 210
car 0.0014 449 190 474 211
car 0.0012 0 153 38 274
car 0.0011 228 140 343 226
car 0.0010 458 196 485 213
car 0.0010 492 197 499 214
cat 0.0082 104 226 217 270
dog 0.0103 109 226 188 267
person 0.0020 350 112 369 149
sheep 0.0013 404 316 499 368
