bottle 0.1957 154 162 167 194
bottle 0.0225 253 184 269 230
bottle 0.0151 265 189 278 227
bottle 0.0020 280 187 292 220
bottle 0.0016 147 163 169 202
bottle 0.0015 142 158 173 194
bottle 0.0013 141 161 154 197
bottle 0.0011 331 168 345 195
bottle 0.0010 267 189 282 212
chair 0.8529 126 265 254 321
chair 0.8059 3 268 121 313
chair 0.0075 217 456 374 500
chair 0.0071 313 459 374 499
chair 0.0030 3 265 126 358
chair 0.0025 0 463 92 499
chair 0.0023 -13 451 372 499
chair 0.0018 1 286 29 327
chair 0.0011 1 277 45 311
chair 0.0011 1 305 171 496
diningtable 0.6557 -1 296 378 499
diningtable 0.0034 34 256 277 317
diningtable 0.0026 -5 421 375 499
pottedplant 0.0021 209 115 237 182
tvmonitor 0.0048 314 144 358 174
tvmonitor 0.0015 168 212 212 241
