boat 0.0014 0 184 10 204
boat 0.0010 358 185 398 200
bottle 0.0567 197 233 210 291
bottle 0.0248 187 217 219 310
bottle 0.0113 196 236 212 266
bottle 0.0057 197 249 208 282
bottle 0.0047 197 227 212 253
chair 0.7218 0 286 81 373
chair 0.0171 35 293 80 373
person 0.9187 245 195 298 368
person 0.8764 148 180 212 360
person 0.6022 205 182 263 366
person 0.0178 204 233 245 358
person 0.0036 210 184 268 287
person 0.0032 191 193 251 315
person 0.0030 194 226 210 253
person 0.0027 123 218 302 361
person 0.0023 179 194 225 354
person 0.0015 218 188 293 327
person 0.0012 159 179 213 281
person 0.0011 190 216 214 261
train 0.0026 -5 101 513 319
train 0.0026 146 173 337 319
train 0.0023 142 192 461 368
