bottle 0.0031 305 313 463 375
bottle 0.0011 0 227 13 377
cat 0.0473 185 136 247 186
chair 0.0049 480 166 499 261
chair 0.0039 1 207 120 380
chair 0.0030 304 306 463 375
chair 0.0014 476 147 499 342
chair 0.0014 0 208 13 379
chair 0.0014 307 213 491 375
chair 0.0012 0 183 31 383
chair 0.0011 466 139 499 258
dog 0.1001 60 159 208 216
dog 0.0402 186 136 245 187
dog 0.0183 49 159 134 217
dog 0.0128 109 162 203 203
dog 0.0109 34 131 229 255
dog 0.0085 141 147 239 199
dog 0.0028 25 129 155 235
dog 0.0014 87 138 246 202
dog 0.0012 66 126 297 224
dog 0.0012 152 125 275 210
person 0.0037 252 33 273 57
pottedplant 0.5619 279 97 355 163
pottedplant 0.0069 279 102 371 197
pottedplant 0.0028 277 98 322 185
pottedplant 0.0011 275 118 347 175
sofa 0.9334 312 135 501 252
sofa 0.6316 1 132 430 375
sofa 0.0050 1 118 261 330
sofa 0.0048 40 148 276 232
sofa 0.0042 310 140 501 362
sofa 0.0010 472 151 499 361
