cow 0.7328 297 24 370 64
cow 0.7198 441 23 475 47
cow 0.6924 139 17 166 37
cow 0.5995 372 20 411 44
cow 0.5276 177 15 198 35
cow 0.3915 254 27 296 67
cow 0.3192 9 26 48 86
cow 0.1064 206 59 353 186
cow 0.0913 227 18 238 30
cow 0.0179 150 18 170 35
cow 0.0119 350 30 368 49
cow 0.0108 261 24 292 39
cow 0.0087 136 19 155 37
cow 0.0078 346 21 408 48
cow 0.0049 151 16 193 35
cow 0.0038 325 29 372 57
cow 0.0030 243 27 310 84
cow 0.0024 457 23 474 46
cow 0.0021 260 24 294 52
cow 0.0018 294 24 359 47
cow 0.0018 298 42 369 68
cow 0.0015 229 16 238 26
cow 0.0010 254 26 353 64
sheep 0.7617 73 35 204 114
sheep 0.6035 199 60 351 193
sheep 0.4644 98 18 120 35
sheep 0.4176 6 26 49 87
sheep 0.2340 161 129 278 197
sheep 0.0294 69 35 116 108
sheep 0.0167 77 27 152 96
sheep 0.0162 128 14 178 45
sheep 0.0072 106 20 125 34
sheep 0.0059 119 52 206 111
sheep 0.0059 142 82 303 198
sheep 0.0035 10 25 46 49
sheep 0.0023 176 116 338 203
sheep 0.0015 90 22 115 34
sheep 0.0015 97 23 119 42
sheep 0.0015 7 24 30 76
sheep 0.0012 18 25 52 69
