chair 0.7904 122 92 294 343
chair 0.6570 376 146 499 346
chair 0.6283 370 41 451 108
chair 0.3700 2 60 213 263
chair 0.2566 430 108 500 235
chair 0.2539 466 38 500 113
chair 0.2226 204 47 292 100
chair 0.1761 304 162 480 354
chair 0.1482 434 43 500 205
chair 0.1019 316 46 399 103
chair 0.0928 406 96 499 298
chair 0.0625 460 45 500 172
chair 0.0461 424 195 500 373
chair 0.0449 320 21 454 109
chair 0.0442 449 167 501 335
chair 0.0438 53 55 333 306
chair 0.0290 376 7 496 107
chair 0.0284 334 49 501 246
chair 0.0193 479 18 500 106
chair 0.0125 425 1 465 37
chair 0.0123 445 2 494 37
chair 0.0109 373 93 495 211
chair 0.0096 489 28 499 104
chair 0.0087 417 29 498 110
chair 0.0084 452 134 499 218
chair 0.0069 255 84 484 259
chair 0.0053 464 4 498 42
chair 0.0051 57 62 213 159
chair 0.0046 475 55 499 226
chair 0.0034 368 189 445 327
chair 0.0032 472 135 499 328
chair 0.0031 96 44 300 222
chair 0.0030 467 -1 499 94
chair 0.0029 354 43 466 197
chair 0.0029 337 4 393 57
chair 0.0026 375 2 454 50
chair 0.0025 275 48 369 93
chair 0.0024 189 34 315 214
chair 0.0022 341 8 435 63
chair 0.0021 476 85 500 172
chair 0.0021 494 14 500 95
chair 0.0020 302 83 461 207
chair 0.0019 224 49 331 91
chair 0.0018 454 227 500 376
chair 0.0018 317 3 397 91
chair 0.0017 483 197 500 336
chair 0.0017 347 180 473 290
chair 0.0014 430 151 499 282
chair 0.0013 1 46 116 202
chair 0.0013 280 77 433 341
chair 0.0013 241 48 296 93
chair 0.0011 493 107 500 184
chair 0.0011 260 54 326 88
chair 0.0011 0 61 70 233
chair 0.0010 423 4 487 46
chair 0.0010 81 59 221 117
diningtable 0.5177 127 81 493 348
diningtable 0.0164 293 84 489 322
diningtable 0.0089 231 161 463 351
diningtable 0.0073 188 81 487 239
diningtable 0.0021 301 93 462 214
person 0.0030 465 3 499 41
person 0.0012 493 2 500 39
