bottle 0.0159 0 120 17 235
bottle 0.0013 0 120 7 198
bottle 0.0010 0 149 6 233
chair 0.9338 311 125 469 368
chair 0.8696 258 106 328 168
chair 0.7461 155 150 328 372
chair 0.7037 84 114 200 311
chair 0.0854 146 143 288 299
chair 0.0532 259 103 339 288
chair 0.0213 0 235 14 372
chair 0.0204 101 131 229 381
chair 0.0158 278 124 387 348
chair 0.0156 0 215 28 372
chair 0.0088 219 134 359 329
chair 0.0071 81 117 159 262
chair 0.0066 186 151 296 261
chair 0.0033 1 126 28 236
chair 0.0031 0 292 17 378
chair 0.0030 238 144 330 263
chair 0.0018 127 146 238 269
chair 0.0014 1 262 170 371
chair 0.0011 267 142 368 263
diningtable 0.6711 133 150 386 374
diningtable 0.0025 255 153 407 365
tvmonitor 0.8256 12 110 98 190
tvmonitor 0.0152 0 114 20 231
tvmonitor 0.0028 0 116 15 183
tvmonitor 0.0011 0 116 34 204
