sheep 0.9005 238 141 330 308
sheep 0.8575 0 108 108 241
sheep 0.7809 404 137 499 287
sheep 0.7800 81 131 226 296
sheep 0.5982 273 116 359 187
sheep 0.3271 453 141 500 277
sheep 0.2014 275 110 322 143
sheep 0.1687 0 101 36 190
sheep 0.1264 136 146 225 264
sheep 0.0996 293 112 363 153
sheep 0.0464 426 130 498 239
sheep 0.0320 82 123 159 155
sheep 0.0258 61 121 162 224
sheep 0.0257 251 127 367 277
sheep 0.0220 238 120 347 227
sheep 0.0208 397 126 482 172
sheep 0.0201 274 111 334 170
sheep 0.0180 0 115 157 200
sheep 0.0126 487 110 500 145
sheep 0.0115 460 127 500 222
sheep 0.0098 79 125 160 182
sheep 0.0086 0 110 111 166
sheep 0.0079 0 101 25 242
sheep 0.0078 394 123 471 153
sheep 0.0074 233 133 296 222
sheep 0.0066 235 130 284 166
sheep 0.0061 396 122 443 146
sheep 0.0061 323 118 365 156
sheep 0.0057 400 127 488 209
sheep 0.0048 275 108 353 137
sheep 0.0047 0 102 57 216
sheep 0.0036 400 137 456 280
sheep 0.0033 0 99 35 147
sheep 0.0030 482 114 500 227
sheep 0.0028 87 127 222 212
sheep 0.0028 272 116 314 158
sheep 0.0024 21 115 161 155
sheep 0.0022 397 129 445 207
sheep 0.0022 296 119 374 213
sheep 0.0021 478 162 499 293
sheep 0.0018 307 116 369 173
sheep 0.0017 246 118 322 171
sheep 0.0015 317 113 360 142
sheep 0.0012 411 208 500 288
sheep 0.0012 413 116 497 150
sheep 0.0011 496 131 500 213
sheep 0.0011 474 107 500 141
sheep 0.0010 438 129 498 180
sheep 0.0010 455 122 498 146
sheep 0.0010 464 189 500 277
