car 0.9121 192 87 436 260
car 0.8457 73 193 140 238
car 0.0969 478 172 499 230
car 0.0085 479 197 499 228
car 0.0055 0 210 27 243
car 0.0019 480 123 500 234
car 0.0012 489 153 499 228
person 0.7181 315 108 377 153
person 0.4562 245 111 294 153
person 0.1949 266 116 313 151
person 0.0257 264 110 342 157
person 0.0231 295 92 426 182
person 0.0119 311 113 353 151
person 0.0106 154 72 427 235
person 0.0082 240 120 278 154
person 0.0053 204 90 335 201
person 0.0034 208 86 414 177
person 0.0022 255 102 379 153
person 0.0016 282 124 325 151
person 0.0010 336 111 399 151
person 0.0010 222 99 326 167
