aeroplane 0.0018 -1 14 483 363
bottle 0.6269 116 161 226 321
bottle 0.0080 113 199 194 311
bottle 0.0072 128 173 305 285
bottle 0.0017 74 184 237 366
bottle 0.0013 133 162 221 256
bus 0.0018 58 3 509 326
car 0.0542 189 184 305 273
car 0.0305 146 145 381 307
car 0.0089 113 20 502 361
car 0.0033 0 118 166 370
car 0.0019 176 184 333 322
car 0.0019 0 12 227 380
car 0.0017 36 159 467 369
car 0.0016 0 219 64 283
car 0.0010 -2 226 232 375
person 0.5397 240 67 499 375
person 0.0750 50 94 466 353
person 0.0347 118 176 238 374
person 0.0049 138 255 248 374
person 0.0042 110 170 355 371
person 0.0037 179 109 353 314
tvmonitor 0.0010 0 222 136 374
