bicycle 0.0010 460 0 499 70
sheep 0.9500 146 269 287 374
sheep 0.9264 0 280 155 374
sheep 0.9146 189 214 248 281
sheep 0.8860 416 264 500 374
sheep 0.8799 27 203 106 257
sheep 0.8790 353 232 435 298
sheep 0.7579 0 217 45 254
sheep 0.7050 1 248 68 294
sheep 0.6244 436 229 500 284
sheep 0.1846 462 249 499 305
sheep 0.1237 0 248 66 344
sheep 0.0962 442 244 500 316
sheep 0.0900 -1 270 46 374
sheep 0.0883 457 251 500 370
sheep 0.0584 25 244 70 284
sheep 0.0518 474 253 499 293
sheep 0.0173 412 256 470 312
sheep 0.0157 473 252 499 332
sheep 0.0104 0 224 47 285
sheep 0.0101 463 301 500 374
sheep 0.0099 469 229 500 287
sheep 0.0087 404 233 484 303
sheep 0.0065 3 219 72 261
sheep 0.0053 0 262 18 377
sheep 0.0049 0 247 44 320
sheep 0.0033 0 247 21 333
sheep 0.0031 8 235 140 344
sheep 0.0029 -2 237 97 313
sheep 0.0028 7 229 71 281
sheep 0.0026 16 204 81 244
sheep 0.0026 352 226 427 268
sheep 0.0025 0 216 11 252
sheep 0.0025 24 232 80 265
sheep 0.0024 352 231 393 291
sheep 0.0023 30 227 102 258
sheep 0.0022 -1 217 22 251
sheep 0.0020 146 265 221 368
sheep 0.0017 0 201 39 245
sheep 0.0016 414 266 463 346
sheep 0.0015 0 207 8 235
sheep 0.0014 481 303 498 374
sheep 0.0013 456 219 502 274
sheep 0.0013 0 211 14 234
sheep 0.0012 0 226 8 263
sheep 0.0010 485 249 499 286
sheep 0.0010 1 243 29 299
