aeroplane 0.0013 7 24 47 36
car 0.0522 0 59 22 72
car 0.0097 0 59 13 71
car 0.0016 0 60 43 74
car 0.0014 0 53 25 76
car 0.0014 44 67 56 76
car 0.0013 6 25 47 38
person 0.7603 471 139 498 207
person 0.7413 417 137 439 198
person 0.4455 448 139 475 203
person 0.0688 460 140 480 202
person 0.0419 487 137 499 205
person 0.0048 412 137 426 192
person 0.0036 347 82 357 101
person 0.0035 424 135 448 199
person 0.0023 446 136 460 185
person 0.0023 436 130 457 184
person 0.0018 445 129 458 167
person 0.0016 492 127 500 196
person 0.0015 467 141 481 182
person 0.0013 200 101 239 142
person 0.0010 415 144 434 184
train 0.8607 81 52 446 316
train 0.3612 0 55 109 359
train 0.0072 1 61 207 368
train 0.0036 0 60 87 241
train 0.0023 -1 55 29 333
train 0.0013 0 57 17 278
train 0.0012 1 67 57 328
