bird 0.0058 106 362 321 501
bird 0.0055 144 415 283 499
bird 0.0028 60 406 264 499
bird 0.0024 30 328 258 499
bird 0.0014 208 413 371 500
bird 0.0013 118 344 223 491
bird 0.0011 6 0 274 132
boat 0.0018 90 336 390 499
boat 0.0015 122 413 266 499
bottle 0.0011 83 -1 423 508
cat 0.0073 0 -4 278 225
cat 0.0052 144 -2 395 227
cat 0.0033 0 -1 404 328
cat 0.0024 109 -1 357 137
chair 0.0016 137 358 297 499
dog 0.0029 2 -4 219 225
person 0.0040 54 335 363 500
person 0.0037 234 360 396 499
person 0.0011 273 408 398 499
pottedplant 0.3658 -9 -6 403 507
pottedplant 0.0037 23 228 397 499
pottedplant 0.0015 -1 -1 336 309
