bottle 0.8886 180 132 219 252
bottle 0.6614 70 130 102 205
bottle 0.6609 51 113 75 171
bottle 0.6388 350 92 379 169
bottle 0.5555 403 96 431 156
bottle 0.2099 325 59 403 200
bottle 0.1031 342 80 390 173
bottle 0.0681 59 112 90 175
bottle 0.0427 25 11 84 295
bottle 0.0416 91 43 245 217
bottle 0.0366 176 102 231 162
bottle 0.0350 31 108 80 184
bottle 0.0333 50 124 89 202
bottle 0.0308 59 79 115 281
bottle 0.0231 302 11 414 298
bottle 0.0145 180 111 216 202
bottle 0.0115 125 114 208 178
bottle 0.0103 1 83 80 267
bottle 0.0099 315 96 377 180
bottle 0.0092 398 102 435 190
bottle 0.0073 74 95 112 197
bottle 0.0066 152 133 185 178
bottle 0.0064 92 87 238 175
bottle 0.0062 395 39 483 261
bottle 0.0054 156 95 215 170
bottle 0.0049 344 70 443 239
bottle 0.0046 315 95 364 147
bottle 0.0040 370 120 438 211
bottle 0.0035 293 31 379 245
bottle 0.0032 17 54 171 250
bottle 0.0030 370 150 414 193
bottle 0.0028 129 292 172 366
bottle 0.0027 161 123 209 180
bottle 0.0026 324 52 495 304
bottle 0.0025 51 126 71 199
bottle 0.0021 199 115 233 163
bottle 0.0020 8 197 92 291
bottle 0.0018 80 137 111 215
bottle 0.0017 23 124 88 235
bottle 0.0014 0 170 85 342
bottle 0.0014 355 115 403 199
bottle 0.0013 184 98 222 147
bottle 0.0013 142 49 257 170
bottle 0.0012 364 106 469 224
bottle 0.0011 367 99 426 187
bottle 0.0011 1 139 68 224
bottle 0.0010 28 212 77 269
bottle 0.0010 117 82 308 291
bottle 0.0010 332 128 429 226
chair 0.0058 232 148 492 374
chair 0.0028 374 144 499 374
diningtable 0.1819 9 120 420 375
diningtable 0.0073 137 120 279 341
diningtable 0.0046 97 90 318 297
diningtable 0.0027 -6 264 478 374
person 0.4751 381 2 499 370
person 0.4611 72 9 251 187
person 0.4538 288 0 488 375
person 0.1860 296 5 425 182
person 0.1736 0 33 90 377
person 0.1496 43 12 244 375
person 0.0561 2 131 149 376
person 0.0399 317 58 410 170
person 0.0393 448 -1 499 147
person 0.0304 -20 -15 191 398
person 0.0257 431 -13 499 308
person 0.0122 281 0 407 312
person 0.0109 0 2 11 163
person 0.0076 0 133 64 375
person 0.0076 144 92 491 372
person 0.0073 0 -35 51 342
person 0.0056 397 3 502 197
person 0.0053 0 1 25 163
person 0.0049 341 19 481 243
person 0.0048 102 43 302 259
person 0.0033 121 64 278 192
person 0.0031 8 75 77 200
person 0.0028 3 69 123 255
person 0.0028 0 14 39 235
person 0.0019 1 236 121 378
person 0.0015 0 -8 9 98
person 0.0012 0 -16 16 252
person 0.0012 0 2 5 79
person 0.0010 359 119 451 232
