bird 0.0023 141 39 162 69
boat 0.0013 0 14 8 36
person 0.8361 51 216 133 331
person 0.1503 149 138 191 214
person 0.0133 191 158 226 215
person 0.0107 158 137 217 238
person 0.0096 55 219 127 280
person 0.0081 173 149 216 214
person 0.0051 95 121 282 256
person 0.0044 69 218 118 258
person 0.0041 49 218 79 274
person 0.0030 93 231 136 328
person 0.0029 77 218 114 243
person 0.0019 474 215 486 234
person 0.0019 119 233 141 282
person 0.0019 51 218 72 253
person 0.0018 55 219 74 238
person 0.0015 103 223 140 295
person 0.0012 47 219 93 297
pottedplant 0.0353 420 242 495 332
pottedplant 0.0021 0 264 11 326
pottedplant 0.0020 1 261 36 323
pottedplant 0.0012 0 256 5 323
train 0.7701 115 113 500 298
train 0.0352 326 152 499 238
train 0.0129 7 8 514 332
train 0.0027 41 64 338 292
train 0.0022 146 125 383 270
train 0.0015 197 131 501 245
