boat 0.7081 40 15 312 404
boat 0.0308 185 361 305 410
boat 0.0011 256 360 302 410
person 0.6545 259 308 315 377
person 0.1726 271 316 339 373
person 0.0351 241 311 305 399
person 0.0225 263 307 309 350
person 0.0175 259 334 310 410
person 0.0163 257 317 340 408
person 0.0157 297 324 337 367
person 0.0035 309 324 337 352
person 0.0032 179 353 308 411
person 0.0027 240 292 339 376
person 0.0018 319 328 338 359
person 0.0017 283 307 309 341
person 0.0016 276 308 340 349
person 0.0013 221 361 241 379
person 0.0012 214 323 316 415
