car 0.6887 462 47 499 107
car 0.0240 460 55 500 147
car 0.0159 291 48 496 168
car 0.0133 467 48 500 73
car 0.0056 353 50 385 90
car 0.0040 327 50 444 115
car 0.0040 368 57 498 153
car 0.0021 492 48 500 67
car 0.0021 459 37 501 69
car 0.0020 384 52 407 65
car 0.0019 466 54 495 92
car 0.0019 474 42 500 66
car 0.0011 466 35 500 58
motorbike 0.8133 0 9 496 299
motorbike 0.0401 461 53 499 136
motorbike 0.0176 0 1 278 272
motorbike 0.0039 47 1 210 159
motorbike 0.0016 -1 35 89 210
motorbike 0.0013 60 5 206 89
