bicycle 0.0150 57 33 325 282
bicycle 0.0135 56 134 108 224
bicycle 0.0029 65 127 237 280
bicycle 0.0025 479 140 500 229
bicycle 0.0022 168 92 322 260
bicycle 0.0019 194 121 319 194
bicycle 0.0011 268 98 346 159
bicycle 0.0011 45 114 142 238
bottle 0.0082 54 77 67 118
bottle 0.0031 70 59 85 81
bottle 0.0012 26 131 66 231
car 0.0413 479 126 499 256
car 0.0056 479 163 499 228
car 0.0038 492 97 500 126
car 0.0020 463 110 501 239
chair 0.2436 50 132 102 228
chair 0.0037 27 128 89 234
chair 0.0016 42 104 125 229
motorbike 0.8943 263 99 416 212
motorbike 0.7612 65 112 324 280
motorbike 0.0468 185 117 327 261
motorbike 0.0348 481 106 499 235
motorbike 0.0046 243 98 361 195
person 0.0127 75 63 96 79
person 0.0078 51 66 110 221
person 0.0041 70 60 88 82
person 0.0022 18 33 94 230
person 0.0021 23 56 64 230
person 0.0011 62 55 101 89
tvmonitor 0.0372 0 57 11 119
