bus 0.8715 67 67 414 289
bus 0.2176 320 94 448 262
bus 0.0169 383 100 449 259
bus 0.0168 315 127 416 211
bus 0.0084 169 89 450 255
bus 0.0066 336 141 394 193
car 0.0038 388 192 448 261
car 0.0011 466 156 499 263
person 0.1910 254 123 303 178
person 0.1559 314 135 364 187
person 0.0927 234 116 306 199
person 0.0678 140 90 350 252
person 0.0675 291 98 454 256
person 0.0516 85 77 461 262
person 0.0305 256 138 306 198
person 0.0296 200 116 349 222
person 0.0283 240 115 297 163
person 0.0246 275 130 371 195
person 0.0159 305 146 381 202
person 0.0125 219 121 275 193
person 0.0123 296 146 351 195
person 0.0102 339 147 385 187
person 0.0097 276 102 407 216
person 0.0092 189 101 428 238
person 0.0089 258 117 306 156
person 0.0081 320 124 379 176
person 0.0047 331 128 396 189
person 0.0040 264 152 346 201
person 0.0029 212 142 256 198
person 0.0023 255 114 290 143
person 0.0018 222 110 275 164
person 0.0013 318 157 386 192
person 0.0012 264 114 336 176
person 0.0011 297 142 388 237
person 0.0010 245 134 286 197
