bus 0.9162 48 63 448 294
bus 0.0124 453 146 497 167
bus 0.0095 49 109 179 261
bus 0.0015 115 128 166 200
bus 0.0011 0 76 84 193
car 0.0069 464 145 498 166
car 0.0046 494 156 500 171
car 0.0025 448 151 459 171
car 0.0019 491 152 499 168
person 0.0974 109 160 163 197
person 0.0543 64 137 119 177
person 0.0511 68 139 169 215
person 0.0439 0 -1 101 83
person 0.0334 110 167 145 193
person 0.0197 79 142 129 181
person 0.0104 50 106 180 262
person 0.0052 90 145 141 195
person 0.0044 119 135 163 190
person 0.0043 35 124 102 187
person 0.0042 26 93 107 211
person 0.0037 0 4 105 184
person 0.0036 331 146 349 194
person 0.0030 84 129 131 171
person 0.0027 102 129 183 210
person 0.0025 340 147 357 191
person 0.0021 84 156 120 182
person 0.0019 328 146 341 195
person 0.0018 72 114 140 178
person 0.0017 89 163 150 208
person 0.0017 143 139 190 199
person 0.0017 63 149 95 178
person 0.0015 182 132 229 199
person 0.0011 172 136 213 201
person 0.0011 79 108 249 271
person 0.0010 118 130 211 228
pottedplant 0.0023 2 56 98 184
