bottle 0.1260 129 83 158 151
bottle 0.0374 180 97 279 172
bottle 0.0144 204 48 288 162
bottle 0.0110 93 49 377 238
bottle 0.0074 158 32 320 179
bottle 0.0029 320 132 457 250
bottle 0.0024 114 75 176 152
bottle 0.0023 261 299 274 369
bottle 0.0018 183 81 329 215
bottle 0.0017 245 171 309 235
bottle 0.0016 83 77 202 193
bottle 0.0014 332 159 411 224
cat 0.0028 11 137 492 379
chair 0.0014 425 -2 500 96
chair 0.0013 0 257 30 377
chair 0.0012 0 236 13 376
dog 0.2966 6 79 486 373
dog 0.0296 323 2 495 295
dog 0.0078 317 109 461 238
dog 0.0075 13 86 267 337
dog 0.0052 339 159 420 224
dog 0.0030 269 82 462 276
dog 0.0027 296 165 415 241
dog 0.0023 168 99 288 265
dog 0.0020 140 101 467 314
dog 0.0010 247 169 366 237
person 0.0804 0 0 125 221
person 0.0679 1 0 482 375
person 0.0382 322 4 494 296
person 0.0034 142 3 487 248
person 0.0024 7 29 262 273
person 0.0022 32 45 182 205
person 0.0020 6 0 141 116
person 0.0019 333 -3 500 162
person 0.0010 95 30 339 179
