boat 0.8339 297 152 448 228
boat 0.5577 87 144 272 257
boat 0.1919 220 120 294 184
boat 0.0862 111 118 299 209
boat 0.0593 248 141 310 241
boat 0.0153 233 139 299 200
boat 0.0136 299 181 446 248
boat 0.0128 163 141 293 200
boat 0.0086 294 159 390 215
boat 0.0083 304 213 447 249
boat 0.0061 188 147 339 246
boat 0.0054 176 148 265 183
boat 0.0051 161 123 261 186
boat 0.0042 326 234 379 249
boat 0.0035 212 120 261 175
boat 0.0030 375 150 450 209
boat 0.0030 167 159 257 200
boat 0.0016 246 138 292 182
boat 0.0013 71 164 449 263
boat 0.0011 243 162 381 243
boat 0.0010 88 44 256 263
