bicycle 0.0023 484 228 499 288
bus 0.9227 37 115 386 281
person 0.4232 261 151 289 185
person 0.0868 237 151 273 185
person 0.0536 473 194 498 285
person 0.0467 232 150 259 182
person 0.0431 243 146 298 193
person 0.0218 471 197 495 239
person 0.0190 75 114 377 273
person 0.0145 255 150 280 180
person 0.0093 483 218 500 290
person 0.0072 266 154 305 186
person 0.0067 229 148 247 181
person 0.0067 254 154 290 209
person 0.0052 238 153 278 213
person 0.0043 478 199 498 255
person 0.0039 149 192 161 229
person 0.0032 231 150 266 202
person 0.0023 491 204 499 278
person 0.0020 312 170 348 205
person 0.0018 454 197 496 263
person 0.0014 41 189 50 227
person 0.0012 247 151 271 175
person 0.0011 151 188 167 226
person 0.0011 457 189 496 233
person 0.0011 177 105 398 220
