chair 0.8876 0 215 122 346
chair 0.0920 309 232 498 375
chair 0.0458 0 207 51 304
chair 0.0113 422 209 499 357
chair 0.0085 470 238 499 275
chair 0.0076 457 225 499 283
chair 0.0075 3 205 88 311
chair 0.0043 0 208 21 302
chair 0.0040 453 181 499 276
chair 0.0036 436 140 498 254
chair 0.0030 161 212 282 310
chair 0.0030 428 234 499 298
chair 0.0018 478 215 499 280
chair 0.0017 420 155 499 305
chair 0.0015 161 173 251 256
chair 0.0015 448 242 496 275
chair 0.0014 361 149 498 367
diningtable 0.0013 434 231 499 371
person 0.0252 296 134 497 373
person 0.0065 321 121 494 266
person 0.0011 380 138 500 323
sheep 0.0010 161 212 279 312
sofa 0.5413 307 218 496 375
tvmonitor 0.8637 74 157 138 217
tvmonitor 0.0115 158 169 244 229
tvmonitor 0.0037 317 216 490 295
tvmonitor 0.0018 73 160 104 219
tvmonitor 0.0010 477 241 499 273
