chair 0.9387 374 152 455 244
chair 0.8407 273 140 343 208
chair 0.0277 -1 190 36 301
chair 0.0199 0 210 72 300
chair 0.0191 0 204 20 302
chair 0.0052 205 143 314 228
chair 0.0022 493 172 499 249
chair 0.0018 487 119 499 249
chair 0.0018 482 123 500 190
chair 0.0014 137 144 313 264
chair 0.0013 277 139 339 175
chair 0.0012 76 164 165 290
diningtable 0.0152 0 209 84 298
person 0.0010 0 238 125 374
pottedplant 0.4461 3 157 82 227
pottedplant 0.2204 2 157 86 289
pottedplant 0.0289 1 168 52 222
pottedplant 0.0275 0 195 17 220
pottedplant 0.0203 -1 181 38 282
pottedplant 0.0196 0 191 30 223
pottedplant 0.0079 0 180 21 219
pottedplant 0.0070 0 176 19 297
pottedplant 0.0058 33 158 89 259
pottedplant 0.0029 7 194 44 222
pottedplant 0.0026 23 158 125 281
pottedplant 0.0016 54 162 96 279
pottedplant 0.0016 66 159 90 221
pottedplant 0.0013 296 0 334 35
pottedplant 0.0012 485 122 499 203
pottedplant 0.0012 2 166 33 210
pottedplant 0.0010 1 205 78 268
pottedplant 0.0010 1 217 87 303
sofa 0.9177 75 147 311 291
sofa 0.5311 418 213 498 370
sofa 0.0010 455 176 500 365
