aeroplane 0.3051 9 51 458 240
aeroplane 0.0482 68 94 376 274
aeroplane 0.0072 249 69 498 251
aeroplane 0.0017 465 125 499 187
aeroplane 0.0012 61 66 498 166
aeroplane 0.0011 4 57 316 151
aeroplane 0.0010 438 125 500 233
boat 0.0858 39 21 516 335
boat 0.0754 228 67 499 333
boat 0.0730 91 89 402 291
car 0.0030 0 135 30 144
person 0.7995 213 119 260 269
person 0.4771 249 130 287 191
person 0.0968 156 112 315 273
person 0.0801 337 113 364 157
person 0.0350 218 114 292 265
person 0.0315 145 83 403 262
person 0.0129 243 130 289 240
person 0.0123 202 114 291 188
person 0.0118 183 130 241 171
person 0.0094 243 131 268 191
person 0.0090 254 75 455 220
person 0.0069 341 136 364 158
person 0.0065 289 103 314 129
person 0.0057 157 127 243 182
person 0.0053 207 127 223 157
person 0.0046 182 134 218 176
person 0.0045 199 125 225 172
person 0.0043 409 66 420 93
person 0.0035 246 118 291 170
person 0.0025 245 145 278 200
person 0.0022 273 101 303 128
person 0.0020 270 137 289 185
person 0.0017 188 125 214 149
person 0.0017 308 109 365 156
person 0.0015 430 68 440 86
person 0.0014 182 117 249 268
person 0.0013 243 127 273 163
person 0.0012 199 124 222 152
person 0.0011 327 130 361 154
person 0.0010 248 138 274 176
