bottle 0.0059 290 52 400 169
bottle 0.0037 0 273 120 375
cat 0.1336 257 260 447 375
cat 0.0160 289 54 391 169
chair 0.0044 261 193 450 375
chair 0.0017 367 229 452 367
chair 0.0016 322 93 478 371
chair 0.0012 449 56 499 373
dog 0.4064 -5 2 433 376
dog 0.0048 0 127 111 374
dog 0.0035 130 103 445 370
dog 0.0017 242 187 451 379
dog 0.0015 1 277 121 376
dog 0.0014 252 257 394 376
person 0.0383 270 103 453 371
person 0.0096 284 72 435 275
person 0.0050 289 74 412 187
person 0.0042 168 36 459 374
person 0.0036 462 30 500 371
person 0.0036 286 12 482 237
person 0.0028 1 -15 493 352
person 0.0024 311 30 502 367
person 0.0015 0 -3 74 363
