bicycle 0.0016 451 289 500 374
bottle 0.0674 220 114 273 181
bottle 0.0269 0 21 59 169
bottle 0.0239 58 21 420 339
bottle 0.0193 208 107 271 227
bottle 0.0108 192 91 321 262
bottle 0.0037 0 4 109 187
bottle 0.0018 166 76 358 318
bottle 0.0018 0 55 127 374
bottle 0.0018 1 16 230 283
car 0.0160 7 62 497 379
dog 0.0055 1 15 64 264
motorbike 0.0757 0 15 376 376
person 0.1230 -2 -7 381 383
person 0.0311 173 0 499 380
person 0.0156 -1 1 233 150
person 0.0130 2 3 230 314
person 0.0072 1 18 117 366
person 0.0049 337 22 499 365
person 0.0028 122 2 209 40
person 0.0027 -1 1 114 147
person 0.0025 0 18 53 364
person 0.0017 77 1 216 53
person 0.0010 -2 16 69 169
person 0.0010 51 26 460 249
