aeroplane 0.8521 329 144 378 164
aeroplane 0.0020 329 138 380 156
aeroplane 0.0012 346 145 375 161
bird 0.0868 0 155 144 266
bird 0.0416 2 151 139 214
bird 0.0070 1 158 65 198
bird 0.0066 7 119 171 227
bird 0.0064 3 131 154 188
bird 0.0056 -1 173 83 265
bird 0.0053 6 195 149 292
bird 0.0049 0 159 51 251
bird 0.0044 0 240 135 326
bird 0.0029 40 188 120 262
bird 0.0021 1 153 61 180
bird 0.0019 1 188 49 316
bird 0.0018 37 231 145 293
bird 0.0014 0 211 85 278
bird 0.0013 0 156 81 219
boat 0.0162 1 66 173 250
boat 0.0153 0 125 140 198
boat 0.0037 0 55 141 165
boat 0.0033 0 72 75 129
boat 0.0030 6 88 177 182
boat 0.0028 8 74 76 102
boat 0.0027 1 147 68 181
boat 0.0025 0 85 79 174
boat 0.0019 4 58 107 110
boat 0.0017 9 82 50 101
boat 0.0017 0 59 38 113
boat 0.0010 0 122 73 203
car 0.0016 12 82 54 98
car 0.0011 14 84 38 97
sheep 0.0487 4 174 147 276
sheep 0.0050 16 157 160 235
sheep 0.0031 7 126 183 288
sheep 0.0018 34 185 160 314
