bottle 0.0513 1 217 54 276
bottle 0.0260 8 141 98 217
bottle 0.0249 471 120 484 155
bottle 0.0195 239 164 256 204
bottle 0.0110 0 215 11 279
bottle 0.0074 1 149 88 260
bottle 0.0041 15 147 82 194
bottle 0.0040 13 115 126 227
bottle 0.0036 0 178 61 269
bottle 0.0032 34 169 95 237
bottle 0.0024 0 200 90 284
bottle 0.0020 1 126 67 230
bottle 0.0019 48 139 102 196
bottle 0.0018 0 222 33 302
bottle 0.0015 6 157 63 199
bottle 0.0015 0 90 149 300
bottle 0.0014 0 227 14 298
bottle 0.0014 -1 92 55 313
chair 0.2502 230 0 499 242
chair 0.0050 66 3 134 60
chair 0.0023 19 2 492 374
chair 0.0018 442 74 500 325
chair 0.0017 305 18 498 375
chair 0.0014 457 119 499 280
chair 0.0012 375 41 499 308
chair 0.0010 280 202 353 374
person 0.7565 65 47 350 380
person 0.0018 0 49 49 303
person 0.0011 -3 47 222 361
