boat 0.6749 162 163 238 183
boat 0.0899 290 145 388 177
boat 0.0369 311 156 388 178
boat 0.0364 236 141 334 177
boat 0.0350 465 135 500 166
boat 0.0324 1 149 167 185
boat 0.0176 165 139 239 180
boat 0.0151 139 153 172 178
boat 0.0093 138 158 194 182
boat 0.0081 348 77 500 175
boat 0.0073 132 144 180 174
boat 0.0067 218 150 261 178
boat 0.0064 160 166 201 183
boat 0.0063 122 159 169 180
boat 0.0051 199 157 262 181
boat 0.0050 100 156 183 182
boat 0.0046 158 159 211 181
boat 0.0042 229 155 309 180
boat 0.0041 132 135 178 162
boat 0.0031 339 141 389 174
boat 0.0029 177 132 233 167
boat 0.0027 155 168 237 194
boat 0.0023 0 159 119 183
boat 0.0021 245 133 381 171
boat 0.0021 228 160 277 179
boat 0.0020 300 142 459 179
boat 0.0019 238 139 316 163
boat 0.0019 226 146 281 177
boat 0.0019 474 134 499 156
boat 0.0017 227 160 259 176
boat 0.0016 444 89 503 171
boat 0.0014 146 170 169 182
boat 0.0013 381 160 435 179
boat 0.0013 378 132 501 180
boat 0.0013 470 121 500 159
boat 0.0013 2 116 170 182
boat 0.0012 360 150 482 181
boat 0.0012 236 94 493 178
boat 0.0011 337 118 481 178
bottle 0.0416 301 247 342 311
chair 0.0124 479 280 500 332
chair 0.0095 454 280 499 332
chair 0.0035 488 275 499 328
chair 0.0019 485 244 500 333
chair 0.0016 470 241 500 333
person 0.0021 467 87 499 149
person 0.0021 476 89 499 131
