bottle 0.0014 370 147 389 205
chair 0.7315 0 179 138 375
chair 0.0113 0 36 37 179
chair 0.0083 23 23 112 96
chair 0.0060 48 245 148 374
chair 0.0059 0 176 59 367
chair 0.0042 0 305 141 376
chair 0.0036 0 176 47 236
chair 0.0026 282 273 498 376
chair 0.0021 3 23 117 172
chair 0.0014 1 170 57 266
chair 0.0013 -1 30 47 119
chair 0.0013 412 275 500 376
dog 0.0010 319 230 344 271
person 0.0451 1 155 133 370
pottedplant 0.5341 247 0 278 17
pottedplant 0.0125 235 0 265 15
pottedplant 0.0034 232 0 254 14
pottedplant 0.0021 246 -3 276 9
pottedplant 0.0018 231 -3 275 29
tvmonitor 0.7918 128 91 287 228
tvmonitor 0.6371 155 0 229 44
tvmonitor 0.0461 404 45 499 299
tvmonitor 0.0187 152 1 251 81
tvmonitor 0.0094 467 86 500 304
tvmonitor 0.0094 32 84 143 242
tvmonitor 0.0076 0 111 43 184
tvmonitor 0.0043 448 32 499 285
tvmonitor 0.0037 0 175 44 240
tvmonitor 0.0025 0 39 23 122
tvmonitor 0.0017 132 105 210 214
tvmonitor 0.0016 481 39 500 302
tvmonitor 0.0014 0 129 15 186
tvmonitor 0.0013 338 40 504 347
tvmonitor 0.0011 6 42 125 200
tvmonitor 0.0010 0 104 58 235
