bicycle 0.5527 24 87 386 368
bicycle 0.0879 38 171 209 365
bicycle 0.0353 210 72 368 316
bicycle 0.0300 1 73 211 340
bicycle 0.0256 225 155 250 185
bicycle 0.0088 214 156 247 197
bicycle 0.0052 198 143 242 181
bicycle 0.0049 239 150 263 182
bicycle 0.0040 0 151 120 346
bicycle 0.0038 203 128 253 195
bicycle 0.0037 285 90 369 302
bicycle 0.0036 230 150 255 180
bicycle 0.0036 39 173 194 261
bicycle 0.0024 158 106 281 260
bicycle 0.0024 210 165 239 191
bicycle 0.0019 125 87 313 215
bicycle 0.0019 114 145 142 174
bicycle 0.0017 54 76 374 240
bicycle 0.0014 234 157 271 190
bicycle 0.0013 32 180 133 306
bicycle 0.0013 133 194 169 221
bicycle 0.0011 52 222 111 267
bicycle 0.0011 250 146 271 180
car 0.0011 53 243 95 263
car 0.0010 50 234 109 270
bird 0.0024 6 99 163 340
bird 0.0020 82 212 97 225
bird 0.0020 73 209 99 225
bird 0.0015 63 199 123 242
bottle 0.0504 63 107 72 148
bottle 0.0306 232 154 250 179
bottle 0.0190 249 153 263 176
bottle 0.0163 220 157 248 185
bottle 0.0125 64 114 79 154
bottle 0.0099 241 152 263 181
bottle 0.0052 64 107 75 136
bottle 0.0045 218 165 239 187
bottle 0.0041 109 105 135 151
bottle 0.0034 278 104 292 127
bottle 0.0032 109 122 138 174
bottle 0.0032 217 172 229 187
bottle 0.0029 231 162 249 185
bottle 0.0019 51 114 69 154
bottle 0.0019 213 135 240 154
bottle 0.0016 224 138 240 153
bottle 0.0015 218 159 240 178
bottle 0.0014 236 165 259 186
bottle 0.0014 49 128 57 142
bottle 0.0013 237 264 269 313
bottle 0.0010 209 132 228 150
bottle 0.0010 51 124 68 144
chair 0.0020 461 216 499 300
sofa 0.7613 353 213 500 371
sofa 0.0019 461 213 499 300
pottedplant 0.2607 0 63 68 238
pottedplant 0.0582 0 62 89 330
pottedplant 0.0355 0 60 49 183
pottedplant 0.0121 1 65 177 332
pottedplant 0.0121 0 64 42 130
pottedplant 0.0108 0 121 31 270
pottedplant 0.0090 54 136 73 156
pottedplant 0.0082 0 170 23 220
pottedplant 0.0067 0 146 71 286
pottedplant 0.0044 46 120 72 171
pottedplant 0.0039 36 85 86 182
pottedplant 0.0033 4 80 44 112
pottedplant 0.0028 0 75 23 237
pottedplant 0.0024 50 137 70 165
pottedplant 0.0022 0 178 38 282
pottedplant 0.0022 0 178 24 253
pottedplant 0.0019 0 116 20 196
pottedplant 0.0016 12 130 67 178
pottedplant 0.0016 0 51 92 178
pottedplant 0.0014 0 206 35 259
pottedplant 0.0013 15 125 78 236
pottedplant 0.0013 1 121 43 217
pottedplant 0.0011 8 173 72 233
pottedplant 0.0011 24 138 72 199
tvmonitor 0.0041 0 9 16 57
