person 0.0030 0 124 16 152
person 0.0010 0 70 15 159
bottle 0.0022 161 27 313 155
chair 0.0570 73 137 193 344
chair 0.0397 152 130 395 263
chair 0.0360 154 155 403 361
chair 0.0306 490 137 499 157
chair 0.0269 467 137 499 211
chair 0.0135 98 22 395 369
chair 0.0129 464 138 500 158
chair 0.0107 71 137 211 248
chair 0.0084 461 137 499 178
chair 0.0082 483 137 499 159
chair 0.0079 477 144 499 238
chair 0.0070 173 209 317 354
chair 0.0061 329 124 391 145
chair 0.0056 0 124 16 182
chair 0.0040 134 166 367 225
chair 0.0037 93 125 272 366
chair 0.0034 480 138 500 180
chair 0.0032 2 63 71 325
chair 0.0030 450 144 495 158
chair 0.0030 134 143 227 350
chair 0.0029 486 141 499 213
chair 0.0022 463 141 500 288
chair 0.0022 293 140 391 166
chair 0.0021 471 181 499 258
chair 0.0018 490 141 500 174
chair 0.0016 447 132 501 160
chair 0.0016 0 194 66 331
chair 0.0016 494 176 499 220
chair 0.0015 3 130 184 374
chair 0.0014 490 157 499 223
chair 0.0014 150 154 203 307
chair 0.0013 64 108 93 276
chair 0.0013 36 56 71 292
chair 0.0013 50 195 66 312
chair 0.0012 473 147 499 168
chair 0.0011 491 147 499 165
chair 0.0011 9 73 66 213
chair 0.0011 465 146 491 157
chair 0.0010 0 147 14 174
pottedplant 0.0044 466 3 499 152
pottedplant 0.0014 0 58 15 157
diningtable 0.0073 290 140 499 204
diningtable 0.0024 133 141 477 371
diningtable 0.0020 5 232 180 374
tvmonitor 0.0960 68 137 197 239
tvmonitor 0.0463 171 0 283 70
tvmonitor 0.0024 99 143 156 234
tvmonitor 0.0020 149 13 364 188
