person 0.8686 348 173 373 233
person 0.7261 58 49 214 335
person 0.3486 291 171 297 182
person 0.0431 47 135 153 350
person 0.0256 264 165 270 171
person 0.0206 277 173 282 184
person 0.0137 48 162 106 367
person 0.0121 296 172 308 184
person 0.0106 282 170 298 185
person 0.0103 289 170 301 184
person 0.0075 303 174 309 184
person 0.0068 300 174 308 185
person 0.0051 289 172 297 186
person 0.0039 276 170 281 181
person 0.0029 269 167 283 184
person 0.0026 132 66 220 342
person 0.0024 82 74 188 199
person 0.0021 275 172 284 187
person 0.0020 275 170 293 185
person 0.0020 366 182 374 194
person 0.0018 349 189 373 216
person 0.0016 31 56 142 313
person 0.0016 360 175 373 193
person 0.0012 276 173 289 188
person 0.0011 345 177 363 230
person 0.0010 154 171 209 360
person 0.0010 263 164 274 181
bicycle 0.0061 352 215 362 234
bicycle 0.0049 350 201 363 234
bird 0.0018 263 165 271 172
horse 0.7775 45 144 206 494
horse 0.0299 44 134 163 373
horse 0.0022 63 76 219 383
horse 0.0018 47 155 191 281
horse 0.0010 88 161 147 296
