person 0.8671 283 140 334 311
person 0.8476 385 140 446 326
person 0.8110 326 146 370 307
person 0.8022 252 163 295 313
person 0.7219 365 148 395 313
person 0.0811 385 142 503 317
person 0.0191 375 152 413 325
person 0.0103 253 139 360 311
person 0.0098 469 150 499 188
person 0.0084 485 150 499 177
person 0.0067 396 151 410 171
person 0.0055 22 264 81 296
person 0.0054 313 149 346 308
person 0.0044 439 145 499 189
person 0.0044 448 180 461 188
person 0.0036 389 159 406 186
person 0.0036 398 156 412 177
person 0.0034 65 62 91 92
person 0.0034 156 154 360 316
person 0.0033 64 146 72 156
person 0.0033 319 145 408 309
person 0.0029 407 140 448 284
person 0.0028 388 168 402 185
person 0.0024 390 152 412 180
person 0.0018 384 154 432 261
person 0.0018 289 145 489 302
person 0.0014 407 155 468 325
person 0.0013 366 209 392 308
person 0.0012 391 141 450 232
person 0.0012 395 165 413 180
person 0.0011 263 166 319 318
person 0.0010 299 173 340 312
person 0.0010 0 128 13 143
person 0.0010 402 138 443 208
car 0.3792 432 132 499 314
car 0.0179 380 138 453 306
car 0.0094 333 139 502 305
car 0.0071 395 149 497 275
car 0.0064 435 133 500 183
car 0.0036 0 47 258 296
car 0.0014 395 137 462 238
car 0.0013 0 245 15 297
car 0.0013 430 145 497 227
aeroplane 0.2357 4 47 495 297
aeroplane 0.0020 2 153 468 322
aeroplane 0.0013 152 156 396 277
aeroplane 0.0010 49 111 503 245
boat 0.0210 0 45 286 292
chair 0.0182 322 233 343 304
chair 0.0020 351 251 391 300
chair 0.0020 365 255 387 291
chair 0.0010 315 249 335 308
