person 0.0817 210 270 219 279
person 0.0175 170 269 181 277
person 0.0125 189 270 197 277
person 0.0082 157 256 163 265
person 0.0077 203 270 217 278
person 0.0071 173 269 186 277
person 0.0070 164 269 189 277
person 0.0067 157 257 165 270
person 0.0043 150 258 163 271
person 0.0040 182 269 197 277
person 0.0040 188 269 210 278
person 0.0039 146 265 195 277
person 0.0036 148 261 155 273
person 0.0030 147 262 162 275
person 0.0028 164 268 177 276
person 0.0027 139 269 202 279
person 0.0022 130 254 220 283
person 0.0020 157 263 167 275
person 0.0019 138 258 193 276
person 0.0015 149 262 176 275
person 0.0015 163 271 179 278
person 0.0013 183 246 189 255
person 0.0013 160 261 172 271
person 0.0013 176 268 220 279
car 0.0041 259 211 271 218
car 0.0023 264 211 271 216
car 0.0011 256 213 270 221
boat 0.7096 124 161 222 281
boat 0.0379 49 264 54 269
boat 0.0233 83 6 227 284
boat 0.0128 0 16 43 248
boat 0.0110 125 259 222 281
boat 0.0070 124 229 221 281
boat 0.0058 153 182 223 267
boat 0.0050 151 207 210 242
boat 0.0049 173 216 205 233
boat 0.0032 45 264 52 270
boat 0.0023 -1 0 183 275
boat 0.0013 48 263 57 270
boat 0.0012 49 263 72 268
boat 0.0012 121 73 200 295
boat 0.0012 142 268 217 280
boat 0.0012 74 34 167 243
boat 0.0011 128 270 190 282
boat 0.0011 60 128 226 295
bird 0.0034 272 137 277 142
bird 0.0031 151 99 160 104
bird 0.0016 48 261 54 268
