person 0.3417 468 4 481 26
person 0.3316 458 3 467 25
person 0.1956 461 3 479 26
person 0.1477 111 72 125 104
person 0.0659 495 16 499 27
person 0.0613 484 5 497 18
person 0.0576 324 8 334 25
person 0.0550 114 72 125 86
person 0.0469 282 10 299 36
person 0.0438 313 10 332 25
person 0.0401 492 7 500 23
person 0.0371 471 6 495 25
person 0.0365 311 10 320 25
person 0.0320 490 6 499 16
person 0.0244 395 0 423 17
person 0.0219 99 74 121 105
person 0.0217 426 1 434 14
person 0.0193 430 70 440 90
person 0.0189 402 1 416 14
person 0.0185 98 74 120 90
person 0.0168 390 0 401 14
person 0.0167 470 1 478 12
person 0.0141 97 77 111 89
person 0.0141 385 0 427 23
person 0.0140 377 15 388 23
person 0.0131 367 14 388 23
person 0.0119 481 12 500 27
person 0.0118 132 75 140 83
person 0.0113 201 51 211 67
person 0.0111 352 13 363 23
person 0.0110 156 69 165 77
person 0.0100 410 0 421 12
person 0.0093 459 1 467 12
person 0.0090 350 13 359 23
person 0.0087 343 15 349 24
person 0.0080 360 14 369 23
person 0.0080 415 0 424 11
person 0.0079 288 7 323 27
person 0.0077 387 0 397 13
person 0.0073 286 10 304 27
person 0.0072 398 0 411 12
person 0.0071 422 59 439 90
person 0.0070 470 12 486 28
person 0.0066 144 73 152 80
person 0.0065 374 5 394 24
person 0.0062 491 12 500 31
person 0.0062 190 65 197 71
person 0.0060 327 2 335 23
person 0.0056 425 2 432 20
person 0.0056 387 0 410 17
person 0.0054 114 74 133 106
person 0.0052 425 0 452 31
person 0.0051 97 75 111 101
person 0.0051 178 66 186 72
person 0.0050 484 0 495 13
person 0.0049 413 0 427 15
person 0.0047 326 8 347 25
person 0.0041 278 9 290 24
person 0.0041 478 2 499 28
person 0.0036 242 1 254 30
person 0.0034 175 67 185 74
person 0.0031 310 3 322 23
person 0.0031 464 11 478 28
person 0.0030 457 0 492 25
person 0.0030 190 0 213 15
person 0.0029 418 1 444 16
person 0.0028 117 74 130 85
person 0.0027 452 1 462 29
person 0.0027 168 68 176 77
person 0.0027 223 4 250 28
person 0.0026 179 1 193 33
person 0.0025 337 10 347 24
person 0.0025 425 1 455 11
person 0.0024 382 15 389 24
person 0.0023 346 10 372 24
person 0.0023 281 4 300 18
person 0.0022 426 72 437 88
person 0.0022 428 3 499 31
person 0.0021 87 78 99 90
person 0.0019 384 5 394 23
person 0.0019 425 1 439 27
person 0.0019 178 0 211 34
person 0.0018 449 1 457 8
person 0.0017 491 0 498 13
person 0.0017 403 2 426 23
person 0.0017 307 0 333 27
person 0.0016 128 31 152 51
person 0.0016 280 4 291 18
person 0.0015 272 10 290 35
person 0.0015 274 0 327 28
person 0.0015 319 2 334 26
person 0.0014 450 1 459 14
person 0.0014 382 0 392 20
person 0.0014 100 6 113 31
person 0.0013 178 1 193 15
person 0.0013 298 2 316 21
person 0.0013 457 8 466 33
person 0.0013 162 1 197 15
person 0.0012 410 44 440 90
person 0.0012 101 7 110 23
person 0.0012 215 62 223 69
person 0.0012 414 3 428 23
person 0.0012 124 74 141 107
person 0.0011 118 74 135 95
person 0.0011 386 0 392 11
person 0.0011 127 72 138 84
car 0.1815 27 0 70 19
car 0.1509 0 0 58 20
car 0.0825 111 2 149 18
car 0.0539 0 0 19 14
car 0.0513 17 0 52 15
car 0.0340 26 0 42 9
car 0.0314 111 3 132 17
car 0.0257 0 1 29 22
car 0.0192 0 0 11 10
car 0.0181 0 0 29 10
car 0.0176 222 3 236 14
car 0.0176 473 2 495 17
car 0.0150 140 2 182 16
car 0.0133 363 14 385 23
car 0.0128 482 4 498 22
car 0.0097 8 1 34 17
car 0.0096 111 7 127 18
car 0.0085 385 0 427 23
car 0.0082 44 4 69 19
car 0.0081 277 0 328 23
car 0.0078 189 1 212 14
car 0.0062 29 2 50 19
car 0.0060 110 5 148 31
car 0.0055 110 1 145 12
car 0.0050 150 2 172 13
car 0.0046 -4 4 71 30
car 0.0044 14 3 40 21
car 0.0040 222 3 239 20
car 0.0040 476 0 492 12
car 0.0038 122 2 191 23
car 0.0037 36 3 58 18
car 0.0035 126 2 165 15
car 0.0035 125 1 151 12
car 0.0034 100 2 118 16
car 0.0034 275 4 316 32
car 0.0031 110 8 134 28
car 0.0029 425 1 456 12
car 0.0027 108 1 129 10
car 0.0025 0 7 19 26
car 0.0025 467 3 497 26
car 0.0024 138 1 170 11
car 0.0023 3 6 41 27
car 0.0023 422 1 462 36
car 0.0022 358 14 373 23
car 0.0021 101 0 113 8
car 0.0019 0 4 12 20
car 0.0018 212 1 236 16
car 0.0018 161 1 197 15
car 0.0017 101 6 114 23
car 0.0016 121 9 157 30
car 0.0016 139 1 151 10
car 0.0015 179 0 213 34
car 0.0013 128 23 154 51
car 0.0012 119 16 149 36
car 0.0012 128 32 146 51
car 0.0010 0 -2 51 45
car 0.0010 27 0 40 5
train 0.5526 0 76 481 324
train 0.0134 384 1 432 24
train 0.0108 14 -9 496 231
train 0.0041 216 30 505 229
train 0.0037 63 143 93 170
train 0.0022 65 48 364 271
train 0.0017 0 93 62 219
train 0.0016 403 38 441 91
train 0.0015 336 71 498 235
train 0.0011 -1 71 80 267
boat 0.0129 361 12 389 24
boat 0.0079 384 1 429 25
boat 0.0016 344 11 376 24
boat 0.0014 347 2 388 25
boat 0.0012 371 31 392 85
boat 0.0012 211 2 239 25
bird 0.0030 201 50 210 63
bird 0.0025 25 93 37 102
sheep 0.0302 0 93 6 101
sheep 0.0223 0 95 18 118
sheep 0.0210 71 84 81 92
sheep 0.0206 0 92 7 107
sheep 0.0158 37 74 51 91
sheep 0.0064 14 93 24 102
sheep 0.0063 52 86 64 96
sheep 0.0049 14 92 27 106
sheep 0.0048 3 93 25 114
sheep 0.0038 0 104 7 119
sheep 0.0035 36 73 56 99
sheep 0.0034 0 93 27 128
sheep 0.0031 88 82 96 90
sheep 0.0029 39 81 64 97
sheep 0.0026 189 64 198 71
sheep 0.0019 60 83 82 94
sheep 0.0016 7 93 39 115
sheep 0.0013 12 91 40 104
sheep 0.0010 0 99 16 139
pottedplant 0.0099 273 9 303 37
pottedplant 0.0026 275 13 305 92
