person 0.0367 162 213 170 226
person 0.0224 400 245 405 255
person 0.0114 0 356 16 375
person 0.0077 400 245 410 256
person 0.0072 0 365 15 375
person 0.0068 160 211 168 223
person 0.0043 157 85 170 99
person 0.0028 493 11 499 22
person 0.0027 396 246 406 256
person 0.0025 157 173 162 178
person 0.0024 162 210 168 219
person 0.0022 328 220 421 272
person 0.0020 185 201 270 245
person 0.0018 444 248 450 259
person 0.0018 399 241 412 258
person 0.0017 436 133 446 141
person 0.0015 49 85 56 97
person 0.0015 146 98 168 107
person 0.0015 191 208 211 233
person 0.0014 158 99 167 107
person 0.0014 244 226 251 240
person 0.0014 394 242 408 254
person 0.0012 36 56 42 63
person 0.0012 151 85 169 104
person 0.0012 71 83 77 98
person 0.0011 374 234 415 268
person 0.0010 246 219 252 240
person 0.0010 229 213 269 243
car 0.0763 151 219 166 227
car 0.0684 330 183 352 191
car 0.0207 161 213 171 226
car 0.0192 278 179 288 186
car 0.0131 157 219 172 227
car 0.0117 329 184 343 191
car 0.0079 161 215 192 228
car 0.0074 0 365 15 375
car 0.0065 155 212 175 227
car 0.0062 135 220 144 225
car 0.0061 341 183 358 190
car 0.0050 237 110 250 119
car 0.0048 331 180 362 191
car 0.0048 136 219 154 226
car 0.0046 0 354 16 375
car 0.0045 163 218 176 227
car 0.0045 340 126 345 132
car 0.0045 186 98 203 105
car 0.0044 277 192 283 198
car 0.0041 157 85 170 97
car 0.0035 0 252 9 266
car 0.0034 277 187 290 196
car 0.0034 265 52 278 58
car 0.0034 357 174 396 186
car 0.0031 129 219 143 225
car 0.0028 138 258 159 268
car 0.0024 277 181 400 195
car 0.0023 168 219 188 228
car 0.0021 322 186 334 192
car 0.0020 149 215 168 228
car 0.0017 321 141 328 151
car 0.0017 167 214 188 223
car 0.0016 240 112 250 123
car 0.0015 337 127 344 134
car 0.0014 250 53 264 60
car 0.0014 352 181 369 189
car 0.0013 397 177 410 184
car 0.0013 192 97 211 105
car 0.0011 236 49 254 60
car 0.0010 0 369 8 375
car 0.0010 227 51 238 60
car 0.0010 177 213 191 221
train 0.8426 415 227 499 286
train 0.7172 194 205 419 271
train 0.0489 4 194 513 293
train 0.0416 291 217 419 271
train 0.0349 117 183 221 220
train 0.0196 206 120 250 133
train 0.0191 27 128 395 199
train 0.0180 201 128 287 193
train 0.0141 6 242 503 369
train 0.0107 187 203 294 252
train 0.0104 209 88 273 102
train 0.0093 115 122 301 192
train 0.0089 -8 182 411 260
train 0.0084 75 169 247 214
train 0.0067 10 187 219 222
train 0.0066 115 199 365 245
train 0.0056 169 202 499 326
train 0.0052 199 89 267 122
train 0.0048 320 224 498 283
train 0.0046 0 277 41 334
train 0.0039 15 103 297 235
train 0.0038 189 269 499 371
train 0.0034 2 283 124 332
train 0.0033 391 295 498 375
train 0.0033 20 88 366 183
train 0.0032 190 202 253 238
train 0.0030 202 177 418 229
train 0.0030 453 310 499 373
train 0.0028 1 7 83 45
train 0.0028 106 103 267 149
train 0.0026 193 82 282 105
train 0.0025 414 179 499 302
train 0.0025 18 47 119 63
train 0.0025 74 195 290 234
train 0.0023 199 134 387 200
train 0.0020 1 339 39 357
train 0.0019 204 109 251 136
train 0.0017 409 93 499 286
train 0.0017 207 84 276 97
train 0.0017 33 60 493 203
train 0.0016 155 81 331 184
train 0.0016 9 191 108 217
train 0.0013 212 124 252 137
train 0.0013 -15 110 538 296
train 0.0013 141 204 190 224
train 0.0013 113 147 274 180
train 0.0012 192 202 225 234
train 0.0010 120 197 186 218
train 0.0010 -1 309 223 355
train 0.0010 414 212 499 257
train 0.0010 4 140 221 228
train 0.0010 216 258 310 370
train 0.0010 449 231 503 282
boat 0.0140 408 71 499 233
boat 0.0107 175 84 216 103
boat 0.0085 426 86 468 148
boat 0.0077 144 85 170 101
boat 0.0073 456 1 499 38
boat 0.0072 205 116 250 132
boat 0.0068 177 92 204 104
boat 0.0062 155 84 170 98
boat 0.0057 125 87 168 102
boat 0.0053 124 91 142 101
boat 0.0053 208 93 275 107
boat 0.0053 168 83 259 108
boat 0.0048 182 97 201 105
boat 0.0043 132 76 272 99
boat 0.0039 478 8 500 37
boat 0.0039 187 85 216 97
boat 0.0034 440 3 499 154
boat 0.0033 183 91 221 105
boat 0.0032 136 90 160 101
boat 0.0030 202 112 244 121
boat 0.0028 131 90 145 100
boat 0.0026 186 95 206 104
boat 0.0026 419 63 474 165
boat 0.0024 137 61 282 97
boat 0.0023 192 94 253 115
boat 0.0023 113 85 210 111
boat 0.0020 480 20 499 38
boat 0.0019 146 98 169 107
boat 0.0018 130 51 285 84
boat 0.0014 86 80 227 104
boat 0.0013 174 84 199 99
boat 0.0013 6 42 134 66
boat 0.0012 144 92 221 108
boat 0.0012 198 91 217 102
boat 0.0012 482 5 499 24
boat 0.0011 48 70 382 141
boat 0.0011 130 93 203 120
boat 0.0010 213 104 266 117
bird 0.0012 84 98 90 107
bird 0.0010 408 123 413 130
