person 0.8565 217 71 390 281
person 0.7743 95 97 252 298
person 0.0397 91 91 392 310
person 0.0011 219 154 391 334
bottle 0.1987 369 309 396 372
bottle 0.1309 138 350 164 374
bottle 0.0225 372 317 422 374
bottle 0.0050 405 362 428 374
bottle 0.0033 149 352 178 375
bottle 0.0014 148 367 174 375
chair 0.7664 0 221 46 297
chair 0.7248 64 204 128 291
chair 0.1399 380 169 415 262
chair 0.0232 47 165 157 295
chair 0.0230 0 162 42 292
chair 0.0160 0 155 30 227
chair 0.0080 50 200 217 293
chair 0.0073 3 201 125 297
chair 0.0063 38 134 234 296
chair 0.0055 0 270 34 299
chair 0.0044 0 222 30 268
chair 0.0041 225 92 422 295
chair 0.0025 18 219 80 294
chair 0.0024 318 94 390 263
chair 0.0024 27 222 48 294
chair 0.0019 273 159 457 274
chair 0.0015 0 250 40 325
chair 0.0012 -1 185 272 362
chair 0.0011 -26 216 60 301
diningtable 0.3459 4 263 465 371
diningtable 0.1790 9 145 162 277
diningtable 0.1433 235 267 488 372
diningtable 0.1299 16 275 234 369
diningtable 0.1080 246 267 394 343
diningtable 0.0356 8 145 156 210
diningtable 0.0248 372 262 491 369
diningtable 0.0148 385 259 499 323
diningtable 0.0146 66 105 449 366
diningtable 0.0132 91 275 211 343
diningtable 0.0132 357 288 416 373
diningtable 0.0124 121 226 499 356
diningtable 0.0108 29 167 148 193
diningtable 0.0059 5 195 130 297
diningtable 0.0043 0 157 24 223
diningtable 0.0040 428 303 492 326
diningtable 0.0039 47 148 160 189
diningtable 0.0037 56 298 387 373
diningtable 0.0031 387 317 426 364
diningtable 0.0030 260 277 287 328
diningtable 0.0027 420 281 497 348
diningtable 0.0018 60 169 127 273
diningtable 0.0016 221 178 458 331
diningtable 0.0013 -1 272 518 448
diningtable 0.0013 11 184 317 371
diningtable 0.0013 64 231 347 341
diningtable 0.0013 282 308 407 372
diningtable 0.0013 30 292 140 370
diningtable 0.0010 -2 156 57 206
tvmonitor 0.4910 306 69 391 164
tvmonitor 0.1783 141 1 280 98
tvmonitor 0.0068 174 67 392 152
tvmonitor 0.0049 293 64 391 231
tvmonitor 0.0031 251 72 389 181
tvmonitor 0.0014 329 77 376 147
tvmonitor 0.0013 193 82 236 102
tvmonitor 0.0011 195 15 271 87
tvmonitor 0.0010 350 69 391 165
