person 0.3826 162 44 488 329
person 0.0407 165 46 325 327
person 0.0293 375 93 499 330
person 0.0167 370 100 499 183
person 0.0118 437 109 500 335
person 0.0104 451 102 499 144
person 0.0091 0 147 21 323
person 0.0087 486 102 499 126
person 0.0074 58 118 115 193
person 0.0057 478 101 499 129
person 0.0043 2 107 173 328
person 0.0042 71 120 112 170
person 0.0034 292 83 500 212
person 0.0032 89 124 117 161
person 0.0029 457 91 499 281
person 0.0023 0 107 38 322
person 0.0022 98 125 117 153
person 0.0021 337 117 437 226
person 0.0015 148 54 245 337
person 0.0014 49 121 156 200
person 0.0014 4 125 77 321
person 0.0014 45 139 95 215
person 0.0012 28 115 110 281
person 0.0011 0 112 15 137
person 0.0011 474 111 500 334
person 0.0011 49 168 69 195
person 0.0010 49 167 85 199
bottle 0.0014 21 266 36 296
chair 0.0053 450 231 500 329
chair 0.0016 442 151 500 339
chair 0.0012 303 151 361 205
chair 0.0010 470 261 500 330
tvmonitor 0.0072 111 145 162 197
tvmonitor 0.0031 2 108 171 330
tvmonitor 0.0010 41 116 182 232
