person 0.6098 178 83 321 283
person 0.2967 310 96 327 118
person 0.0118 295 100 306 119
person 0.0086 305 93 334 121
person 0.0040 298 98 321 119
person 0.0037 177 111 284 235
person 0.0022 137 37 178 114
person 0.0014 434 351 472 421
person 0.0013 187 152 246 213
person 0.0012 294 103 314 120
person 0.0011 187 74 343 170
person 0.0011 203 147 251 195
person 0.0010 115 -22 496 246
person 0.0010 317 96 326 103
car 0.0039 120 36 409 234
car 0.0024 333 -6 497 326
car 0.0022 175 63 351 202
car 0.0012 186 95 245 136
bus 0.0296 112 -15 498 334
bus 0.0115 329 1 497 332
train 0.0617 90 -17 494 332
train 0.0061 1 0 165 323
train 0.0014 157 51 410 269
bottle 0.0012 194 149 242 191
chair 0.1086 0 137 100 330
chair 0.0777 110 85 459 325
chair 0.0587 187 92 251 171
chair 0.0497 181 102 350 319
chair 0.0073 0 10 160 330
chair 0.0069 199 196 327 320
chair 0.0067 134 77 327 187
chair 0.0059 19 4 318 319
chair 0.0045 0 233 97 332
chair 0.0038 270 104 360 319
chair 0.0035 1 139 97 230
chair 0.0034 103 21 211 281
chair 0.0033 187 92 244 135
chair 0.0016 190 91 243 115
chair 0.0015 447 59 468 78
chair 0.0014 108 114 206 186
chair 0.0014 204 174 328 271
chair 0.0014 172 72 268 153
chair 0.0013 1 293 95 331
chair 0.0010 195 81 336 163
tvmonitor 0.0015 248 38 280 56
