person 0.0400 0 299 27 372
person 0.0014 0 257 21 365
person 0.0012 0 304 15 366
dog 0.7587 281 129 434 327
dog 0.6977 99 34 292 196
dog 0.5709 100 158 285 357
dog 0.0935 103 106 178 198
dog 0.0716 11 131 502 374
dog 0.0575 104 221 246 349
dog 0.0556 33 1 357 361
dog 0.0250 45 43 231 302
dog 0.0111 199 51 476 355
dog 0.0106 66 60 219 202
dog 0.0065 -17 1 489 214
dog 0.0063 4 103 267 366
dog 0.0035 40 219 390 368
dog 0.0021 133 168 262 298
dog 0.0018 104 87 208 230
dog 0.0017 122 139 397 330
dog 0.0015 276 83 487 288
dog 0.0010 110 66 313 284
dog 0.0010 12 3 302 172
sofa 0.3085 -1 -2 495 379
sofa 0.0324 0 303 26 373
sofa 0.0155 1 13 184 365
sofa 0.0124 6 120 269 373
sofa 0.0089 3 221 502 372
sofa 0.0048 16 1 505 163
sofa 0.0026 317 1 499 347
