person 0.0227 7 78 25 115
person 0.0055 7 101 19 117
person 0.0049 0 98 17 117
person 0.0032 365 103 372 112
person 0.0022 14 91 28 115
person 0.0022 362 102 370 111
person 0.0014 6 68 49 117
person 0.0012 15 96 24 116
person 0.0012 33 97 41 108
car 0.0033 0 98 17 118
car 0.0013 0 111 10 122
car 0.0010 0 116 10 126
train 0.5278 1 94 216 247
train 0.0146 0 87 210 175
train 0.0060 8 74 205 127
train 0.0023 25 74 146 107
train 0.0023 6 97 185 133
train 0.0020 67 76 125 101
train 0.0014 125 93 222 143
boat 0.0026 71 75 143 101
boat 0.0012 34 74 73 106
bird 0.0101 343 155 356 187
bird 0.0099 315 169 324 190
bird 0.0085 309 132 319 138
bird 0.0068 343 155 356 171
bird 0.0064 306 118 323 132
bird 0.0038 309 170 325 192
bird 0.0036 297 175 323 191
bird 0.0024 297 181 316 188
bird 0.0018 306 132 315 138
bird 0.0016 296 169 324 201
bird 0.0014 310 131 325 139
bird 0.0012 316 169 324 180
dog 0.0024 315 170 325 191
bottle 0.0281 441 96 448 114
bottle 0.0253 439 97 446 114
bottle 0.0164 471 120 483 153
bottle 0.0109 447 100 457 115
bottle 0.0096 454 105 463 115
bottle 0.0094 495 138 499 156
bottle 0.0081 455 122 466 148
bottle 0.0045 472 120 482 139
bottle 0.0041 442 99 461 115
bottle 0.0037 335 204 343 222
bottle 0.0030 473 106 484 117
bottle 0.0028 437 107 445 114
bottle 0.0019 446 80 452 90
bottle 0.0015 244 73 253 98
bottle 0.0015 476 107 487 118
bottle 0.0012 407 79 413 92
bottle 0.0010 446 71 452 85
bottle 0.0010 285 157 293 166
bottle 0.0010 476 119 484 138
chair 0.0158 174 67 223 102
chair 0.0156 230 102 244 120
chair 0.0102 138 68 184 101
chair 0.0101 144 73 170 101
chair 0.0098 190 65 216 76
chair 0.0084 189 73 231 103
chair 0.0072 158 71 205 103
chair 0.0056 221 101 235 119
chair 0.0051 303 113 324 133
chair 0.0040 176 67 198 102
chair 0.0038 226 76 242 102
chair 0.0034 164 69 181 96
chair 0.0033 187 65 221 86
chair 0.0030 193 85 227 102
chair 0.0029 135 48 147 69
chair 0.0026 231 98 248 115
chair 0.0025 177 66 194 88
chair 0.0023 228 75 253 105
chair 0.0023 145 89 170 101
chair 0.0022 177 88 204 102
chair 0.0022 157 89 188 101
chair 0.0019 183 67 207 101
chair 0.0019 145 83 184 103
chair 0.0019 224 96 245 115
chair 0.0019 215 91 235 119
chair 0.0019 218 218 325 314
chair 0.0018 177 65 198 76
chair 0.0016 165 77 189 103
chair 0.0014 144 87 221 133
chair 0.0013 179 63 216 74
chair 0.0013 142 68 174 91
chair 0.0013 132 67 210 118
chair 0.0012 136 64 159 72
chair 0.0012 325 100 344 109
chair 0.0011 151 85 177 100
chair 0.0010 118 49 144 71
chair 0.0010 200 76 238 122
pottedplant 0.4117 414 169 441 245
pottedplant 0.3161 389 114 417 150
pottedplant 0.2278 368 113 397 144
pottedplant 0.2048 364 114 416 147
pottedplant 0.2004 227 158 253 177
pottedplant 0.1825 401 115 432 150
pottedplant 0.1719 232 104 246 122
pottedplant 0.1523 341 112 397 145
pottedplant 0.1256 176 156 226 191
pottedplant 0.1147 431 122 454 143
pottedplant 0.1130 411 116 449 147
pottedplant 0.1125 240 38 273 62
pottedplant 0.0936 368 111 388 135
pottedplant 0.0811 244 49 271 62
pottedplant 0.0775 217 46 233 65
pottedplant 0.0560 439 124 452 140
pottedplant 0.0544 269 45 284 60
pottedplant 0.0488 206 158 227 179
pottedplant 0.0486 256 109 275 124
pottedplant 0.0476 237 159 272 178
pottedplant 0.0468 235 104 254 122
pottedplant 0.0458 437 122 465 146
pottedplant 0.0449 245 106 273 124
pottedplant 0.0441 424 120 447 145
pottedplant 0.0431 450 123 466 152
pottedplant 0.0421 381 110 431 151
pottedplant 0.0362 350 124 392 147
pottedplant 0.0343 244 104 260 123
pottedplant 0.0333 334 203 344 222
pottedplant 0.0332 359 114 388 141
pottedplant 0.0331 429 119 443 139
pottedplant 0.0323 384 113 410 138
pottedplant 0.0311 396 114 417 137
pottedplant 0.0293 369 122 389 141
pottedplant 0.0293 343 111 370 136
pottedplant 0.0280 330 112 374 144
pottedplant 0.0276 345 162 356 197
pottedplant 0.0273 263 163 273 179
pottedplant 0.0272 336 203 357 222
pottedplant 0.0268 255 161 274 179
pottedplant 0.0261 354 125 364 137
pottedplant 0.0256 268 40 292 60
pottedplant 0.0256 262 106 278 124
pottedplant 0.0242 331 117 354 141
pottedplant 0.0221 332 116 352 125
pottedplant 0.0220 379 136 397 148
pottedplant 0.0213 418 170 438 211
pottedplant 0.0212 244 152 264 177
pottedplant 0.0205 355 126 373 143
pottedplant 0.0196 473 81 497 112
pottedplant 0.0194 442 127 461 149
pottedplant 0.0191 342 205 364 223
pottedplant 0.0187 410 124 429 151
pottedplant 0.0182 243 160 259 178
pottedplant 0.0180 468 135 481 156
pottedplant 0.0180 462 126 482 156
pottedplant 0.0177 365 118 382 139
pottedplant 0.0176 382 114 398 134
pottedplant 0.0175 415 116 436 141
pottedplant 0.0165 352 114 364 132
pottedplant 0.0164 431 121 477 154
pottedplant 0.0163 254 44 274 61
pottedplant 0.0158 341 114 361 129
pottedplant 0.0155 364 126 378 141
pottedplant 0.0154 237 49 247 63
pottedplant 0.0153 251 101 266 122
pottedplant 0.0147 250 160 268 178
pottedplant 0.0146 363 105 377 124
pottedplant 0.0144 235 102 280 124
pottedplant 0.0144 454 120 480 150
pottedplant 0.0139 355 118 371 137
pottedplant 0.0133 364 103 373 116
pottedplant 0.0131 348 125 371 145
pottedplant 0.0130 236 42 256 62
pottedplant 0.0122 350 111 378 132
pottedplant 0.0116 345 117 362 137
pottedplant 0.0116 245 147 258 174
pottedplant 0.0116 404 102 413 113
pottedplant 0.0111 245 112 258 123
pottedplant 0.0106 245 36 292 61
pottedplant 0.0102 469 119 484 155
pottedplant 0.0101 456 118 465 145
pottedplant 0.0100 403 113 427 136
pottedplant 0.0095 439 97 451 114
pottedplant 0.0091 488 83 500 113
pottedplant 0.0091 431 115 448 136
pottedplant 0.0090 387 134 410 149
pottedplant 0.0088 191 154 225 182
pottedplant 0.0088 433 136 460 153
pottedplant 0.0086 261 39 283 61
pottedplant 0.0085 267 48 279 61
pottedplant 0.0083 416 125 438 151
pottedplant 0.0083 368 107 386 125
pottedplant 0.0081 238 146 255 176
pottedplant 0.0077 353 208 369 228
pottedplant 0.0077 240 111 255 123
pottedplant 0.0077 353 206 364 222
pottedplant 0.0073 199 159 230 190
pottedplant 0.0071 406 115 421 132
pottedplant 0.0071 349 124 359 139
pottedplant 0.0071 357 112 371 127
pottedplant 0.0070 361 129 378 146
pottedplant 0.0069 219 158 239 176
pottedplant 0.0069 223 50 240 63
pottedplant 0.0069 284 94 298 100
pottedplant 0.0066 350 112 368 125
pottedplant 0.0060 280 34 293 59
pottedplant 0.0060 215 88 264 122
pottedplant 0.0057 214 43 242 66
pottedplant 0.0056 271 104 285 120
pottedplant 0.0054 268 102 289 124
pottedplant 0.0053 241 169 251 177
pottedplant 0.0053 436 98 446 115
pottedplant 0.0053 449 136 468 156
pottedplant 0.0051 345 156 356 171
pottedplant 0.0050 400 101 419 115
pottedplant 0.0050 375 216 389 236
pottedplant 0.0050 340 120 378 147
pottedplant 0.0050 330 108 355 123
pottedplant 0.0049 202 47 245 90
pottedplant 0.0049 458 135 473 156
pottedplant 0.0045 234 168 248 177
pottedplant 0.0044 251 105 314 127
pottedplant 0.0043 434 110 455 139
pottedplant 0.0043 340 166 358 219
pottedplant 0.0041 245 113 270 126
pottedplant 0.0041 231 111 243 122
pottedplant 0.0041 389 105 424 139
pottedplant 0.0040 215 44 232 79
pottedplant 0.0040 222 101 235 120
pottedplant 0.0040 407 136 424 151
pottedplant 0.0039 225 93 247 121
pottedplant 0.0037 492 38 499 48
pottedplant 0.0037 255 327 293 362
pottedplant 0.0037 368 130 389 145
pottedplant 0.0036 359 214 373 229
pottedplant 0.0035 276 104 289 120
pottedplant 0.0034 473 94 485 114
pottedplant 0.0032 467 87 498 156
pottedplant 0.0032 383 111 397 125
pottedplant 0.0032 407 98 421 113
pottedplant 0.0031 472 103 485 118
pottedplant 0.0031 348 177 355 197
pottedplant 0.0030 450 102 464 123
pottedplant 0.0029 223 156 286 189
pottedplant 0.0028 436 107 446 115
pottedplant 0.0028 258 94 270 112
pottedplant 0.0028 253 95 267 114
pottedplant 0.0028 481 35 497 48
pottedplant 0.0027 291 106 328 132
pottedplant 0.0027 355 128 366 145
pottedplant 0.0027 230 51 254 64
pottedplant 0.0027 221 151 251 180
pottedplant 0.0027 362 102 370 111
pottedplant 0.0026 328 108 361 136
pottedplant 0.0026 472 101 487 129
pottedplant 0.0025 247 147 257 163
pottedplant 0.0025 418 100 459 138
pottedplant 0.0025 389 75 400 90
pottedplant 0.0025 280 94 291 100
pottedplant 0.0024 331 125 346 141
pottedplant 0.0024 218 51 235 71
pottedplant 0.0024 259 92 269 100
pottedplant 0.0024 346 106 372 124
pottedplant 0.0024 384 104 398 112
pottedplant 0.0023 284 87 298 100
pottedplant 0.0022 428 106 443 114
pottedplant 0.0022 424 135 447 153
pottedplant 0.0022 420 184 435 208
pottedplant 0.0022 484 105 498 118
pottedplant 0.0022 244 147 254 166
pottedplant 0.0022 405 167 436 219
pottedplant 0.0021 389 71 401 100
pottedplant 0.0021 401 101 410 113
pottedplant 0.0021 479 35 488 47
pottedplant 0.0020 382 219 390 235
pottedplant 0.0020 422 107 434 113
pottedplant 0.0020 438 107 451 115
pottedplant 0.0020 238 98 254 115
pottedplant 0.0020 295 169 325 211
pottedplant 0.0020 241 34 265 55
pottedplant 0.0020 422 106 434 119
pottedplant 0.0019 383 104 407 119
pottedplant 0.0019 283 94 298 106
pottedplant 0.0018 259 81 269 99
pottedplant 0.0018 281 83 304 101
pottedplant 0.0018 219 147 260 192
pottedplant 0.0018 278 96 302 124
pottedplant 0.0018 257 75 272 101
pottedplant 0.0018 364 159 465 250
pottedplant 0.0018 447 70 457 88
pottedplant 0.0018 245 73 264 103
pottedplant 0.0017 190 69 259 120
pottedplant 0.0017 326 101 343 108
pottedplant 0.0017 440 99 463 115
pottedplant 0.0017 402 103 415 127
pottedplant 0.0017 273 49 292 60
pottedplant 0.0016 415 105 431 113
pottedplant 0.0016 470 119 480 139
pottedplant 0.0016 356 136 375 146
pottedplant 0.0016 446 142 461 154
pottedplant 0.0016 347 167 363 199
pottedplant 0.0015 237 25 280 68
pottedplant 0.0015 334 193 358 217
pottedplant 0.0015 289 95 301 102
pottedplant 0.0015 297 94 309 101
pottedplant 0.0015 422 136 435 152
pottedplant 0.0015 193 156 213 179
pottedplant 0.0015 253 168 265 179
pottedplant 0.0014 253 325 315 369
pottedplant 0.0014 270 113 284 126
pottedplant 0.0014 304 93 316 101
pottedplant 0.0014 332 114 345 126
pottedplant 0.0014 282 99 295 121
pottedplant 0.0014 229 169 243 178
pottedplant 0.0014 483 96 500 137
pottedplant 0.0014 371 107 385 119
pottedplant 0.0013 323 141 388 221
pottedplant 0.0013 183 156 208 180
pottedplant 0.0013 276 93 292 109
pottedplant 0.0013 232 164 327 191
pottedplant 0.0013 241 95 265 117
pottedplant 0.0013 384 106 409 129
pottedplant 0.0013 367 100 391 131
pottedplant 0.0013 272 73 288 98
pottedplant 0.0013 446 79 460 114
pottedplant 0.0013 199 69 230 77
pottedplant 0.0013 247 99 473 265
pottedplant 0.0012 227 166 244 181
pottedplant 0.0012 252 35 266 53
pottedplant 0.0012 480 113 500 155
pottedplant 0.0012 329 194 347 223
pottedplant 0.0012 400 85 418 112
pottedplant 0.0012 329 101 347 112
pottedplant 0.0012 167 160 212 197
pottedplant 0.0011 248 31 279 58
pottedplant 0.0011 476 107 488 119
pottedplant 0.0011 262 161 280 179
pottedplant 0.0011 429 98 449 115
pottedplant 0.0011 213 69 230 76
pottedplant 0.0011 182 172 218 206
pottedplant 0.0011 277 82 290 100
pottedplant 0.0011 381 138 405 151
pottedplant 0.0011 465 74 500 128
pottedplant 0.0010 197 137 220 165
pottedplant 0.0010 271 80 282 99
pottedplant 0.0010 225 33 267 62
pottedplant 0.0010 356 203 373 225
pottedplant 0.0010 226 71 294 123
pottedplant 0.0010 267 81 278 99
diningtable 0.0092 189 72 232 98
diningtable 0.0035 191 71 235 86
diningtable 0.0019 224 218 324 310
diningtable 0.0011 221 164 323 221
