person 0.9050 95 45 208 324
person 0.8942 289 91 396 330
person 0.5321 203 70 297 283
person 0.0171 205 142 290 248
person 0.0109 146 67 296 329
person 0.0051 198 98 389 332
person 0.0032 185 161 298 329
person 0.0020 264 100 289 145
person 0.0013 226 83 293 169
person 0.0012 384 110 391 120
person 0.0011 142 85 154 110
car 0.2331 412 113 426 122
car 0.0214 494 115 500 124
car 0.0179 415 113 436 122
car 0.0175 426 110 439 122
car 0.0066 482 113 500 126
car 0.0057 495 114 500 121
car 0.0039 446 119 455 124
car 0.0036 478 116 487 123
car 0.0029 441 117 455 124
car 0.0027 470 114 486 123
car 0.0017 434 116 446 124
car 0.0015 199 120 233 142
car 0.0013 481 114 489 122
car 0.0012 466 114 476 123
chair 0.0399 350 131 377 161
chair 0.0021 342 127 368 159
chair 0.0013 334 124 380 164
pottedplant 0.3414 177 216 258 298
pottedplant 0.2989 277 234 354 305
pottedplant 0.1985 115 88 141 118
pottedplant 0.0143 159 219 310 329
pottedplant 0.0080 376 205 447 330
pottedplant 0.0041 72 118 114 148
pottedplant 0.0034 196 223 377 313
pottedplant 0.0019 265 150 373 351
pottedplant 0.0018 172 157 291 316
pottedplant 0.0014 116 101 138 119
pottedplant 0.0010 106 109 125 126
diningtable 0.0059 180 224 329 329
