person 0.8684 88 80 191 307
person 0.0319 64 114 78 166
person 0.0069 64 116 77 144
person 0.0016 115 127 189 271
person 0.0011 211 153 233 163
bicycle 0.0178 380 167 423 236
bicycle 0.0036 396 179 422 239
bicycle 0.0034 379 165 400 233
car 0.1289 426 141 499 209
car 0.0115 416 153 500 252
car 0.0055 414 182 443 224
car 0.0030 430 180 498 211
car 0.0029 410 108 500 197
car 0.0020 407 152 435 210
car 0.0019 412 167 471 240
car 0.0016 409 153 435 184
car 0.0012 405 145 453 224
car 0.0011 418 182 476 224
car 0.0011 420 185 445 212
motorbike 0.8479 122 150 400 370
motorbike 0.4843 411 138 499 369
motorbike 0.0198 380 167 422 236
motorbike 0.0153 411 139 499 237
motorbike 0.0079 255 147 278 182
motorbike 0.0031 438 284 499 373
motorbike 0.0031 229 164 277 221
motorbike 0.0024 124 165 269 351
motorbike 0.0022 217 139 377 333
motorbike 0.0019 414 174 443 223
motorbike 0.0017 177 141 308 259
motorbike 0.0017 23 99 407 315
motorbike 0.0015 412 220 498 337
motorbike 0.0013 166 170 220 210
motorbike 0.0011 410 183 497 280
train 0.0012 2 45 422 258
bottle 0.0474 64 116 78 166
bottle 0.0020 65 137 75 165
chair 0.2921 84 180 120 253
chair 0.0249 385 171 423 234
chair 0.0232 91 208 120 253
chair 0.0199 405 181 423 230
chair 0.0072 34 93 100 244
chair 0.0072 71 169 106 247
chair 0.0040 73 147 183 293
chair 0.0039 84 169 111 220
chair 0.0027 90 197 116 221
chair 0.0025 380 166 402 235
chair 0.0020 91 181 118 224
chair 0.0019 229 165 265 205
chair 0.0018 76 168 99 224
chair 0.0017 88 155 121 204
chair 0.0017 86 168 105 204
chair 0.0016 409 174 430 224
chair 0.0014 91 162 132 258
chair 0.0013 89 200 181 260
chair 0.0011 41 170 129 255
