person 0.8081 237 3 274 35
person 0.7154 276 1 311 43
person 0.7030 328 0 361 59
person 0.5959 98 27 120 72
person 0.5919 410 0 444 52
person 0.5257 372 1 410 53
person 0.4647 350 0 380 54
person 0.3910 389 6 415 50
person 0.3411 375 1 444 52
person 0.3209 147 7 189 63
person 0.2205 146 11 168 67
person 0.1552 350 0 371 33
person 0.1460 427 0 447 49
person 0.1111 371 0 396 32
person 0.0353 404 0 427 52
person 0.0349 390 1 407 26
person 0.0336 275 -3 315 73
person 0.0312 391 4 402 21
person 0.0245 277 4 296 33
person 0.0214 376 0 394 23
person 0.0214 332 0 356 31
person 0.0204 351 0 368 20
person 0.0174 357 0 383 28
person 0.0131 400 7 418 36
person 0.0131 408 2 423 37
person 0.0126 233 10 276 86
person 0.0123 435 0 452 48
person 0.0123 445 -1 459 49
person 0.0121 162 13 188 49
person 0.0120 298 17 333 58
person 0.0116 382 0 398 20
person 0.0112 285 53 308 81
person 0.0103 142 13 157 73
person 0.0101 376 7 402 41
person 0.0096 293 3 310 29
person 0.0092 347 0 363 25
person 0.0084 346 0 356 16
person 0.0081 363 0 381 18
person 0.0081 409 1 433 27
person 0.0079 105 27 121 57
person 0.0073 429 1 445 27
person 0.0071 391 0 413 15
person 0.0062 275 10 286 30
person 0.0059 282 11 330 64
person 0.0058 376 20 401 53
person 0.0055 150 22 180 74
person 0.0052 95 28 116 48
person 0.0050 366 11 396 58
person 0.0048 147 20 163 54
person 0.0048 161 32 181 63
person 0.0047 251 55 282 87
person 0.0047 371 12 391 37
person 0.0045 193 63 214 96
person 0.0043 415 3 440 38
person 0.0042 91 28 111 72
person 0.0040 177 5 192 47
person 0.0040 241 39 292 87
person 0.0038 164 35 179 54
person 0.0038 402 6 416 24
person 0.0032 283 41 316 81
person 0.0031 246 9 321 80
person 0.0030 328 1 346 34
person 0.0028 394 19 412 50
person 0.0027 233 59 264 88
person 0.0027 151 0 185 43
person 0.0026 259 53 296 88
person 0.0026 357 0 376 15
person 0.0024 149 36 335 117
person 0.0024 190 56 233 98
person 0.0024 371 17 398 43
person 0.0023 174 17 189 53
person 0.0022 155 31 175 56
person 0.0022 133 14 177 79
person 0.0022 110 26 121 74
person 0.0021 106 34 119 84
person 0.0020 289 64 309 83
person 0.0020 92 30 107 56
person 0.0019 390 0 401 9
person 0.0019 174 54 218 101
person 0.0018 147 22 188 101
person 0.0018 319 -1 413 61
person 0.0018 213 62 245 92
person 0.0018 389 21 406 51
person 0.0018 208 -6 321 72
person 0.0017 148 12 166 41
person 0.0016 421 1 461 52
person 0.0015 360 10 379 36
person 0.0015 331 1 354 14
person 0.0014 102 49 116 71
person 0.0014 330 18 356 46
person 0.0013 264 41 311 88
person 0.0013 217 35 230 41
person 0.0013 155 11 177 40
person 0.0013 259 -2 371 68
person 0.0012 166 0 193 34
person 0.0012 156 40 174 60
person 0.0012 77 19 91 47
person 0.0012 137 13 152 76
person 0.0012 429 23 448 49
person 0.0011 282 14 308 41
person 0.0011 84 27 110 52
person 0.0011 327 1 343 23
person 0.0011 410 21 430 52
person 0.0010 352 22 374 54
person 0.0010 392 1 413 9
person 0.0010 168 40 181 54
person 0.0010 282 0 310 16
bicycle 0.0194 303 21 333 57
bicycle 0.0036 280 14 330 68
bicycle 0.0027 303 13 331 43
bicycle 0.0014 302 23 321 51
car 0.1644 113 27 366 225
car 0.0033 313 14 330 24
car 0.0029 303 13 329 42
car 0.0021 311 15 331 36
car 0.0013 134 22 351 139
car 0.0010 276 12 328 73
motorbike 0.0034 301 14 320 48
bird 0.0018 494 223 500 237
bird 0.0014 21 272 69 316
bottle 0.0015 424 205 436 227
chair 0.0654 330 8 362 60
chair 0.0233 332 30 357 58
chair 0.0096 340 30 365 58
chair 0.0062 325 24 351 59
chair 0.0045 350 26 377 58
chair 0.0028 371 27 398 56
chair 0.0021 331 28 345 58
chair 0.0021 410 22 421 51
chair 0.0017 407 26 429 54
chair 0.0015 401 22 415 51
chair 0.0015 351 33 365 58
chair 0.0013 311 10 342 55
chair 0.0012 425 20 448 51
chair 0.0011 365 32 378 56
