person 0.3172 409 1 499 81
person 0.0028 432 29 498 114
person 0.0025 467 28 499 102
person 0.0019 23 0 122 128
cat 0.7120 8 2 314 254
cat 0.0363 37 180 217 335
cat 0.0027 144 -1 306 230
cat 0.0019 23 47 341 388
cat 0.0016 0 -14 193 381
cat 0.0011 0 41 86 311
bottle 0.7826 408 65 465 193
bottle 0.6390 334 1 358 58
bottle 0.2597 315 19 334 53
bottle 0.1774 300 66 353 141
bottle 0.0800 366 31 382 49
bottle 0.0419 393 40 430 85
bottle 0.0377 300 13 317 46
bottle 0.0369 355 17 371 51
bottle 0.0335 392 29 419 76
bottle 0.0297 315 17 329 44
bottle 0.0242 307 17 324 48
bottle 0.0222 393 30 411 61
bottle 0.0209 474 42 500 110
bottle 0.0148 393 29 405 51
bottle 0.0130 348 2 372 54
bottle 0.0123 328 110 403 191
bottle 0.0121 424 108 464 195
bottle 0.0119 352 46 421 82
bottle 0.0109 316 19 328 31
bottle 0.0094 357 172 383 198
bottle 0.0093 304 14 332 56
bottle 0.0079 301 18 317 68
bottle 0.0078 368 53 395 165
bottle 0.0071 113 0 135 14
bottle 0.0063 290 116 306 141
bottle 0.0058 444 72 499 119
bottle 0.0052 396 49 419 71
bottle 0.0049 294 13 312 49
bottle 0.0046 353 61 401 183
bottle 0.0040 113 1 175 35
bottle 0.0038 395 41 416 66
bottle 0.0038 289 3 317 59
bottle 0.0038 292 87 318 138
bottle 0.0035 288 116 307 161
bottle 0.0032 342 13 420 64
bottle 0.0030 291 102 308 139
bottle 0.0029 401 171 471 209
bottle 0.0029 306 6 321 38
bottle 0.0025 336 2 355 33
bottle 0.0023 326 14 342 52
bottle 0.0021 292 4 341 59
bottle 0.0020 388 163 406 184
bottle 0.0020 442 77 499 196
bottle 0.0019 447 76 471 102
bottle 0.0019 369 77 382 121
bottle 0.0019 370 98 381 117
bottle 0.0018 358 31 387 61
bottle 0.0018 300 98 322 133
bottle 0.0018 326 28 339 53
bottle 0.0017 332 25 353 58
bottle 0.0017 284 60 378 153
bottle 0.0016 16 -2 99 121
bottle 0.0014 301 -2 434 73
bottle 0.0014 337 12 359 44
bottle 0.0014 302 24 317 51
bottle 0.0013 334 2 373 29
bottle 0.0013 334 19 366 69
bottle 0.0013 407 111 451 192
bottle 0.0012 416 65 465 125
bottle 0.0012 300 72 327 142
bottle 0.0012 380 14 441 82
bottle 0.0012 326 0 378 56
bottle 0.0011 400 120 476 207
bottle 0.0011 369 97 398 154
bottle 0.0010 325 167 347 185
bottle 0.0010 299 -1 318 38
bottle 0.0010 304 28 323 60
bottle 0.0010 392 50 417 87
chair 0.0763 0 286 117 383
chair 0.0090 0 117 126 391
chair 0.0018 0 289 55 381
chair 0.0016 19 -4 110 122
chair 0.0012 0 5 110 317
