person 0.0459 261 164 278 179
person 0.0204 253 164 274 178
person 0.0112 227 164 239 174
person 0.0085 246 165 260 176
person 0.0083 223 163 235 173
person 0.0069 233 166 246 175
person 0.0068 240 166 254 175
person 0.0062 210 162 303 190
person 0.0050 227 162 244 176
person 0.0050 253 167 266 179
person 0.0044 209 180 218 186
person 0.0042 229 162 257 178
person 0.0042 219 163 230 173
person 0.0021 198 171 206 178
person 0.0015 218 153 318 209
person 0.0012 219 160 233 175
person 0.0011 213 165 222 174
car 0.7392 175 153 299 234
car 0.0011 209 158 278 223
bird 0.1668 72 34 80 37
bird 0.0193 72 33 80 38
bird 0.0089 425 312 432 322
bird 0.0052 75 34 82 38
bird 0.0041 73 31 79 36
bird 0.0010 442 319 447 326
dog 0.0014 292 190 335 237
sheep 0.0019 496 186 500 196
sheep 0.0015 495 190 500 201
sheep 0.0013 478 192 499 202
sheep 0.0010 472 191 480 196
