person 0.7768 218 114 375 370
person 0.6011 129 125 292 370
person 0.0607 53 145 138 219
person 0.0108 142 32 437 385
person 0.0034 57 150 103 218
person 0.0030 3 0 271 360
person 0.0026 142 137 235 312
person 0.0019 286 132 363 354
person 0.0013 490 135 499 207
bus 0.1529 -1 -6 433 359
bus 0.0014 0 3 245 231
train 0.0800 66 -13 493 349
train 0.0084 257 16 496 336
train 0.0053 444 45 500 316
train 0.0035 -4 15 330 380
train 0.0027 12 -1 505 162
train 0.0018 376 28 497 331
train 0.0017 48 149 194 368
chair 0.0596 348 236 404 320
chair 0.0161 59 268 399 371
chair 0.0124 454 219 499 282
chair 0.0090 443 214 499 325
chair 0.0043 223 215 381 371
chair 0.0031 85 242 240 367
chair 0.0028 313 235 406 351
chair 0.0024 312 257 365 310
chair 0.0018 157 348 210 374
chair 0.0017 343 275 360 310
chair 0.0016 178 282 341 369
chair 0.0014 114 278 218 373
chair 0.0012 338 268 362 318
chair 0.0011 298 232 382 314
sofa 0.0185 65 231 407 371
sofa 0.0063 230 219 380 372
tvmonitor 0.0221 454 218 499 276
