person 0.0297 183 293 190 306
person 0.0216 449 349 454 359
person 0.0195 259 333 273 346
person 0.0146 223 341 228 351
person 0.0083 283 344 297 358
person 0.0081 191 295 202 308
person 0.0080 292 354 302 366
person 0.0073 299 348 310 354
person 0.0073 283 351 295 364
person 0.0072 283 349 293 360
person 0.0069 392 80 400 86
person 0.0062 448 343 454 358
person 0.0050 256 324 262 332
person 0.0047 298 346 308 353
person 0.0047 303 348 311 354
person 0.0046 332 345 339 353
person 0.0042 443 341 472 361
person 0.0041 249 351 272 373
person 0.0039 258 323 263 333
person 0.0037 223 342 231 354
person 0.0036 264 332 275 345
person 0.0035 152 284 162 294
person 0.0033 207 350 285 375
person 0.0031 169 317 175 324
person 0.0029 255 323 260 331
person 0.0027 387 340 393 348
person 0.0027 163 284 170 294
person 0.0026 319 352 326 360
person 0.0024 250 349 258 359
person 0.0023 278 335 287 343
person 0.0023 274 359 281 366
person 0.0022 107 90 111 100
person 0.0021 225 309 232 319
person 0.0021 233 360 245 372
person 0.0021 249 350 261 369
person 0.0021 225 342 235 353
person 0.0020 282 358 297 367
person 0.0020 412 330 421 347
person 0.0020 448 345 460 360
person 0.0019 104 269 112 276
person 0.0017 240 357 253 373
person 0.0017 219 341 226 349
person 0.0017 441 354 452 362
person 0.0016 220 341 233 357
person 0.0016 97 182 108 200
person 0.0016 51 208 60 216
person 0.0015 95 191 110 202
person 0.0015 324 347 331 354
person 0.0015 422 112 432 122
person 0.0015 495 351 499 359
person 0.0015 242 367 251 374
person 0.0014 276 368 284 375
person 0.0014 344 346 352 352
person 0.0013 446 347 455 360
person 0.0012 208 366 230 374
person 0.0012 228 363 241 373
person 0.0012 249 124 254 132
person 0.0012 250 350 263 361
person 0.0012 146 117 158 125
person 0.0011 154 117 166 125
person 0.0011 271 368 282 374
person 0.0011 146 113 157 122
person 0.0011 208 362 250 374
person 0.0011 162 284 174 299
person 0.0011 442 67 451 75
person 0.0010 129 73 135 85
bicycle 0.0024 282 353 302 368
car 0.1845 465 326 480 336
car 0.1537 326 355 340 362
car 0.1489 110 281 120 287
car 0.1480 410 33 429 43
car 0.1432 191 48 213 56
car 0.1029 416 354 427 360
car 0.0492 283 182 299 192
car 0.0472 284 341 299 351
car 0.0418 327 39 344 45
car 0.0302 438 116 448 122
car 0.0292 412 354 420 359
car 0.0263 465 315 480 328
car 0.0250 71 114 83 119
car 0.0237 275 337 287 346
car 0.0236 283 341 294 349
car 0.0233 428 353 437 358
car 0.0232 259 334 274 346
car 0.0228 467 320 481 328
car 0.0221 130 119 146 124
car 0.0205 122 117 132 122
car 0.0205 378 34 391 41
car 0.0177 422 354 436 359
car 0.0164 412 354 424 360
car 0.0164 323 355 333 361
car 0.0157 216 120 236 129
car 0.0156 295 118 307 124
car 0.0156 324 357 333 363
car 0.0143 109 115 121 122
car 0.0142 175 56 188 64
car 0.0130 270 141 288 150
car 0.0127 441 315 457 327
car 0.0122 441 310 458 322
car 0.0120 371 286 383 294
car 0.0108 476 316 498 338
car 0.0104 128 117 141 123
car 0.0103 283 342 301 360
car 0.0102 113 117 129 123
car 0.0102 366 72 391 80
car 0.0099 316 138 341 145
car 0.0099 112 292 125 301
car 0.0091 309 179 328 189
car 0.0090 308 116 322 123
car 0.0090 134 53 157 60
car 0.0081 243 244 268 257
car 0.0080 393 80 400 86
car 0.0079 290 341 300 349
car 0.0077 404 354 417 359
car 0.0076 479 311 499 321
car 0.0075 350 347 359 352
car 0.0073 320 356 329 362
car 0.0071 14 41 28 47
car 0.0070 441 320 453 327
car 0.0068 328 353 367 367
car 0.0066 185 16 197 23
car 0.0065 77 113 92 119
car 0.0064 147 283 159 294
car 0.0063 395 355 405 359
car 0.0062 322 78 334 83
car 0.0061 319 354 346 367
car 0.0061 315 77 327 83
car 0.0060 335 77 345 83
car 0.0058 394 355 400 360
car 0.0057 264 184 284 196
car 0.0057 446 319 457 327
car 0.0056 83 114 95 120
car 0.0056 146 31 167 39
car 0.0056 248 118 263 124
car 0.0054 329 77 342 83
car 0.0052 351 346 362 354
car 0.0052 455 310 479 320
car 0.0052 288 345 302 358
car 0.0051 228 118 237 126
car 0.0048 479 310 495 318
car 0.0046 98 285 105 290
car 0.0046 316 355 333 363
car 0.0046 388 80 399 86
car 0.0045 333 350 344 359
car 0.0044 489 302 499 315
car 0.0043 442 308 462 317
car 0.0042 226 121 237 128
car 0.0041 488 311 499 318
car 0.0041 452 308 467 315
car 0.0040 398 355 408 359
car 0.0040 103 284 116 294
car 0.0039 353 75 379 84
car 0.0037 105 268 113 276
car 0.0037 292 357 302 367
car 0.0037 274 335 284 343
car 0.0037 436 317 446 326
car 0.0036 339 355 353 361
car 0.0036 484 305 499 317
car 0.0036 159 50 172 55
car 0.0035 310 118 324 124
car 0.0035 429 81 444 89
car 0.0035 476 327 488 338
car 0.0035 297 348 310 355
car 0.0034 327 79 339 84
car 0.0034 273 360 282 368
car 0.0034 314 79 329 87
car 0.0033 323 38 340 43
car 0.0033 477 237 499 249
car 0.0032 255 120 263 124
car 0.0032 113 289 123 298
car 0.0032 131 50 151 59
car 0.0032 217 127 238 135
car 0.0032 442 307 454 316
car 0.0031 422 63 445 71
car 0.0031 45 35 63 42
car 0.0031 356 354 372 361
car 0.0031 107 113 118 121
car 0.0030 208 35 220 41
car 0.0030 320 79 334 85
car 0.0030 348 355 372 364
car 0.0030 422 112 432 122
car 0.0030 96 107 106 119
car 0.0029 282 137 326 149
car 0.0028 455 228 466 237
car 0.0028 314 30 328 36
car 0.0028 214 58 227 64
car 0.0027 345 355 362 361
car 0.0027 486 279 497 287
car 0.0027 333 138 345 144
car 0.0026 345 223 366 230
car 0.0025 325 112 341 118
car 0.0025 276 350 320 368
car 0.0025 438 320 446 327
car 0.0025 326 176 347 185
car 0.0025 145 53 160 59
car 0.0024 337 74 349 82
car 0.0024 159 49 183 55
car 0.0024 434 311 444 320
car 0.0024 480 309 490 316
car 0.0023 219 114 235 122
car 0.0023 469 311 484 319
car 0.0023 229 114 238 122
car 0.0023 221 49 235 55
car 0.0023 134 160 157 172
car 0.0023 139 118 152 124
car 0.0022 359 353 369 360
car 0.0022 127 273 137 284
car 0.0022 238 189 260 203
car 0.0022 343 215 362 225
car 0.0022 151 284 162 294
car 0.0021 375 287 382 294
car 0.0021 285 140 295 149
car 0.0021 379 75 397 84
car 0.0021 432 356 449 362
car 0.0021 151 17 163 24
car 0.0021 414 353 433 363
car 0.0021 473 223 499 233
car 0.0020 136 164 156 176
car 0.0020 363 73 385 83
car 0.0020 297 120 305 124
car 0.0020 326 367 335 374
car 0.0020 383 355 399 361
car 0.0020 171 51 186 59
car 0.0020 123 61 142 68
car 0.0020 455 111 464 117
car 0.0019 213 116 237 131
car 0.0019 277 53 293 60
car 0.0019 276 360 292 367
car 0.0019 291 116 305 123
car 0.0019 341 349 352 358
car 0.0019 488 26 500 32
car 0.0019 187 50 197 56
car 0.0019 316 32 329 38
car 0.0019 451 320 463 326
car 0.0018 411 63 431 68
car 0.0018 311 80 323 88
car 0.0018 137 58 156 69
car 0.0017 281 357 299 367
car 0.0017 79 72 90 78
car 0.0017 96 115 105 122
car 0.0017 176 53 188 61
car 0.0017 295 358 304 367
car 0.0017 472 226 499 238
car 0.0017 95 284 108 292
car 0.0017 395 369 403 373
car 0.0017 139 167 163 177
car 0.0017 292 141 315 150
car 0.0016 131 45 149 53
car 0.0016 463 231 477 239
car 0.0016 488 301 499 310
car 0.0016 339 266 383 292
car 0.0016 393 168 409 178
car 0.0016 168 231 180 237
car 0.0015 362 283 396 298
car 0.0015 316 359 326 367
car 0.0015 483 249 500 274
car 0.0015 337 74 345 80
car 0.0015 282 43 289 49
car 0.0015 58 59 74 67
car 0.0015 337 138 351 144
car 0.0015 256 118 269 124
car 0.0014 209 59 225 67
car 0.0014 130 61 150 67
car 0.0014 82 140 220 192
car 0.0014 387 340 393 348
car 0.0014 378 355 390 360
car 0.0014 152 49 167 56
car 0.0013 128 302 137 311
car 0.0013 333 358 346 365
car 0.0013 281 37 291 46
car 0.0013 474 332 485 345
car 0.0013 343 219 373 230
car 0.0013 126 58 153 68
car 0.0013 493 55 499 64
car 0.0013 120 294 127 303
car 0.0013 269 52 288 58
car 0.0013 460 233 472 243
car 0.0012 411 35 418 41
car 0.0012 30 41 41 47
car 0.0012 406 63 425 68
car 0.0012 184 49 200 57
car 0.0012 403 62 441 72
car 0.0012 27 108 34 114
car 0.0012 486 313 499 329
car 0.0012 425 19 438 25
car 0.0012 278 236 292 247
car 0.0012 493 258 500 273
car 0.0012 234 118 246 125
car 0.0012 295 355 336 366
car 0.0012 366 276 380 291
car 0.0012 177 54 198 64
car 0.0012 429 353 445 359
car 0.0012 462 254 468 260
car 0.0011 310 83 320 88
car 0.0011 336 267 360 285
car 0.0011 494 221 499 230
car 0.0011 465 331 479 339
car 0.0011 276 131 325 141
car 0.0011 415 359 432 367
car 0.0011 305 357 336 369
car 0.0011 322 112 334 116
car 0.0010 118 54 149 67
car 0.0010 441 269 462 275
car 0.0010 434 359 447 364
car 0.0010 293 132 299 137
car 0.0010 304 360 315 368
car 0.0010 306 79 312 85
car 0.0010 324 40 338 45
car 0.0010 317 135 339 142
car 0.0010 345 214 359 222
car 0.0010 376 79 395 86
car 0.0010 425 247 444 256
car 0.0010 259 359 282 372
car 0.0010 302 348 312 354
car 0.0010 239 117 258 124
car 0.0010 213 111 231 123
car 0.0010 92 109 104 120
car 0.0010 287 142 304 150
car 0.0010 347 204 398 221
car 0.0010 467 57 484 65
car 0.0010 464 229 496 242
motorbike 0.0301 258 333 273 347
motorbike 0.0087 283 351 296 364
motorbike 0.0075 284 344 297 358
motorbike 0.0066 283 349 293 360
motorbike 0.0061 292 354 302 367
motorbike 0.0040 281 348 300 366
aeroplane 0.0149 397 187 490 216
aeroplane 0.0048 169 109 224 129
aeroplane 0.0029 147 104 248 141
aeroplane 0.0015 173 111 203 124
aeroplane 0.0014 450 180 500 228
bus 0.0047 321 355 374 374
bus 0.0035 311 354 355 369
bus 0.0032 283 135 335 148
bus 0.0024 267 353 371 374
bus 0.0018 213 364 281 375
bus 0.0013 407 188 482 238
bus 0.0010 448 212 497 239
train 0.3291 43 148 485 250
train 0.2788 67 219 492 344
train 0.2301 270 223 480 282
train 0.2195 144 128 475 222
train 0.1573 269 229 389 279
train 0.1069 66 196 492 291
train 0.0760 202 209 471 267
train 0.0708 237 210 381 251
train 0.0641 378 271 461 310
train 0.0543 375 257 497 305
train 0.0538 364 233 499 275
train 0.0509 166 133 266 153
train 0.0450 334 266 377 290
train 0.0395 438 272 499 313
train 0.0394 305 259 471 313
train 0.0393 268 142 489 214
train 0.0388 263 212 341 246
train 0.0383 65 133 356 209
train 0.0330 129 162 401 229
train 0.0293 337 205 484 255
train 0.0289 341 248 444 280
train 0.0277 187 202 347 249
train 0.0255 433 234 499 270
train 0.0222 35 173 289 264
train 0.0194 181 242 491 328
train 0.0192 398 187 488 224
train 0.0189 342 207 415 225
train 0.0187 464 238 499 269
train 0.0181 422 261 494 277
train 0.0167 122 188 364 253
train 0.0163 130 134 281 166
train 0.0160 386 260 502 283
train 0.0159 476 241 499 264
train 0.0143 363 247 499 288
train 0.0128 209 215 332 257
train 0.0116 87 79 486 198
train 0.0115 161 230 317 260
train 0.0114 277 180 304 194
train 0.0113 296 245 440 291
train 0.0111 291 218 425 255
train 0.0110 418 264 495 291
train 0.0106 459 270 499 303
train 0.0103 275 135 340 151
train 0.0100 284 214 341 231
train 0.0099 335 162 490 226
train 0.0099 238 242 268 257
train 0.0094 254 181 306 200
train 0.0091 55 242 298 363
train 0.0090 207 352 284 375
train 0.0088 380 275 424 306
train 0.0087 262 219 353 267
train 0.0086 360 331 387 354
train 0.0081 186 182 333 208
train 0.0070 238 352 378 375
train 0.0068 216 235 268 256
train 0.0068 457 268 497 287
train 0.0066 254 129 434 181
train 0.0066 172 176 341 227
train 0.0063 83 135 261 190
train 0.0062 146 114 383 161
train 0.0062 256 133 402 154
train 0.0061 262 184 286 197
train 0.0060 425 267 467 277
train 0.0056 419 200 499 240
train 0.0056 420 215 457 242
train 0.0055 280 172 358 194
train 0.0053 481 305 499 322
train 0.0053 276 235 347 272
train 0.0052 477 236 499 250
train 0.0052 339 215 418 251
train 0.0051 305 354 375 375
train 0.0051 479 247 499 272
train 0.0050 254 139 357 160
train 0.0050 151 144 280 184
train 0.0048 258 215 309 245
train 0.0047 458 253 499 280
train 0.0046 268 140 289 151
train 0.0045 451 264 493 280
train 0.0043 181 130 272 147
train 0.0041 338 221 390 232
train 0.0041 382 241 451 275
train 0.0038 319 210 402 229
train 0.0037 470 274 498 295
train 0.0036 317 244 375 288
train 0.0035 326 227 389 259
train 0.0035 331 356 375 373
train 0.0034 420 283 458 311
train 0.0033 276 164 435 194
train 0.0033 350 212 430 228
train 0.0033 289 263 423 302
train 0.0032 307 123 477 186
train 0.0031 368 187 495 273
train 0.0031 450 259 492 274
train 0.0031 234 169 347 209
train 0.0031 278 126 429 160
train 0.0030 39 194 208 261
train 0.0028 334 254 396 287
train 0.0028 203 122 246 138
train 0.0027 383 211 453 248
train 0.0026 463 212 499 235
train 0.0026 460 231 497 249
train 0.0025 167 157 344 207
train 0.0025 44 154 393 337
train 0.0025 246 151 416 189
train 0.0024 432 251 498 284
train 0.0024 337 217 405 236
train 0.0023 328 201 453 224
train 0.0023 485 247 499 258
train 0.0022 161 184 273 219
train 0.0022 401 237 461 260
train 0.0022 300 175 339 194
train 0.0022 421 263 471 274
train 0.0022 356 207 398 222
train 0.0021 269 209 336 224
train 0.0020 223 137 364 167
train 0.0020 457 183 500 249
train 0.0019 405 238 483 269
train 0.0019 384 262 470 295
train 0.0019 485 278 498 287
train 0.0019 420 246 452 259
train 0.0019 326 220 391 240
train 0.0018 236 185 285 207
train 0.0017 358 257 432 286
train 0.0017 202 232 368 272
train 0.0016 356 262 428 310
train 0.0016 489 301 499 310
train 0.0016 409 245 460 267
train 0.0016 122 238 406 378
train 0.0015 332 234 396 272
train 0.0015 209 144 380 196
train 0.0015 181 137 273 163
train 0.0014 166 139 340 177
train 0.0014 238 189 259 203
train 0.0014 386 229 450 259
train 0.0014 479 291 500 333
train 0.0013 275 251 396 295
train 0.0013 77 60 398 153
train 0.0013 180 120 300 149
train 0.0013 396 215 500 294
train 0.0012 125 152 288 210
train 0.0012 317 191 469 230
train 0.0012 423 260 459 272
train 0.0012 478 280 498 290
train 0.0012 271 227 344 247
train 0.0012 208 136 293 154
train 0.0012 393 254 463 281
train 0.0012 358 222 433 258
train 0.0011 450 236 493 258
train 0.0011 266 128 349 156
train 0.0011 430 249 495 267
train 0.0011 487 248 500 269
train 0.0011 263 231 310 251
train 0.0010 240 193 374 228
train 0.0010 226 134 263 150
train 0.0010 474 276 499 314
train 0.0010 454 248 486 268
train 0.0010 297 202 420 238
boat 0.3774 28 130 86 149
boat 0.1838 30 193 175 259
boat 0.1554 39 156 146 205
boat 0.1207 108 127 268 165
boat 0.1083 37 123 173 227
boat 0.0997 41 177 112 206
boat 0.0947 36 110 252 250
boat 0.0945 43 165 121 194
boat 0.0650 29 134 68 147
boat 0.0633 337 105 402 137
boat 0.0626 59 138 86 146
boat 0.0584 33 179 151 227
boat 0.0530 154 132 261 153
boat 0.0527 56 258 258 356
boat 0.0523 338 84 424 133
boat 0.0496 99 116 240 152
boat 0.0471 49 155 132 186
boat 0.0440 47 177 105 194
boat 0.0417 232 123 483 197
boat 0.0416 38 139 90 148
boat 0.0377 41 134 60 145
boat 0.0369 393 186 491 217
boat 0.0360 70 140 86 146
boat 0.0301 168 128 244 148
boat 0.0278 28 123 56 148
boat 0.0236 69 141 140 183
boat 0.0225 38 128 55 145
boat 0.0210 29 138 55 150
boat 0.0210 47 160 100 183
boat 0.0199 133 61 217 92
boat 0.0198 108 118 183 130
boat 0.0187 128 65 230 130
boat 0.0186 71 114 82 119
boat 0.0177 29 114 76 149
boat 0.0165 42 187 96 205
boat 0.0151 351 81 434 116
boat 0.0148 109 111 205 132
boat 0.0134 326 146 488 210
boat 0.0128 65 118 348 204
boat 0.0127 31 160 199 249
boat 0.0123 366 71 391 80
boat 0.0117 85 152 122 171
boat 0.0114 74 153 132 176
boat 0.0110 0 101 20 111
boat 0.0104 170 110 243 139
boat 0.0093 37 122 52 142
boat 0.0088 35 166 118 216
boat 0.0084 61 109 232 163
boat 0.0083 111 120 183 148
boat 0.0082 477 135 484 150
boat 0.0081 474 136 486 152
boat 0.0081 144 95 482 189
boat 0.0080 339 89 475 154
boat 0.0078 323 116 461 148
boat 0.0078 160 55 198 68
boat 0.0078 460 183 499 229
boat 0.0077 272 121 416 149
boat 0.0076 178 115 445 170
boat 0.0074 337 126 404 141
boat 0.0073 459 210 499 231
boat 0.0071 52 130 64 144
boat 0.0070 29 135 45 147
boat 0.0068 105 71 274 169
boat 0.0067 483 114 497 121
boat 0.0064 46 169 88 182
boat 0.0063 88 153 103 163
boat 0.0063 95 153 118 165
boat 0.0062 82 114 96 120
boat 0.0062 50 181 96 199
boat 0.0061 122 132 133 145
boat 0.0060 68 161 147 194
boat 0.0059 98 285 106 296
boat 0.0059 172 56 194 66
boat 0.0058 477 181 499 208
boat 0.0058 33 191 115 243
boat 0.0055 92 141 96 146
boat 0.0052 116 105 243 135
boat 0.0052 475 112 496 121
boat 0.0051 48 135 68 145
boat 0.0050 29 140 46 151
boat 0.0049 87 77 214 134
boat 0.0048 52 133 91 145
boat 0.0047 42 120 92 148
boat 0.0047 146 31 168 40
boat 0.0047 102 284 117 295
boat 0.0045 312 120 471 169
boat 0.0045 268 83 429 144
boat 0.0045 466 146 488 156
boat 0.0043 67 159 100 177
boat 0.0043 461 199 499 247
boat 0.0043 100 182 141 200
boat 0.0043 62 186 139 206
boat 0.0040 491 208 499 220
boat 0.0040 333 118 394 136
boat 0.0039 42 171 85 191
boat 0.0038 195 114 238 133
boat 0.0038 477 145 489 153
boat 0.0036 86 171 145 199
boat 0.0036 24 112 45 147
boat 0.0035 28 71 86 150
boat 0.0035 457 112 468 120
boat 0.0034 354 95 437 127
boat 0.0034 35 188 128 211
boat 0.0033 151 17 162 25
boat 0.0033 343 81 494 125
boat 0.0032 189 125 257 138
boat 0.0032 151 63 212 77
boat 0.0032 56 141 77 146
boat 0.0031 47 139 69 147
boat 0.0031 102 114 169 127
boat 0.0031 26 208 119 259
boat 0.0030 81 118 153 197
boat 0.0030 65 167 101 186
boat 0.0030 110 118 160 127
boat 0.0030 438 71 499 116
boat 0.0030 171 109 224 130
boat 0.0029 133 51 213 80
boat 0.0028 96 283 104 294
boat 0.0028 484 193 499 211
boat 0.0028 138 113 189 126
boat 0.0028 352 205 404 221
boat 0.0028 62 134 83 144
boat 0.0027 484 204 499 217
boat 0.0027 117 294 128 304
boat 0.0026 99 287 109 297
boat 0.0026 490 111 499 120
boat 0.0026 36 198 117 213
boat 0.0025 133 69 205 83
boat 0.0025 127 113 167 124
boat 0.0025 466 136 487 154
boat 0.0025 409 172 497 213
boat 0.0025 102 289 114 298
boat 0.0024 467 113 489 121
boat 0.0024 78 114 92 120
boat 0.0024 355 91 399 125
boat 0.0024 467 110 499 122
boat 0.0024 133 120 144 125
boat 0.0024 68 135 85 143
boat 0.0024 476 181 499 195
boat 0.0024 96 279 142 300
boat 0.0023 445 112 463 121
boat 0.0023 470 221 499 234
boat 0.0023 87 191 117 203
boat 0.0022 159 57 215 74
boat 0.0022 88 153 96 162
boat 0.0022 140 51 199 70
boat 0.0022 27 109 36 114
boat 0.0021 470 226 499 239
boat 0.0021 130 116 147 124
boat 0.0020 121 61 143 68
boat 0.0020 110 290 129 305
boat 0.0020 380 126 487 182
boat 0.0020 124 50 160 65
boat 0.0019 152 78 254 139
boat 0.0019 76 192 128 205
boat 0.0019 377 162 496 245
boat 0.0019 493 214 499 229
boat 0.0019 60 270 204 337
boat 0.0018 117 127 139 145
boat 0.0018 6 58 64 73
boat 0.0018 388 122 470 152
boat 0.0018 100 298 235 343
boat 0.0018 80 159 123 183
boat 0.0018 43 122 60 141
boat 0.0018 49 170 75 179
boat 0.0017 453 113 466 121
boat 0.0017 33 141 84 153
boat 0.0017 173 113 200 125
boat 0.0016 155 136 249 163
boat 0.0016 357 75 434 97
boat 0.0016 145 112 184 122
boat 0.0015 63 151 107 172
boat 0.0015 29 141 35 151
boat 0.0015 166 136 178 145
boat 0.0015 96 187 134 203
boat 0.0015 103 274 119 289
boat 0.0015 458 114 472 121
boat 0.0014 46 173 62 181
boat 0.0014 478 212 500 229
boat 0.0014 26 103 56 146
boat 0.0014 168 58 208 70
boat 0.0014 161 128 210 144
boat 0.0014 101 297 187 325
boat 0.0014 81 157 98 173
boat 0.0014 33 99 158 192
boat 0.0014 153 137 191 147
boat 0.0013 28 134 34 146
boat 0.0013 100 175 131 194
boat 0.0013 90 141 98 147
boat 0.0013 447 115 458 120
boat 0.0013 67 111 96 125
boat 0.0013 481 143 489 151
boat 0.0013 130 118 198 143
boat 0.0012 465 116 476 122
boat 0.0012 356 90 385 108
boat 0.0012 465 114 480 121
boat 0.0012 351 66 468 109
boat 0.0012 34 193 91 208
boat 0.0012 24 117 36 142
boat 0.0012 339 72 400 114
boat 0.0012 158 52 187 63
boat 0.0011 448 56 496 75
boat 0.0011 142 115 163 126
boat 0.0011 35 194 53 207
boat 0.0011 125 153 162 180
boat 0.0011 107 73 474 155
boat 0.0011 99 49 176 74
boat 0.0011 110 281 122 295
boat 0.0011 429 81 444 93
boat 0.0011 57 167 82 179
boat 0.0011 121 99 191 127
boat 0.0011 91 109 105 120
boat 0.0011 78 258 189 318
boat 0.0011 172 96 216 123
boat 0.0011 79 164 100 178
boat 0.0011 93 280 121 299
boat 0.0011 93 151 164 207
boat 0.0011 106 112 131 124
boat 0.0011 119 140 185 153
boat 0.0010 7 54 61 67
boat 0.0010 316 135 340 143
boat 0.0010 163 134 185 145
boat 0.0010 356 78 382 85
boat 0.0010 411 142 492 165
boat 0.0010 184 113 224 140
boat 0.0010 56 130 74 145
boat 0.0010 29 144 43 153
boat 0.0010 111 293 123 303
bird 0.0060 122 132 132 146
chair 0.0344 182 295 190 307
chair 0.0202 150 286 160 295
chair 0.0108 195 305 208 314
chair 0.0103 209 307 224 321
chair 0.0094 165 288 172 298
chair 0.0057 147 284 159 294
chair 0.0027 139 277 153 290
chair 0.0026 185 298 197 310
chair 0.0020 206 307 219 319
chair 0.0019 225 312 236 322
chair 0.0010 232 318 246 326
pottedplant 0.0990 180 293 190 306
pottedplant 0.0920 211 310 226 322
pottedplant 0.0745 192 299 208 314
pottedplant 0.0489 175 290 186 304
pottedplant 0.0257 178 293 196 307
pottedplant 0.0218 105 263 119 276
pottedplant 0.0164 165 287 173 298
pottedplant 0.0156 174 289 183 300
pottedplant 0.0068 190 295 202 308
pottedplant 0.0061 165 286 181 302
pottedplant 0.0060 178 289 189 301
pottedplant 0.0052 223 310 233 321
pottedplant 0.0051 109 262 126 279
pottedplant 0.0043 169 317 177 329
pottedplant 0.0035 126 272 141 287
pottedplant 0.0033 107 266 122 288
pottedplant 0.0016 185 284 221 328
pottedplant 0.0013 183 289 210 321
pottedplant 0.0013 104 268 112 276
pottedplant 0.0011 155 311 200 339
pottedplant 0.0010 170 316 185 334
