person 0.8493 203 177 252 237
person 0.8304 113 161 195 329
person 0.8129 457 212 499 295
person 0.7960 326 171 384 228
person 0.7670 438 172 500 243
person 0.7663 373 188 473 368
person 0.6150 286 188 332 232
person 0.5421 30 148 54 204
person 0.0923 51 177 81 210
person 0.0672 37 164 64 207
person 0.0667 305 190 332 226
person 0.0541 309 187 375 226
person 0.0498 50 175 67 207
person 0.0331 260 188 320 233
person 0.0227 310 187 338 212
person 0.0197 324 189 340 211
person 0.0163 287 179 386 235
person 0.0147 314 195 330 230
person 0.0138 156 192 405 279
person 0.0131 290 191 317 227
person 0.0120 299 189 322 215
person 0.0101 44 172 60 206
person 0.0094 221 209 238 233
person 0.0074 180 178 360 245
person 0.0065 288 206 318 234
person 0.0064 221 194 334 239
person 0.0052 329 196 340 223
person 0.0047 396 188 453 228
person 0.0039 432 187 494 273
person 0.0036 469 183 499 233
person 0.0035 146 189 198 254
person 0.0034 209 207 250 241
person 0.0030 186 175 288 258
person 0.0029 327 197 350 229
person 0.0029 480 173 500 219
person 0.0026 385 187 482 264
person 0.0026 164 195 193 237
person 0.0025 32 147 53 179
person 0.0025 467 211 500 256
person 0.0024 437 209 517 299
person 0.0020 278 204 303 227
person 0.0020 150 203 282 316
person 0.0019 481 203 499 213
person 0.0019 479 208 499 227
person 0.0016 224 205 394 329
person 0.0015 460 256 497 297
person 0.0015 218 175 237 187
person 0.0013 480 194 498 215
person 0.0013 35 171 55 200
person 0.0012 334 184 431 228
person 0.0012 258 173 406 253
person 0.0011 117 157 200 253
person 0.0011 290 184 331 212
person 0.0011 296 213 317 230
person 0.0010 136 185 214 323
bird 0.0035 314 31 320 39
dog 0.0647 51 179 80 210
dog 0.0013 49 177 62 208
chair 0.8596 273 250 352 364
chair 0.8433 188 260 285 372
chair 0.8220 351 267 465 372
chair 0.5316 109 227 160 326
chair 0.4359 350 270 385 373
chair 0.2544 107 226 126 306
chair 0.2527 114 264 142 326
chair 0.1376 119 264 163 328
chair 0.1309 323 188 339 207
chair 0.1240 108 230 136 324
chair 0.1164 107 226 121 275
chair 0.0786 263 215 293 232
chair 0.0718 191 231 203 244
chair 0.0689 192 221 206 241
chair 0.0474 111 193 189 327
chair 0.0381 111 257 134 313
chair 0.0216 157 226 300 360
chair 0.0193 156 283 186 323
chair 0.0172 110 262 123 303
chair 0.0148 360 270 382 341
chair 0.0139 320 186 343 213
chair 0.0130 258 224 282 243
chair 0.0129 449 298 497 376
chair 0.0125 124 283 144 325
chair 0.0116 369 202 384 225
chair 0.0111 289 217 298 233
chair 0.0109 115 259 166 300
chair 0.0098 195 215 210 236
chair 0.0067 382 221 399 234
chair 0.0066 285 214 297 231
chair 0.0065 151 246 185 322
chair 0.0061 251 224 266 236
chair 0.0059 243 219 252 233
chair 0.0057 260 205 306 232
chair 0.0054 393 191 407 225
chair 0.0050 244 213 314 246
chair 0.0050 318 189 331 206
chair 0.0050 349 318 391 373
chair 0.0050 434 212 454 232
chair 0.0049 204 207 219 236
chair 0.0049 187 208 205 238
chair 0.0045 255 215 375 347
chair 0.0042 253 219 281 232
chair 0.0039 231 214 252 234
chair 0.0038 373 346 455 370
chair 0.0038 202 216 241 242
chair 0.0035 251 230 264 241
chair 0.0034 491 346 500 374
chair 0.0034 335 170 390 227
chair 0.0034 203 233 215 242
chair 0.0033 117 267 137 303
chair 0.0031 266 210 299 227
chair 0.0030 185 281 220 361
chair 0.0030 350 313 442 373
chair 0.0030 236 218 283 234
chair 0.0029 155 266 221 326
chair 0.0029 367 219 385 229
chair 0.0028 393 189 419 225
chair 0.0028 174 233 187 239
chair 0.0027 437 226 457 239
chair 0.0026 274 213 293 224
chair 0.0026 231 221 254 240
chair 0.0025 164 266 252 363
chair 0.0025 264 231 289 241
chair 0.0024 115 278 135 311
chair 0.0024 369 227 506 377
chair 0.0023 453 333 500 373
chair 0.0023 240 226 253 238
chair 0.0023 116 199 127 225
chair 0.0023 245 219 267 234
chair 0.0022 114 210 123 224
chair 0.0022 108 242 120 271
chair 0.0022 289 288 350 360
chair 0.0020 179 205 194 237
chair 0.0019 163 221 263 275
chair 0.0019 435 195 469 235
chair 0.0018 292 214 315 231
chair 0.0018 360 333 470 376
chair 0.0018 434 199 487 268
chair 0.0017 203 231 357 361
chair 0.0017 110 216 122 261
chair 0.0017 236 268 327 365
chair 0.0017 286 213 294 222
chair 0.0016 274 228 296 243
chair 0.0016 433 202 457 238
chair 0.0016 433 183 489 235
chair 0.0016 206 311 286 368
chair 0.0015 276 248 346 311
chair 0.0015 103 225 153 281
chair 0.0015 108 248 120 306
chair 0.0014 444 231 461 254
chair 0.0014 456 258 467 296
chair 0.0014 144 214 192 322
chair 0.0014 295 265 438 376
chair 0.0013 153 286 174 320
chair 0.0012 212 201 264 238
chair 0.0011 234 223 249 235
chair 0.0011 250 221 270 231
chair 0.0010 193 182 227 236
chair 0.0010 379 221 388 228
chair 0.0010 304 189 324 199
chair 0.0010 429 193 454 229
pottedplant 0.0936 178 142 192 167
pottedplant 0.0232 176 123 194 168
pottedplant 0.0184 130 99 195 161
pottedplant 0.0151 165 100 198 168
pottedplant 0.0080 111 142 128 164
pottedplant 0.0063 174 104 189 163
pottedplant 0.0052 117 102 175 180
pottedplant 0.0049 130 101 187 128
pottedplant 0.0049 122 103 147 160
pottedplant 0.0037 177 129 189 156
pottedplant 0.0036 108 138 134 221
pottedplant 0.0024 180 150 191 172
pottedplant 0.0023 126 90 210 212
pottedplant 0.0023 130 102 157 139
pottedplant 0.0018 109 125 140 183
pottedplant 0.0016 127 106 139 161
pottedplant 0.0013 0 106 3 117
pottedplant 0.0013 151 100 192 146
pottedplant 0.0012 130 102 150 128
pottedplant 0.0011 118 109 139 167
pottedplant 0.0011 155 101 192 205
pottedplant 0.0010 177 158 189 191
pottedplant 0.0010 107 109 148 203
pottedplant 0.0010 178 117 187 137
diningtable 0.5748 149 220 393 329
diningtable 0.4871 446 288 499 371
diningtable 0.1569 269 249 352 365
diningtable 0.0700 175 220 411 267
diningtable 0.0569 448 212 498 300
diningtable 0.0479 448 290 499 332
diningtable 0.0332 451 236 471 268
diningtable 0.0289 450 240 477 255
diningtable 0.0275 149 227 293 357
diningtable 0.0181 450 229 500 357
diningtable 0.0135 452 224 492 270
diningtable 0.0128 398 204 490 312
diningtable 0.0122 154 191 390 284
diningtable 0.0105 443 227 482 257
diningtable 0.0100 454 246 469 277
diningtable 0.0083 451 238 466 247
diningtable 0.0081 325 223 393 246
diningtable 0.0059 382 223 399 236
diningtable 0.0056 340 216 400 243
diningtable 0.0055 153 233 236 323
diningtable 0.0045 373 189 462 238
diningtable 0.0041 449 233 476 251
diningtable 0.0036 222 210 424 301
diningtable 0.0033 411 193 475 251
diningtable 0.0033 472 291 499 314
diningtable 0.0030 149 214 317 300
diningtable 0.0026 206 240 224 255
diningtable 0.0024 456 259 467 296
diningtable 0.0023 249 203 458 353
diningtable 0.0019 463 294 498 322
diningtable 0.0019 164 230 300 262
diningtable 0.0018 452 247 462 268
diningtable 0.0016 433 194 489 270
diningtable 0.0015 203 234 358 361
diningtable 0.0014 406 226 498 381
diningtable 0.0012 170 224 221 279
diningtable 0.0012 183 236 226 265
diningtable 0.0012 434 209 457 242
diningtable 0.0012 354 191 481 276
diningtable 0.0012 307 192 449 247
diningtable 0.0011 439 228 465 257
diningtable 0.0010 476 295 500 338
