person 0.8301 309 145 332 208
person 0.8176 382 164 412 232
person 0.6785 312 89 333 106
person 0.5887 284 97 303 148
person 0.1189 348 85 360 104
person 0.0974 351 86 365 104
person 0.0741 388 115 422 170
person 0.0609 357 86 368 103
person 0.0376 384 166 399 219
person 0.0338 382 123 411 166
person 0.0328 382 133 402 164
person 0.0317 279 98 295 144
person 0.0215 319 119 344 146
person 0.0171 401 121 430 172
person 0.0128 110 239 130 277
person 0.0120 344 109 447 167
person 0.0119 413 114 439 169
person 0.0105 400 131 416 169
person 0.0102 419 114 440 148
person 0.0086 230 168 241 179
person 0.0070 383 78 479 185
person 0.0064 384 164 404 201
person 0.0064 405 93 456 168
person 0.0064 398 117 418 153
person 0.0062 227 149 237 158
person 0.0059 395 161 412 185
person 0.0058 426 110 439 123
person 0.0057 306 97 320 111
person 0.0054 466 134 477 148
person 0.0053 418 117 432 153
person 0.0052 422 110 435 132
person 0.0050 216 169 225 180
person 0.0049 208 169 225 181
person 0.0046 343 79 362 104
person 0.0045 259 94 338 152
person 0.0041 397 114 415 139
person 0.0040 306 90 325 108
person 0.0039 493 129 499 143
person 0.0038 487 178 499 202
person 0.0038 399 139 412 166
person 0.0037 482 110 498 129
person 0.0037 319 144 329 152
person 0.0036 432 110 441 122
person 0.0033 405 135 423 168
person 0.0031 419 119 431 138
person 0.0030 396 110 408 132
person 0.0029 491 111 499 129
person 0.0028 392 149 413 189
person 0.0027 459 133 475 148
person 0.0026 397 110 405 125
person 0.0025 329 124 346 135
person 0.0024 425 108 433 119
person 0.0024 408 108 436 136
person 0.0024 479 113 492 129
person 0.0023 313 117 363 140
person 0.0023 406 165 413 179
person 0.0023 492 113 499 140
person 0.0023 297 95 313 110
person 0.0022 468 132 485 147
person 0.0022 390 161 411 201
person 0.0022 483 114 498 139
person 0.0021 120 240 138 265
person 0.0021 343 81 371 112
person 0.0020 405 114 420 140
person 0.0019 320 133 335 157
person 0.0019 429 126 440 148
person 0.0018 226 151 234 157
person 0.0018 384 174 394 208
person 0.0018 307 84 340 118
person 0.0018 230 161 244 179
person 0.0017 414 108 429 134
person 0.0017 484 127 498 143
person 0.0017 267 107 378 198
person 0.0017 407 111 419 133
person 0.0016 420 126 435 149
person 0.0016 290 70 394 151
person 0.0016 433 114 442 130
person 0.0016 319 115 338 136
person 0.0016 122 240 137 254
person 0.0014 112 238 125 254
person 0.0014 418 134 439 170
person 0.0014 429 107 438 119
person 0.0013 318 82 348 94
person 0.0013 360 91 369 104
person 0.0013 289 97 300 112
person 0.0012 418 107 431 125
person 0.0012 432 119 443 148
person 0.0012 227 149 247 160
person 0.0012 325 88 471 161
person 0.0012 403 98 440 148
person 0.0011 327 83 342 93
person 0.0011 100 235 139 272
person 0.0011 337 157 436 238
person 0.0011 382 111 412 147
person 0.0010 413 136 431 169
person 0.0010 417 104 441 123
person 0.0010 313 124 342 159
bicycle 0.0513 348 85 366 104
bicycle 0.0268 352 85 376 103
bicycle 0.0136 365 85 376 102
bicycle 0.0066 346 71 362 103
bicycle 0.0061 260 52 287 83
bicycle 0.0050 354 90 364 104
bicycle 0.0038 348 90 358 104
bicycle 0.0038 467 132 486 147
bicycle 0.0032 475 131 492 146
bicycle 0.0022 351 76 363 100
bicycle 0.0015 341 66 361 94
bicycle 0.0012 484 129 497 144
car 0.6642 150 157 298 216
car 0.4151 470 176 499 214
car 0.1646 295 104 413 162
car 0.0703 254 172 300 201
car 0.0530 296 59 363 94
car 0.0350 282 106 387 142
car 0.0347 181 194 245 252
car 0.0297 305 82 346 107
car 0.0261 319 116 391 162
car 0.0225 312 116 354 148
car 0.0208 305 95 479 168
car 0.0200 353 123 424 164
car 0.0193 298 112 369 154
car 0.0091 380 134 399 161
car 0.0086 294 107 347 140
car 0.0058 291 70 389 153
car 0.0057 484 177 499 216
car 0.0051 467 181 487 208
car 0.0049 210 170 302 208
car 0.0044 147 190 326 265
car 0.0044 490 179 500 191
car 0.0043 311 82 402 131
car 0.0041 479 176 500 201
car 0.0034 309 80 356 95
car 0.0031 347 82 418 113
car 0.0031 180 160 253 214
car 0.0030 308 71 348 94
car 0.0028 458 146 500 216
car 0.0027 306 114 341 140
car 0.0027 254 176 305 227
car 0.0016 305 62 317 73
car 0.0016 288 104 307 148
car 0.0014 301 62 318 84
car 0.0013 58 126 225 193
car 0.0013 206 86 452 171
car 0.0013 315 119 337 146
car 0.0012 240 158 323 208
car 0.0011 287 32 373 119
car 0.0011 358 109 405 161
car 0.0011 325 80 343 91
car 0.0010 470 173 492 201
car 0.0010 93 129 415 229
car 0.0010 151 159 350 249
motorbike 0.1133 474 176 499 216
motorbike 0.0217 364 111 446 169
motorbike 0.0018 291 62 493 168
boat 0.0103 185 194 244 254
boat 0.0016 1 274 109 322
bottle 0.0145 250 223 258 238
bottle 0.0050 25 243 51 281
bottle 0.0029 47 254 56 281
bottle 0.0019 26 261 49 281
bottle 0.0016 40 249 57 281
chair 0.0010 0 243 24 287
pottedplant 0.0543 369 84 390 102
pottedplant 0.0468 386 65 503 189
pottedplant 0.0172 439 114 474 152
pottedplant 0.0160 443 131 466 147
pottedplant 0.0125 442 110 492 147
pottedplant 0.0120 438 94 495 163
pottedplant 0.0081 463 116 498 146
pottedplant 0.0073 447 129 488 147
pottedplant 0.0067 474 104 499 134
pottedplant 0.0056 432 129 469 151
pottedplant 0.0050 467 129 493 147
pottedplant 0.0043 483 111 499 143
pottedplant 0.0039 456 117 487 139
pottedplant 0.0035 445 117 460 137
pottedplant 0.0030 445 115 470 140
pottedplant 0.0026 122 241 147 264
pottedplant 0.0025 484 127 499 144
pottedplant 0.0025 459 122 485 146
pottedplant 0.0024 456 111 476 133
pottedplant 0.0021 286 63 495 165
pottedplant 0.0021 462 122 479 132
pottedplant 0.0020 458 119 474 135
pottedplant 0.0020 476 116 494 137
pottedplant 0.0019 413 80 476 163
pottedplant 0.0018 455 121 476 145
pottedplant 0.0014 460 121 471 133
pottedplant 0.0013 447 135 468 149
pottedplant 0.0012 418 91 497 211
pottedplant 0.0011 441 120 460 148
pottedplant 0.0010 468 121 485 133
pottedplant 0.0010 262 224 339 281
diningtable 0.0012 1 278 111 315
