person 0.7611 405 155 499 327
person 0.7392 116 77 362 325
person 0.0219 452 153 500 300
person 0.0216 119 98 273 286
person 0.0040 406 245 499 328
person 0.0035 259 149 366 227
person 0.0034 151 136 289 228
person 0.0032 201 132 353 312
person 0.0032 439 98 498 282
person 0.0019 0 301 22 329
person 0.0018 444 150 497 217
person 0.0018 0 257 17 329
person 0.0014 369 172 474 322
bird 0.0015 459 92 479 123
bird 0.0011 82 76 89 85
bottle 0.0877 260 150 364 205
bottle 0.0235 257 151 324 196
bottle 0.0044 190 182 257 256
bottle 0.0043 298 151 333 199
bottle 0.0022 222 145 367 241
chair 0.0087 421 163 481 290
chair 0.0048 118 160 359 329
chair 0.0023 455 161 473 171
chair 0.0019 92 207 145 262
chair 0.0018 444 148 485 222
chair 0.0018 0 301 23 329
chair 0.0017 468 272 499 328
chair 0.0017 100 256 417 329
chair 0.0016 443 99 495 256
chair 0.0010 470 151 499 168
chair 0.0010 445 159 487 191
sofa 0.0368 425 159 490 298
sofa 0.0066 410 238 499 327
sofa 0.0050 442 144 494 256
sofa 0.0023 443 161 484 209
sofa 0.0022 16 177 364 325
sofa 0.0013 175 162 372 328
sofa 0.0010 462 245 499 326
