person 0.4744 9 27 374 499
person 0.0805 187 175 375 500
person 0.0288 2 128 219 495
person 0.0278 2 16 152 149
person 0.0186 147 85 357 410
person 0.0074 192 172 323 317
person 0.0043 257 16 375 502
person 0.0037 31 134 360 346
person 0.0035 0 0 61 147
person 0.0028 173 209 291 325
person 0.0024 71 51 110 103
person 0.0019 158 190 341 375
person 0.0018 48 46 135 150
person 0.0018 223 123 375 319
person 0.0017 -1 0 163 86
person 0.0013 5 0 281 142
bottle 0.2102 91 43 137 153
bottle 0.0304 107 46 135 114
bottle 0.0164 217 0 248 42
bottle 0.0163 30 1 219 145
bottle 0.0160 177 0 217 33
bottle 0.0079 0 457 33 499
bottle 0.0048 111 45 135 84
bottle 0.0039 33 46 151 154
bottle 0.0023 6 0 348 168
bottle 0.0018 106 42 123 88
bottle 0.0015 148 0 185 35
bottle 0.0011 143 0 215 40
chair 0.0141 0 57 76 149
chair 0.0138 25 50 119 151
chair 0.0049 0 155 105 272
chair 0.0041 161 208 362 501
chair 0.0027 1 145 71 211
chair 0.0022 41 58 79 149
chair 0.0015 198 271 322 499
chair 0.0010 56 64 99 151
sofa 0.0265 4 229 372 500
sofa 0.0194 0 146 122 272
sofa 0.0117 1 266 217 499
sofa 0.0088 1 55 115 149
sofa 0.0049 0 18 368 319
sofa 0.0038 0 143 96 209
sofa 0.0038 -1 62 202 467
sofa 0.0016 0 50 134 227
