person 0.6987 0 41 324 369
person 0.6599 242 47 500 366
person 0.0327 124 36 245 120
person 0.0239 146 35 202 63
person 0.0093 47 29 265 172
person 0.0085 0 140 135 344
person 0.0051 -25 -19 506 317
person 0.0040 219 38 376 375
person 0.0030 143 38 201 84
person 0.0030 411 110 499 364
person 0.0029 91 40 283 263
person 0.0017 6 291 299 371
person 0.0017 164 40 323 375
person 0.0015 233 102 426 295
person 0.0013 230 69 305 316
person 0.0011 74 94 334 308
person 0.0010 18 22 408 244
chair 0.1713 0 135 118 238
chair 0.0107 407 143 499 369
chair 0.0098 0 141 126 320
chair 0.0036 411 143 500 199
chair 0.0033 0 198 62 284
chair 0.0032 1 21 261 223
chair 0.0030 0 215 38 269
chair 0.0029 0 204 55 252
chair 0.0016 0 223 27 259
chair 0.0013 0 206 46 231
sofa 0.0048 -15 184 436 369
tvmonitor 0.0012 0 25 230 145
