person 0.9055 287 30 324 107
person 0.8570 237 167 393 371
person 0.8144 22 63 230 370
person 0.6685 253 60 482 370
person 0.5555 0 57 23 92
person 0.0190 0 20 23 93
person 0.0179 108 66 228 296
person 0.0134 128 56 164 75
person 0.0046 0 73 7 92
person 0.0043 0 58 10 76
person 0.0035 125 55 214 218
person 0.0029 101 54 283 365
person 0.0028 326 91 433 364
person 0.0020 297 63 480 241
person 0.0020 268 30 360 111
person 0.0019 0 40 10 82
person 0.0017 287 44 304 73
person 0.0017 8 64 27 92
person 0.0015 -1 55 46 92
person 0.0015 139 186 237 368
person 0.0013 244 220 390 316
person 0.0011 55 36 475 371
bird 0.0113 128 57 162 75
bird 0.0039 134 54 168 70
bird 0.0024 153 54 166 67
bird 0.0014 128 56 187 79
bird 0.0012 0 219 7 232
