person 0.0010 208 149 215 162
chair 0.4072 184 163 245 196
chair 0.3071 84 149 302 264
chair 0.1419 0 187 308 330
chair 0.0673 59 150 121 214
chair 0.0402 0 109 66 187
chair 0.0388 0 208 30 332
chair 0.0310 0 181 53 221
chair 0.0240 0 183 86 331
chair 0.0212 0 142 59 215
chair 0.0145 59 151 95 199
chair 0.0129 72 149 122 190
chair 0.0111 14 140 65 175
chair 0.0105 155 168 188 195
chair 0.0069 0 181 63 278
chair 0.0060 69 150 159 229
chair 0.0057 10 123 46 179
chair 0.0052 83 157 259 218
chair 0.0047 60 252 305 331
chair 0.0046 30 150 63 172
chair 0.0040 7 168 111 224
chair 0.0035 11 152 66 188
chair 0.0031 27 124 74 176
chair 0.0030 151 130 187 197
chair 0.0025 60 156 85 191
chair 0.0024 191 162 245 181
chair 0.0018 175 152 252 232
chair 0.0017 0 265 24 332
chair 0.0015 17 143 41 160
chair 0.0015 64 176 121 235
chair 0.0014 58 161 86 216
chair 0.0013 0 182 46 198
chair 0.0011 145 123 224 198
chair 0.0011 7 146 97 199
chair 0.0011 0 170 56 197
chair 0.0011 181 124 245 196
sofa 0.5216 77 151 305 263
sofa 0.4164 0 180 304 331
pottedplant 0.5927 404 154 463 221
pottedplant 0.3744 403 90 470 221
pottedplant 0.2623 9 46 155 161
pottedplant 0.1079 378 77 439 177
pottedplant 0.0998 0 83 70 187
pottedplant 0.0486 394 56 498 227
pottedplant 0.0446 64 66 152 157
pottedplant 0.0349 0 102 38 190
pottedplant 0.0324 7 -2 275 172
pottedplant 0.0209 0 69 43 149
pottedplant 0.0181 0 128 21 191
pottedplant 0.0180 462 77 500 163
pottedplant 0.0148 94 125 120 152
pottedplant 0.0142 433 55 499 166
pottedplant 0.0124 15 115 81 175
pottedplant 0.0117 429 108 498 183
pottedplant 0.0104 68 86 125 156
pottedplant 0.0103 0 15 74 152
pottedplant 0.0089 0 139 44 200
pottedplant 0.0087 82 50 155 125
pottedplant 0.0074 74 125 101 154
pottedplant 0.0068 130 102 150 115
pottedplant 0.0065 462 121 499 162
pottedplant 0.0057 128 88 154 117
pottedplant 0.0055 0 71 17 120
pottedplant 0.0046 84 119 108 152
pottedplant 0.0041 0 3 157 127
pottedplant 0.0039 480 54 499 148
pottedplant 0.0039 379 73 440 129
pottedplant 0.0035 26 102 109 172
pottedplant 0.0034 54 53 109 157
pottedplant 0.0033 0 60 33 124
pottedplant 0.0033 0 7 47 114
pottedplant 0.0025 0 175 56 213
pottedplant 0.0025 0 82 9 119
pottedplant 0.0024 102 77 154 139
pottedplant 0.0024 55 121 85 162
pottedplant 0.0023 2 153 63 195
pottedplant 0.0023 -27 11 495 207
pottedplant 0.0023 481 56 500 106
pottedplant 0.0022 404 188 460 221
pottedplant 0.0021 365 46 499 153
pottedplant 0.0021 0 86 18 160
pottedplant 0.0021 363 44 442 121
pottedplant 0.0020 436 126 494 164
pottedplant 0.0020 133 81 188 195
pottedplant 0.0020 0 152 85 215
pottedplant 0.0018 123 68 158 115
pottedplant 0.0016 0 0 37 28
pottedplant 0.0016 147 124 189 195
pottedplant 0.0014 0 100 9 117
pottedplant 0.0014 493 84 499 106
pottedplant 0.0014 406 134 495 235
pottedplant 0.0014 84 75 144 116
pottedplant 0.0013 0 152 18 187
pottedplant 0.0013 0 107 13 181
pottedplant 0.0013 0 142 19 173
pottedplant 0.0012 0 155 32 193
pottedplant 0.0012 0 94 34 144
pottedplant 0.0012 0 98 15 127
pottedplant 0.0011 103 122 187 191
pottedplant 0.0011 475 108 499 158
pottedplant 0.0011 120 8 297 193
pottedplant 0.0010 86 122 105 137
diningtable 0.0040 123 188 305 263
