person 0.5702 2 -2 294 500
person 0.2517 154 266 409 501
person 0.0461 3 296 343 499
person 0.0093 153 307 297 484
person 0.0074 71 124 411 502
person 0.0067 300 273 411 501
person 0.0050 5 9 139 495
person 0.0050 155 354 266 462
person 0.0042 165 313 287 391
person 0.0036 2 284 162 498
person 0.0025 7 159 286 360
person 0.0022 3 3 306 234
person 0.0016 135 286 296 408
person 0.0015 79 275 357 421
person 0.0015 33 347 202 498
bottle 0.3108 5 295 77 400
bottle 0.0442 2 293 84 485
bottle 0.0217 0 295 20 391
bottle 0.0214 6 330 61 403
bottle 0.0190 4 291 123 420
bottle 0.0167 291 121 310 160
bottle 0.0094 42 289 113 398
bottle 0.0079 271 0 307 60
bottle 0.0071 250 0 272 27
bottle 0.0035 1 357 65 481
bottle 0.0028 243 0 285 42
bottle 0.0024 0 330 17 410
bottle 0.0023 271 0 296 35
bottle 0.0022 287 166 303 191
bottle 0.0018 246 0 302 59
bottle 0.0014 15 296 79 358
bottle 0.0011 57 292 102 378
chair 0.0108 50 0 95 12
chair 0.0105 1 0 54 41
chair 0.0035 260 175 317 350
chair 0.0032 0 0 97 46
chair 0.0024 245 106 335 446
chair 0.0014 282 298 314 342
chair 0.0014 18 0 108 25
sofa 0.0034 -5 130 395 498
diningtable 0.0092 2 283 117 502
diningtable 0.0034 171 437 353 497
tvmonitor 0.0086 92 0 304 43
tvmonitor 0.0058 389 0 412 77
