person 0.6600 -2 0 372 496
person 0.1449 314 17 373 157
person 0.0231 225 2 373 493
person 0.0117 1 1 67 191
person 0.0097 2 18 141 487
person 0.0044 307 0 372 29
person 0.0029 277 364 375 501
person 0.0021 0 270 367 499
person 0.0015 0 160 110 369
person 0.0014 310 3 372 83
person 0.0010 310 -1 375 256
bottle 0.0181 35 440 157 499
bottle 0.0017 92 440 141 488
chair 0.0202 290 382 374 499
chair 0.0042 349 98 374 169
chair 0.0035 344 59 373 212
chair 0.0016 339 379 374 500
chair 0.0016 34 281 161 499
chair 0.0012 24 436 161 497
chair 0.0011 182 384 371 499
chair 0.0010 261 427 356 498
