person 0.2064 290 132 352 177
person 0.1134 333 145 363 174
person 0.0955 288 141 331 179
person 0.0949 316 130 362 175
person 0.0677 258 140 327 180
person 0.0590 209 142 267 187
person 0.0515 225 139 295 184
person 0.0369 115 89 499 298
person 0.0135 252 142 291 182
person 0.0133 291 145 318 173
person 0.0122 328 127 357 163
person 0.0074 338 130 372 172
person 0.0071 200 145 245 189
person 0.0050 296 129 342 164
person 0.0044 348 131 395 171
person 0.0042 -20 -1 499 317
person 0.0038 117 108 336 218
person 0.0035 427 124 438 141
person 0.0035 238 147 277 187
person 0.0026 197 143 223 187
person 0.0025 285 145 309 180
person 0.0024 233 109 352 168
person 0.0019 258 131 296 176
person 0.0014 415 99 494 172
person 0.0013 309 136 334 166
person 0.0013 226 116 309 176
person 0.0011 366 124 403 170
person 0.0011 311 137 404 199
person 0.0011 324 139 348 174
person 0.0011 279 143 302 174
person 0.0011 276 133 317 175
person 0.0011 434 351 472 420
person 0.0010 1 119 26 143
person 0.0010 253 108 399 199
bicycle 0.0026 0 119 27 147
car 0.3690 108 97 496 310
car 0.1670 468 112 499 186
car 0.1350 415 101 499 248
car 0.0439 1 319 72 332
car 0.0158 480 138 499 229
car 0.0133 437 107 499 180
car 0.0115 470 111 500 276
car 0.0082 481 156 500 197
car 0.0067 481 138 500 186
car 0.0066 468 117 499 153
car 0.0052 488 159 499 181
car 0.0044 486 167 499 220
car 0.0032 118 184 165 207
car 0.0031 490 184 499 217
car 0.0027 415 5 499 178
car 0.0021 21 218 506 328
car 0.0018 491 176 500 200
car 0.0015 475 163 499 215
bus 0.0424 29 67 491 319
train 0.0020 -2 -8 477 288
bird 0.0018 3 119 26 140
chair 0.0021 416 2 499 112
