person 0.0225 487 7 499 69
person 0.0068 166 0 212 27
person 0.0064 224 0 281 33
person 0.0059 284 0 334 28
person 0.0031 0 221 19 310
person 0.0028 491 23 499 53
person 0.0027 136 0 173 17
person 0.0021 138 0 205 22
person 0.0020 475 2 498 74
person 0.0018 491 -1 499 58
person 0.0018 490 35 499 67
person 0.0015 208 0 260 32
person 0.0014 159 0 184 17
person 0.0014 230 0 333 29
person 0.0013 164 0 271 32
person 0.0011 132 0 180 31
person 0.0011 139 0 166 10
person 0.0010 285 0 320 19
bicycle 0.4228 367 0 498 89
bicycle 0.0535 0 229 54 430
bicycle 0.0125 21 62 487 434
bicycle 0.0112 483 10 499 72
bicycle 0.0034 -1 44 132 424
bicycle 0.0027 483 43 500 71
bicycle 0.0022 464 0 499 74
bicycle 0.0019 299 0 356 34
bicycle 0.0016 230 -1 296 31
bicycle 0.0011 286 59 494 431
bicycle 0.0010 490 0 499 58
motorbike 0.5430 4 -4 488 423
motorbike 0.1931 0 221 51 427
motorbike 0.0333 116 0 215 82
motorbike 0.0300 286 0 497 88
motorbike 0.0283 361 66 499 304
motorbike 0.0149 272 -2 502 432
motorbike 0.0145 5 18 203 347
motorbike 0.0116 58 0 371 84
motorbike 0.0073 195 0 288 32
motorbike 0.0071 226 0 344 31
motorbike 0.0066 -9 -3 487 148
motorbike 0.0063 63 2 173 85
motorbike 0.0062 0 159 79 431
motorbike 0.0062 483 26 499 70
motorbike 0.0053 149 0 317 45
motorbike 0.0050 161 0 252 30
motorbike 0.0046 0 187 22 402
motorbike 0.0034 416 73 498 233
motorbike 0.0026 0 283 45 396
motorbike 0.0024 283 0 345 33
motorbike 0.0022 0 227 18 328
motorbike 0.0018 145 1 236 63
motorbike 0.0014 347 43 500 186
motorbike 0.0013 199 0 427 72
motorbike 0.0012 5 -5 315 246
motorbike 0.0011 133 18 186 77
motorbike 0.0010 418 73 500 156
bird 0.0010 483 49 499 70
