person 0.4745 83 107 110 131
person 0.1650 130 104 159 126
person 0.0848 264 105 270 115
person 0.0509 80 108 98 131
person 0.0276 92 110 123 128
person 0.0201 57 86 63 96
person 0.0111 105 106 129 127
person 0.0093 146 103 165 124
person 0.0089 209 107 214 119
person 0.0069 118 104 142 127
person 0.0042 128 111 154 128
person 0.0033 244 134 254 145
person 0.0028 68 98 122 139
person 0.0025 54 85 65 98
person 0.0025 83 115 121 137
person 0.0025 327 81 334 99
person 0.0019 138 102 157 121
person 0.0017 151 103 164 117
person 0.0017 131 103 148 121
person 0.0013 61 104 99 134
person 0.0012 53 94 162 149
person 0.0012 150 106 173 126
person 0.0012 33 83 230 161
car 0.8978 14 91 231 206
car 0.3097 16 66 41 76
car 0.0303 44 66 56 73
car 0.0189 0 67 12 77
car 0.0088 15 67 23 75
car 0.0042 317 70 333 79
car 0.0021 21 66 53 75
car 0.0017 21 65 42 72
bird 0.0035 244 134 254 145
bird 0.0017 185 116 199 127
