person 0.7407 173 76 236 254
person 0.0978 172 75 228 160
person 0.0287 130 81 268 255
person 0.0113 493 60 499 79
person 0.0113 196 220 219 250
person 0.0020 63 124 80 147
person 0.0015 139 83 389 273
person 0.0013 306 109 317 144
person 0.0013 191 171 218 253
person 0.0012 175 95 210 143
person 0.0012 492 60 499 92
person 0.0012 187 134 237 251
person 0.0010 190 70 285 253
car 0.0025 235 127 246 132
aeroplane 0.0044 1 79 116 186
dog 0.9115 314 167 406 249
dog 0.0045 346 135 373 145
bottle 0.0081 277 191 283 208
