person 0.0288 484 51 499 63
person 0.0281 491 50 500 62
person 0.0216 294 63 312 89
person 0.0084 473 49 499 77
person 0.0060 423 58 430 65
person 0.0059 493 53 500 65
person 0.0058 0 0 12 15
person 0.0039 32 59 38 69
person 0.0026 454 63 460 77
person 0.0015 417 56 427 64
person 0.0010 32 59 39 75
bicycle 0.0024 185 19 204 36
car 0.6366 461 47 499 93
car 0.2411 385 53 407 64
car 0.0599 275 49 305 67
car 0.0445 354 52 381 88
car 0.0215 294 62 311 89
car 0.0208 277 47 325 66
car 0.0201 466 69 498 97
car 0.0122 280 45 336 78
car 0.0079 281 49 317 88
car 0.0079 283 40 371 75
car 0.0078 472 48 499 77
car 0.0064 4 10 489 146
car 0.0060 280 47 310 62
car 0.0052 492 69 499 93
car 0.0051 476 51 497 62
car 0.0051 290 45 383 90
car 0.0049 289 51 314 75
car 0.0040 460 63 485 98
car 0.0040 460 65 474 84
car 0.0038 461 66 482 86
car 0.0036 456 59 475 79
car 0.0036 350 52 477 112
car 0.0032 462 63 499 124
car 0.0032 356 51 403 80
car 0.0030 374 51 400 64
car 0.0028 0 50 24 99
car 0.0027 453 62 463 78
car 0.0026 332 49 400 95
car 0.0023 462 58 487 80
car 0.0022 259 47 302 63
car 0.0022 280 37 342 65
car 0.0021 400 53 414 63
car 0.0021 395 54 421 64
car 0.0020 199 47 381 112
car 0.0019 390 55 434 67
car 0.0018 267 48 304 84
car 0.0018 290 48 309 58
car 0.0016 422 57 431 65
car 0.0015 418 39 505 115
car 0.0014 365 52 439 74
car 0.0014 376 48 412 77
car 0.0014 380 54 392 64
car 0.0014 477 90 500 123
car 0.0013 31 59 39 69
car 0.0012 286 50 498 136
car 0.0011 457 68 473 92
motorbike 0.5329 3 21 501 325
motorbike 0.0036 -1 9 298 284
motorbike 0.0030 466 65 500 120
motorbike 0.0026 3 -16 135 270
motorbike 0.0018 280 47 501 273
motorbike 0.0010 5 191 501 309
motorbike 0.0010 473 87 499 132
chair 0.0023 0 50 21 97
pottedplant 0.0011 1 77 22 100
