person 0.0238 480 127 499 278
person 0.0067 451 147 499 356
person 0.0031 377 130 501 371
bottle 0.2853 312 33 332 105
bottle 0.0011 287 22 363 119
chair 0.0875 385 142 441 170
chair 0.0296 480 123 499 258
chair 0.0288 485 126 499 181
chair 0.0226 451 126 499 378
chair 0.0138 469 125 500 291
chair 0.0129 458 236 500 371
chair 0.0123 108 309 282 373
chair 0.0055 384 216 500 372
chair 0.0041 310 325 458 372
chair 0.0034 461 299 500 373
chair 0.0030 387 321 454 367
chair 0.0026 386 311 485 373
chair 0.0021 481 273 500 305
chair 0.0021 481 182 499 245
chair 0.0021 391 325 435 342
chair 0.0020 460 191 500 296
chair 0.0018 474 269 499 369
chair 0.0017 422 261 500 375
chair 0.0017 57 314 159 373
chair 0.0016 482 179 500 300
chair 0.0015 449 218 495 307
chair 0.0015 486 146 499 174
chair 0.0014 107 310 161 373
chair 0.0014 326 284 498 373
chair 0.0013 486 142 499 199
chair 0.0013 476 121 500 196
chair 0.0013 487 125 499 157
chair 0.0010 480 243 499 321
diningtable 0.0018 266 175 490 367
diningtable 0.0011 13 178 361 293
tvmonitor 0.8713 134 85 278 191
tvmonitor 0.0295 0 105 55 223
tvmonitor 0.0167 49 79 94 185
tvmonitor 0.0155 226 87 278 188
tvmonitor 0.0102 0 108 46 151
tvmonitor 0.0074 349 142 447 192
tvmonitor 0.0065 311 144 446 245
tvmonitor 0.0044 16 62 45 93
tvmonitor 0.0021 71 139 108 201
tvmonitor 0.0013 135 85 215 179
tvmonitor 0.0010 172 95 238 178
