person 0.0025 281 17 425 323
person 0.0011 178 26 335 339
bird 0.0017 315 26 426 131
cat 0.0035 30 175 396 327
dog 0.1389 1 36 225 330
dog 0.0153 11 50 418 327
dog 0.0033 196 160 294 313
dog 0.0020 280 25 429 249
dog 0.0012 55 100 122 165
dog 0.0012 153 0 317 297
dog 0.0010 192 147 374 325
horse 0.0037 0 48 175 344
horse 0.0011 4 112 319 331
horse 0.0010 1 129 107 245
sheep 0.0150 261 17 427 323
sheep 0.0019 314 25 428 131
sheep 0.0015 0 141 109 227
cow 0.1708 7 18 364 328
cow 0.0055 160 5 326 312
cow 0.0022 269 16 405 330
cow 0.0020 315 25 426 130
