person 0.6276 0 20 117 274
person 0.5699 142 59 233 171
person 0.2830 206 5 502 283
person 0.1851 15 47 257 275
person 0.1355 0 24 99 170
person 0.1152 132 61 244 270
person 0.0904 0 91 40 167
person 0.0757 1 70 63 186
person 0.0748 118 135 148 182
person 0.0611 149 11 381 268
person 0.0364 215 10 317 256
person 0.0321 184 75 243 219
person 0.0288 0 68 73 274
person 0.0201 27 136 212 277
person 0.0188 57 55 238 199
person 0.0170 7 68 473 282
person 0.0130 83 124 116 165
person 0.0100 189 44 276 260
person 0.0086 102 71 217 181
person 0.0082 128 67 191 173
person 0.0082 0 175 60 277
person 0.0080 0 145 64 216
person 0.0072 56 77 133 228
person 0.0049 199 73 243 173
person 0.0046 128 65 163 157
person 0.0037 0 114 43 237
person 0.0026 132 65 160 116
person 0.0025 340 210 497 277
person 0.0020 1 157 102 277
person 0.0019 2 86 112 180
person 0.0019 11 13 161 176
person 0.0019 89 122 133 166
person 0.0016 136 62 171 136
person 0.0016 0 157 47 203
person 0.0016 19 126 115 214
person 0.0015 231 0 496 133
person 0.0014 178 78 336 272
person 0.0013 0 26 47 170
person 0.0012 75 119 130 187
person 0.0011 0 244 12 278
person 0.0010 209 74 241 125
person 0.0010 2 119 90 198
bottle 0.0020 44 246 75 280
chair 0.0122 343 215 497 277
chair 0.0017 0 245 7 279
