person 0.8988 201 213 296 376
person 0.5355 172 236 206 312
person 0.5120 177 235 204 281
person 0.0181 491 232 498 239
person 0.0024 143 233 226 326
person 0.0019 181 249 216 339
bicycle 0.0030 198 343 282 373
horse 0.8349 164 272 212 362
horse 0.0309 160 244 210 331
horse 0.0143 197 346 284 374
horse 0.0089 199 253 296 372
horse 0.0078 149 268 257 368
horse 0.0074 160 262 196 318
horse 0.0057 198 311 300 375
horse 0.0048 190 274 215 344
horse 0.0026 159 284 187 322
horse 0.0023 214 215 290 286
cow 0.0122 492 232 498 238
cow 0.0032 488 232 497 239
cow 0.0015 346 254 350 263
cow 0.0011 459 234 471 239
cow 0.0010 448 235 457 240
