person 0.0177 24 20 29 27
person 0.0021 23 22 27 27
person 0.0017 207 34 215 39
car 0.0123 248 38 257 45
car 0.0113 240 37 254 44
car 0.0108 232 36 247 43
car 0.0102 243 38 252 44
car 0.0070 231 36 241 42
car 0.0034 251 37 262 45
car 0.0028 209 35 218 40
car 0.0026 178 26 190 32
car 0.0024 255 39 263 46
car 0.0024 217 34 223 39
car 0.0019 236 38 245 43
car 0.0015 174 25 183 31
car 0.0011 222 34 233 40
car 0.0010 172 29 180 39
car 0.0010 167 31 178 43
dog 0.8669 205 153 260 242
dog 0.0053 235 180 260 209
dog 0.0034 231 188 258 223
dog 0.0010 243 189 256 215
sheep 0.0554 0 71 8 81
sheep 0.0053 42 62 54 74
sheep 0.0015 4 14 14 21
sheep 0.0010 65 75 77 83
sheep 0.0010 23 20 30 27
