person 0.4292 34 31 41 49
person 0.3636 21 30 30 50
person 0.3092 0 28 9 50
person 0.2591 10 26 21 50
person 0.1961 20 30 40 50
person 0.1748 13 28 30 50
person 0.1431 6 26 18 45
person 0.1255 84 39 99 53
person 0.0731 16 28 26 47
person 0.0730 14 35 24 51
person 0.0577 10 25 18 41
person 0.0472 42 38 50 49
person 0.0407 49 40 57 50
person 0.0405 0 26 19 50
person 0.0329 91 38 100 51
person 0.0260 0 39 11 51
person 0.0196 0 25 7 39
person 0.0174 81 39 91 51
person 0.0150 67 42 77 51
person 0.0141 44 36 56 51
person 0.0129 70 41 84 52
person 0.0106 75 39 97 54
person 0.0104 31 30 45 50
person 0.0075 6 25 16 37
person 0.0059 0 44 9 50
person 0.0046 16 26 24 37
person 0.0040 86 37 109 55
person 0.0038 1 44 13 51
person 0.0035 12 43 23 51
person 0.0035 64 40 82 53
person 0.0033 0 19 6 32
person 0.0029 36 38 46 50
person 0.0029 51 38 59 50
person 0.0023 30 24 38 36
person 0.0021 81 32 101 60
person 0.0020 35 28 41 37
person 0.0014 24 38 34 51
person 0.0014 21 17 35 39
person 0.0012 42 31 50 47
person 0.0011 230 34 247 51
person 0.0010 49 29 63 50
car 0.0022 0 44 9 50
bird 0.0335 138 138 183 158
bird 0.0098 177 120 180 124
bird 0.0028 476 364 484 373
bird 0.0020 23 196 31 202
bird 0.0016 425 143 429 148
bird 0.0010 354 105 365 111
sheep 0.9061 88 149 192 252
sheep 0.9037 329 168 427 250
sheep 0.4308 135 137 178 160
sheep 0.2023 457 109 465 114
sheep 0.0915 142 128 159 135
sheep 0.0285 140 149 192 177
sheep 0.0168 132 140 185 197
sheep 0.0105 157 148 190 167
sheep 0.0067 139 148 191 246
sheep 0.0059 450 110 464 115
sheep 0.0049 136 131 171 153
sheep 0.0049 177 120 181 124
sheep 0.0047 139 163 152 172
sheep 0.0041 96 145 186 186
sheep 0.0038 415 208 426 232
sheep 0.0029 372 215 396 242
sheep 0.0024 134 157 174 177
sheep 0.0023 23 196 31 202
sheep 0.0021 141 131 162 148
sheep 0.0017 145 138 192 165
sheep 0.0016 439 110 453 115
sheep 0.0016 165 152 191 174
sheep 0.0016 127 161 160 173
sheep 0.0014 146 137 174 154
sheep 0.0014 346 214 416 243
sheep 0.0013 381 205 427 242
sheep 0.0013 92 156 163 178
sheep 0.0013 89 141 170 213
sheep 0.0013 460 107 473 113
sheep 0.0012 168 151 192 165
sheep 0.0011 425 143 429 148
sheep 0.0011 360 196 425 239
sheep 0.0010 146 142 171 167
