person 0.4899 2 211 148 298
person 0.4840 0 211 52 298
person 0.1909 328 225 399 297
person 0.1216 259 225 397 297
person 0.0391 192 231 204 241
person 0.0185 360 214 373 226
person 0.0118 259 238 288 280
person 0.0115 2 260 152 298
person 0.0111 241 255 261 275
person 0.0106 247 239 299 288
person 0.0091 213 236 326 293
person 0.0074 29 207 40 218
person 0.0069 289 232 350 296
person 0.0064 336 224 398 251
person 0.0044 26 270 100 299
person 0.0043 238 249 254 272
person 0.0040 233 238 277 278
person 0.0038 0 216 8 230
person 0.0032 1 208 48 255
person 0.0030 238 250 246 268
person 0.0029 23 207 41 222
person 0.0027 30 206 42 224
person 0.0026 28 206 46 234
person 0.0023 290 219 398 271
person 0.0019 270 228 358 268
person 0.0017 341 215 376 236
person 0.0017 285 170 312 190
person 0.0017 0 211 23 297
person 0.0014 273 170 294 190
person 0.0014 263 239 284 267
person 0.0014 0 214 15 233
person 0.0013 391 229 400 237
person 0.0013 316 222 379 251
person 0.0013 258 215 264 223
person 0.0012 64 269 101 298
person 0.0011 23 213 85 297
person 0.0011 314 226 353 291
person 0.0011 359 214 377 233
person 0.0011 363 227 398 297
person 0.0011 18 202 41 230
person 0.0010 334 199 399 265
person 0.0010 233 259 262 281
car 0.0332 363 158 380 164
car 0.0057 322 143 344 154
car 0.0019 96 273 167 298
car 0.0016 392 229 399 237
car 0.0016 206 275 327 298
car 0.0011 393 163 399 174
car 0.0011 352 152 369 159
car 0.0011 359 155 378 163
aeroplane 0.0093 8 0 397 95
aeroplane 0.0010 34 0 379 47
boat 0.3531 64 204 169 234
boat 0.2172 159 143 387 269
boat 0.1473 163 186 256 238
boat 0.0959 16 221 402 298
boat 0.0797 210 263 330 299
boat 0.0794 63 220 91 232
boat 0.0714 236 233 361 295
boat 0.0648 199 179 382 293
boat 0.0613 161 207 239 237
boat 0.0525 128 175 328 256
boat 0.0510 191 231 204 241
boat 0.0403 163 217 196 235
boat 0.0383 79 220 169 234
boat 0.0296 5 254 162 297
boat 0.0286 60 204 93 232
boat 0.0277 58 270 164 299
boat 0.0258 126 228 339 297
boat 0.0253 85 246 251 296
boat 0.0243 47 218 90 232
boat 0.0219 7 221 185 298
boat 0.0194 5 21 402 292
boat 0.0181 73 86 351 276
boat 0.0166 40 201 179 259
boat 0.0166 56 194 165 226
boat 0.0164 152 226 170 233
boat 0.0161 30 215 163 234
boat 0.0126 244 168 366 241
boat 0.0115 61 223 79 231
boat 0.0100 147 207 273 266
boat 0.0099 136 124 290 250
boat 0.0099 143 246 218 297
boat 0.0090 46 224 91 232
boat 0.0088 166 216 220 238
boat 0.0088 63 225 84 231
boat 0.0085 162 148 263 233
boat 0.0085 20 191 121 240
boat 0.0082 278 169 325 193
boat 0.0070 73 225 96 232
boat 0.0068 163 204 200 234
boat 0.0067 142 223 171 233
boat 0.0064 79 201 156 223
boat 0.0060 220 222 312 272
boat 0.0059 112 196 245 236
boat 0.0057 190 227 236 240
boat 0.0051 177 230 233 248
boat 0.0050 25 229 161 262
boat 0.0046 82 228 95 232
boat 0.0046 102 263 167 298
boat 0.0045 237 194 351 251
boat 0.0041 171 196 249 226
boat 0.0037 35 202 86 231
boat 0.0036 201 225 246 238
boat 0.0035 225 162 243 168
boat 0.0034 62 218 75 230
boat 0.0031 94 202 140 211
boat 0.0028 230 237 281 278
boat 0.0028 248 186 326 228
boat 0.0027 185 231 229 241
boat 0.0026 240 257 270 278
boat 0.0026 141 198 210 235
boat 0.0025 153 229 174 234
boat 0.0025 3 168 337 267
boat 0.0024 241 218 323 257
boat 0.0023 -19 156 169 298
boat 0.0022 226 253 288 289
boat 0.0021 86 210 147 233
boat 0.0021 87 273 141 298
boat 0.0020 154 221 173 233
boat 0.0020 22 197 281 283
boat 0.0019 210 230 224 238
boat 0.0018 40 223 72 232
boat 0.0018 63 204 82 223
boat 0.0017 25 220 92 235
boat 0.0017 166 213 263 250
boat 0.0015 162 201 177 233
boat 0.0015 300 178 366 234
boat 0.0015 165 179 228 216
boat 0.0015 240 224 290 268
boat 0.0014 176 185 307 225
boat 0.0014 55 200 82 228
boat 0.0014 156 227 253 262
boat 0.0014 84 225 144 234
boat 0.0014 62 226 75 230
boat 0.0014 106 202 128 210
boat 0.0013 200 229 228 239
boat 0.0012 251 185 262 195
boat 0.0011 287 216 305 224
boat 0.0010 43 215 70 228
boat 0.0010 166 203 175 223
boat 0.0010 204 216 246 235
boat 0.0010 25 213 104 247
bird 0.0327 307 169 323 188
bird 0.0131 290 169 324 189
bird 0.0011 251 185 262 195
sheep 0.0054 392 164 399 175
sheep 0.0013 388 163 400 176
cow 0.0015 391 229 399 237
chair 0.0015 76 273 154 299
tvmonitor 0.0097 0 0 48 15
tvmonitor 0.0034 0 110 45 221
tvmonitor 0.0011 52 1 189 31
