person 0.2122 336 5 497 367
person 0.0117 89 316 171 374
person 0.0052 24 246 238 371
person 0.0050 72 257 174 374
person 0.0045 81 262 305 372
person 0.0042 426 0 499 135
person 0.0031 366 0 498 186
person 0.0022 89 313 285 372
person 0.0012 92 353 165 374
dog 0.4042 9 36 417 371
dog 0.0054 236 -6 494 373
dog 0.0048 83 110 348 367
sofa 0.1097 -10 -15 490 378
sofa 0.0742 0 244 138 371
sofa 0.0237 6 2 499 196
sofa 0.0150 315 82 498 373
sofa 0.0126 67 187 504 372
sofa 0.0041 27 242 358 373
sofa 0.0026 172 0 487 131
