person 0.1919 44 138 60 159
person 0.1862 52 136 65 160
person 0.1826 182 149 189 157
person 0.1822 43 137 55 151
person 0.1626 53 134 75 161
person 0.1492 302 159 311 171
person 0.1326 213 148 223 169
person 0.1107 296 154 311 171
person 0.0979 286 143 314 168
person 0.0960 173 147 183 156
person 0.0772 184 148 193 157
person 0.0729 296 157 314 179
person 0.0687 323 172 335 182
person 0.0679 307 153 315 163
person 0.0553 285 149 293 161
person 0.0549 192 148 202 159
person 0.0543 165 145 179 157
person 0.0482 325 173 341 184
person 0.0472 291 151 304 173
person 0.0421 200 144 225 166
person 0.0416 292 161 309 180
person 0.0349 302 152 316 172
person 0.0300 38 137 48 146
person 0.0294 126 149 142 164
person 0.0293 195 147 207 161
person 0.0285 56 140 105 163
person 0.0282 183 145 205 162
person 0.0278 306 155 317 167
person 0.0275 43 134 66 154
person 0.0274 344 173 357 187
person 0.0252 128 148 153 161
person 0.0219 329 173 347 186
person 0.0198 165 136 203 153
person 0.0192 175 143 190 158
person 0.0182 127 146 141 155
person 0.0172 150 149 176 158
person 0.0170 274 154 282 161
person 0.0169 63 138 76 162
person 0.0164 58 139 72 162
person 0.0160 487 144 499 158
person 0.0157 159 148 174 157
person 0.0141 299 159 324 177
person 0.0140 332 169 353 187
person 0.0128 51 182 97 210
person 0.0127 364 171 386 188
person 0.0122 44 134 58 146
person 0.0109 317 170 332 182
person 0.0098 2 130 23 141
person 0.0095 358 164 389 188
person 0.0095 493 142 499 154
person 0.0093 140 147 181 160
person 0.0086 289 149 311 180
person 0.0081 280 154 294 175
person 0.0081 127 152 154 169
person 0.0076 213 155 221 173
person 0.0069 269 153 278 161
person 0.0067 259 150 269 160
person 0.0067 457 165 486 206
person 0.0067 192 151 209 167
person 0.0062 340 171 354 186
person 0.0062 170 166 176 175
person 0.0061 169 145 195 160
person 0.0059 424 140 434 153
person 0.0058 366 177 375 188
person 0.0056 254 150 267 158
person 0.0055 214 155 226 172
person 0.0052 204 152 217 168
person 0.0051 308 167 337 184
person 0.0050 272 155 285 164
person 0.0047 342 170 362 186
person 0.0047 38 143 57 159
person 0.0046 349 175 360 188
person 0.0046 312 156 332 164
person 0.0043 465 172 478 205
person 0.0041 319 172 344 191
person 0.0038 471 169 487 204
person 0.0037 45 185 61 211
person 0.0037 320 164 333 176
person 0.0034 439 131 454 142
person 0.0034 423 136 432 144
person 0.0034 177 139 211 171
person 0.0034 65 179 113 208
person 0.0033 193 165 209 176
person 0.0030 315 163 338 178
person 0.0030 172 165 181 175
person 0.0030 428 135 440 144
person 0.0029 318 154 333 161
person 0.0029 330 163 385 188
person 0.0029 361 174 377 188
person 0.0028 177 166 188 175
person 0.0028 480 132 490 147
person 0.0027 302 164 326 181
person 0.0027 190 162 205 175
person 0.0027 141 160 158 172
person 0.0026 286 156 296 175
person 0.0025 348 139 369 162
person 0.0025 307 160 333 178
person 0.0025 28 138 44 147
person 0.0024 184 150 194 165
person 0.0024 54 173 86 203
person 0.0024 480 137 488 149
person 0.0024 165 166 182 175
person 0.0023 34 141 48 156
person 0.0022 69 140 82 161
person 0.0021 482 134 499 162
person 0.0021 137 133 227 184
person 0.0020 292 163 366 204
person 0.0020 196 153 227 179
person 0.0019 384 153 402 166
person 0.0019 486 135 498 152
person 0.0019 281 144 294 160
person 0.0019 140 152 164 163
person 0.0018 402 137 443 201
person 0.0018 450 143 489 204
person 0.0018 420 135 428 143
person 0.0017 247 152 258 160
person 0.0017 0 163 33 199
person 0.0016 45 178 74 210
person 0.0016 414 137 432 152
person 0.0016 452 174 476 209
person 0.0015 233 151 246 157
person 0.0015 184 161 196 175
person 0.0015 92 186 114 208
person 0.0014 437 132 459 149
person 0.0014 54 185 80 210
person 0.0014 243 149 253 156
person 0.0014 479 125 496 149
person 0.0013 239 152 253 161
person 0.0013 353 160 378 187
person 0.0013 147 152 171 161
person 0.0013 238 180 244 190
person 0.0013 182 150 190 164
person 0.0013 360 150 384 167
person 0.0013 402 157 424 196
person 0.0012 310 171 323 182
person 0.0012 402 139 436 163
person 0.0012 204 159 217 175
person 0.0012 164 164 173 175
person 0.0012 112 184 150 208
person 0.0012 139 160 198 179
person 0.0012 284 137 399 218
person 0.0011 274 149 281 159
person 0.0010 176 149 196 166
person 0.0010 35 128 60 158
person 0.0010 353 177 364 189
person 0.0010 327 175 341 189
person 0.0010 332 174 348 192
person 0.0010 344 163 371 188
car 0.9237 0 159 231 310
car 0.8960 123 154 244 207
car 0.8814 275 161 408 228
car 0.8280 220 152 291 177
car 0.6697 74 144 126 165
car 0.6222 0 139 59 161
car 0.6146 384 164 407 189
car 0.4537 484 166 499 193
car 0.2489 133 150 172 159
car 0.2033 213 150 237 170
car 0.1514 362 154 401 185
car 0.1159 126 149 172 165
car 0.1094 79 130 120 146
car 0.1072 26 138 62 160
car 0.1055 99 147 130 165
car 0.0970 99 133 118 147
car 0.0940 330 142 406 186
car 0.0818 38 136 81 162
car 0.0548 361 154 395 170
car 0.0513 217 151 252 171
car 0.0473 283 143 313 172
car 0.0467 127 148 155 162
car 0.0466 293 157 314 179
car 0.0434 482 158 499 183
car 0.0357 75 143 103 163
car 0.0351 54 139 108 163
car 0.0322 40 136 56 152
car 0.0312 293 166 309 181
car 0.0307 0 143 11 160
car 0.0293 374 156 403 169
car 0.0244 387 158 402 167
car 0.0216 127 155 164 169
car 0.0212 388 163 408 178
car 0.0211 220 151 246 164
car 0.0202 104 153 128 165
car 0.0200 103 146 127 158
car 0.0199 482 148 500 176
car 0.0199 0 129 19 140
car 0.0192 43 135 68 153
car 0.0187 149 149 176 158
car 0.0168 64 126 121 157
car 0.0162 111 147 129 155
car 0.0158 487 145 499 162
car 0.0157 369 171 399 189
car 0.0146 121 148 138 164
car 0.0124 299 159 324 177
car 0.0112 52 132 78 152
car 0.0106 232 146 287 164
car 0.0103 128 155 181 175
car 0.0094 20 133 31 141
car 0.0093 0 124 9 138
car 0.0092 87 148 210 190
car 0.0090 382 173 403 190
car 0.0089 43 134 58 147
car 0.0084 378 172 391 189
car 0.0084 374 160 394 187
car 0.0084 380 145 475 205
car 0.0083 300 160 395 203
car 0.0081 35 136 47 146
car 0.0080 95 132 137 165
car 0.0079 0 137 45 154
car 0.0076 477 149 499 191
car 0.0076 337 152 387 189
car 0.0072 356 164 390 188
car 0.0068 -1 143 67 171
car 0.0068 266 157 291 178
car 0.0066 474 168 490 202
car 0.0064 401 162 435 204
car 0.0058 22 142 45 158
car 0.0057 123 154 144 167
car 0.0053 34 153 97 198
car 0.0051 214 155 227 171
car 0.0050 56 130 97 153
car 0.0041 62 129 150 172
car 0.0040 0 123 7 133
car 0.0039 270 154 287 166
car 0.0038 11 129 33 139
car 0.0036 231 155 276 175
car 0.0034 393 158 426 194
car 0.0033 36 128 59 137
car 0.0032 7 133 107 180
car 0.0032 398 144 447 203
car 0.0031 401 164 421 197
car 0.0030 72 135 82 146
car 0.0029 79 134 104 147
car 0.0029 20 135 48 145
car 0.0029 0 123 22 138
car 0.0028 133 159 169 172
car 0.0028 17 147 206 215
car 0.0027 19 130 31 138
car 0.0026 107 140 160 170
car 0.0023 146 157 213 204
car 0.0022 1 160 45 182
car 0.0022 98 165 216 214
car 0.0022 464 145 492 203
car 0.0022 0 137 17 152
car 0.0021 91 141 115 162
car 0.0021 284 156 298 175
car 0.0020 6 151 115 206
car 0.0019 58 123 81 136
car 0.0019 0 115 64 163
car 0.0019 28 135 41 144
car 0.0019 249 154 291 174
car 0.0018 392 159 404 168
car 0.0018 0 137 9 150
car 0.0018 68 133 83 144
car 0.0017 208 145 283 191
car 0.0017 72 169 226 275
car 0.0017 166 163 229 180
car 0.0016 99 128 123 138
car 0.0016 170 166 195 175
car 0.0016 177 152 233 184
car 0.0016 42 145 153 180
car 0.0016 239 156 264 174
car 0.0015 482 135 499 164
car 0.0014 190 167 214 177
car 0.0014 324 170 368 216
car 0.0014 19 138 36 147
car 0.0014 229 152 265 166
car 0.0013 282 144 334 198
car 0.0013 17 144 56 162
car 0.0012 297 133 444 210
car 0.0012 0 165 22 180
car 0.0012 439 132 463 149
car 0.0011 389 169 413 198
car 0.0011 127 158 190 205
car 0.0011 0 163 37 195
car 0.0011 0 140 25 159
car 0.0011 365 175 390 189
car 0.0011 196 168 208 176
car 0.0010 116 158 127 167
car 0.0010 95 127 186 181
bus 0.7116 314 134 407 166
bus 0.0671 78 129 119 146
bus 0.0352 361 153 401 181
bus 0.0181 301 138 408 200
bus 0.0096 357 150 401 167
bus 0.0079 54 126 116 144
bus 0.0077 312 144 397 173
bus 0.0057 351 139 404 166
bus 0.0045 76 126 110 142
bus 0.0034 75 124 120 154
bus 0.0023 349 141 369 163
bus 0.0023 360 147 384 166
bus 0.0013 302 96 419 185
bus 0.0011 379 144 403 160
bus 0.0011 317 154 334 161
bus 0.0010 314 155 335 164
pottedplant 0.1264 398 137 492 207
pottedplant 0.0021 448 142 491 204
pottedplant 0.0017 433 146 469 204
pottedplant 0.0010 444 158 475 205
