person 0.0480 436 0 498 65
person 0.0168 431 0 499 148
person 0.0051 466 -3 499 142
person 0.0047 486 14 499 143
person 0.0030 460 0 499 43
person 0.0029 488 11 499 74
person 0.0016 485 1 499 40
person 0.0015 493 18 499 74
person 0.0013 95 0 125 20
person 0.0013 75 0 127 56
person 0.0012 476 1 499 65
person 0.0012 434 3 476 39
person 0.0011 485 18 497 94
dog 0.6173 96 124 332 369
dog 0.0013 80 77 493 381
sheep 0.0354 93 125 325 367
sheep 0.0256 35 8 442 225
sheep 0.0199 6 -8 325 351
sheep 0.0046 78 -11 490 368
sheep 0.0038 295 122 361 182
sheep 0.0019 393 132 487 185
cow 0.5217 0 0 131 189
cow 0.2249 299 0 499 185
cow 0.1919 2 0 262 196
cow 0.1006 112 0 254 164
cow 0.0535 0 101 109 187
cow 0.0411 92 0 334 206
cow 0.0206 295 125 490 187
cow 0.0078 121 11 502 216
cow 0.0075 0 104 57 183
cow 0.0047 423 -3 498 143
cow 0.0046 295 120 365 183
cow 0.0043 108 3 159 157
cow 0.0034 229 42 445 189
cow 0.0027 -2 83 137 241
cow 0.0024 0 138 42 212
cow 0.0017 75 0 129 91
cow 0.0013 299 29 417 180
cow 0.0012 280 109 402 196
