person 0.0336 115 146 140 191
person 0.0072 407 297 446 340
person 0.0034 457 156 500 242
person 0.0031 0 55 10 156
person 0.0028 104 147 153 193
person 0.0023 152 101 261 166
person 0.0023 225 100 262 130
person 0.0020 198 99 270 152
person 0.0018 7 10 413 262
person 0.0014 44 75 198 276
person 0.0010 452 152 498 180
bicycle 0.0032 261 161 494 335
bicycle 0.0015 167 63 494 337
car 0.0202 0 83 491 338
car 0.0015 448 107 500 219
car 0.0010 52 164 275 338
motorbike 0.0212 11 113 497 336
bus 0.1534 6 8 495 341
bus 0.0036 -2 -1 492 171
bus 0.0024 15 48 285 258
train 0.0210 12 3 497 202
train 0.0011 319 26 495 333
train 0.0011 3 1 495 102
bird 0.0071 408 299 446 341
cat 0.0045 408 299 447 341
bottle 0.0029 407 298 442 341
chair 0.0364 454 154 499 272
chair 0.0281 432 159 499 339
chair 0.0214 268 161 499 337
chair 0.0057 328 60 496 329
chair 0.0035 391 97 502 306
chair 0.0024 466 189 499 339
chair 0.0019 393 165 496 274
chair 0.0017 494 248 499 265
chair 0.0013 460 161 499 228
chair 0.0011 427 154 499 232
chair 0.0011 489 327 499 341
chair 0.0010 479 189 499 297
tvmonitor 0.0153 437 91 500 177
tvmonitor 0.0046 481 96 499 158
tvmonitor 0.0026 438 125 482 169
