person 0.8721 286 181 374 261
person 0.5867 0 175 29 297
person 0.3244 23 150 43 177
person 0.2258 262 146 281 172
person 0.0971 487 197 499 242
person 0.0719 426 137 455 179
person 0.0670 0 175 27 215
person 0.0463 324 215 351 238
person 0.0332 300 203 370 248
person 0.0192 479 71 499 123
person 0.0112 0 196 29 382
person 0.0083 489 195 500 211
person 0.0069 330 181 373 263
person 0.0063 0 285 19 372
person 0.0062 0 274 20 330
person 0.0055 328 217 341 233
person 0.0046 489 219 499 243
person 0.0041 16 185 28 208
person 0.0033 22 150 43 201
person 0.0032 431 133 460 203
person 0.0031 12 176 29 207
person 0.0027 314 184 343 255
person 0.0026 -4 154 33 224
person 0.0025 486 195 499 220
person 0.0019 161 79 172 94
person 0.0019 487 164 500 221
person 0.0017 137 87 146 95
person 0.0017 0 180 82 376
person 0.0016 253 145 275 173
person 0.0015 152 81 164 95
person 0.0014 0 264 29 319
person 0.0013 21 161 39 179
person 0.0013 0 175 9 183
person 0.0013 143 88 149 95
person 0.0012 21 159 37 194
person 0.0012 0 174 16 182
person 0.0010 321 213 336 233
person 0.0010 148 83 160 95
bottle 0.0095 464 266 477 288
chair 0.0235 0 285 22 372
chair 0.0107 0 285 17 323
chair 0.0041 0 287 10 369
chair 0.0034 26 319 203 373
chair 0.0033 305 353 449 375
chair 0.0033 292 204 325 224
chair 0.0029 285 203 324 240
chair 0.0017 0 318 32 373
chair 0.0016 281 213 312 249
chair 0.0015 285 236 309 256
chair 0.0014 2 279 24 337
chair 0.0010 294 205 323 215
chair 0.0010 273 192 340 247
pottedplant 0.0096 387 215 414 248
pottedplant 0.0023 384 211 416 265
pottedplant 0.0018 351 184 433 265
diningtable 0.0041 -2 237 472 357
diningtable 0.0024 0 284 18 316
diningtable 0.0019 278 280 493 377
tvmonitor 0.7818 249 40 423 174
tvmonitor 0.7115 17 40 195 222
tvmonitor 0.2350 421 70 478 134
tvmonitor 0.0366 0 53 18 183
tvmonitor 0.0329 249 0 415 42
tvmonitor 0.0238 424 133 466 184
tvmonitor 0.0238 23 0 214 51
tvmonitor 0.0176 0 59 18 108
tvmonitor 0.0112 478 73 500 121
tvmonitor 0.0077 452 134 471 194
tvmonitor 0.0074 0 106 16 139
tvmonitor 0.0065 23 -2 232 92
tvmonitor 0.0051 0 95 18 164
tvmonitor 0.0042 22 78 199 331
tvmonitor 0.0036 0 117 12 134
tvmonitor 0.0031 25 198 196 272
tvmonitor 0.0023 419 117 500 203
tvmonitor 0.0021 194 0 244 61
tvmonitor 0.0016 421 67 487 194
tvmonitor 0.0015 297 3 363 36
tvmonitor 0.0013 239 32 438 294
tvmonitor 0.0013 445 67 500 135
tvmonitor 0.0012 296 51 365 162
tvmonitor 0.0011 421 74 452 131
tvmonitor 0.0011 411 0 500 50
tvmonitor 0.0011 441 70 474 127
tvmonitor 0.0010 245 0 419 85
