person 0.0062 0 6 28 119
cat 0.4339 6 36 296 198
cat 0.0236 2 77 124 191
cat 0.0123 131 43 327 179
cat 0.0027 0 16 162 199
cat 0.0017 71 27 353 249
chair 0.0444 316 15 348 125
chair 0.0132 288 6 346 123
chair 0.0037 0 10 29 117
chair 0.0033 130 1 277 70
chair 0.0025 226 1 277 69
chair 0.0024 257 2 333 111
chair 0.0015 331 21 349 129
chair 0.0012 214 2 302 94
chair 0.0012 323 71 350 136
sofa 0.0118 -1 140 349 259
sofa 0.0054 0 -9 343 153
sofa 0.0048 12 0 340 65
sofa 0.0037 30 38 354 262
diningtable 0.0041 0 -93 336 83
