bottle 0.5478 481 106 500 171
bottle 0.5043 449 144 477 214
bottle 0.2541 437 127 457 169
bottle 0.1369 336 37 354 71
bottle 0.0813 354 262 379 305
bottle 0.0753 480 111 500 224
bottle 0.0494 354 31 379 75
bottle 0.0486 440 122 465 178
bottle 0.0432 466 57 486 100
bottle 0.0367 462 134 496 225
bottle 0.0344 437 125 459 209
bottle 0.0273 351 36 370 78
bottle 0.0255 454 120 473 165
bottle 0.0247 456 114 488 169
bottle 0.0209 457 128 481 208
bottle 0.0203 470 117 487 173
bottle 0.0163 488 93 499 154
bottle 0.0143 482 65 499 150
bottle 0.0139 329 37 346 69
bottle 0.0119 464 127 482 182
bottle 0.0100 342 37 363 77
bottle 0.0076 390 52 413 103
bottle 0.0075 448 156 467 220
bottle 0.0067 473 55 491 101
bottle 0.0062 483 54 498 110
bottle 0.0056 467 91 490 167
bottle 0.0048 476 91 498 154
bottle 0.0036 484 109 499 146
bottle 0.0026 483 122 498 160
bottle 0.0025 387 57 421 128
bottle 0.0023 461 60 489 120
bottle 0.0019 238 35 269 102
bottle 0.0018 450 126 472 193
bottle 0.0017 319 98 333 135
bottle 0.0017 466 128 481 163
bottle 0.0016 486 127 500 278
bottle 0.0016 227 23 245 66
bottle 0.0016 428 153 469 226
bottle 0.0016 57 61 120 189
bottle 0.0015 150 106 163 145
bottle 0.0015 316 35 337 72
bottle 0.0014 491 100 499 135
bottle 0.0014 297 32 334 74
bottle 0.0014 146 103 165 160
bottle 0.0013 489 69 499 138
bottle 0.0012 291 32 317 71
bottle 0.0012 232 26 283 116
bottle 0.0012 427 107 468 175
bottle 0.0011 486 116 499 198
bottle 0.0011 454 109 470 151
bottle 0.0011 328 32 368 77
bottle 0.0011 228 25 253 82
bottle 0.0010 482 99 500 134
cat 0.0011 49 57 67 81
chair 0.5602 142 183 271 373
chair 0.1724 2 157 116 337
chair 0.1189 58 55 172 300
chair 0.0591 0 55 125 310
chair 0.0393 373 288 499 375
chair 0.0330 56 60 130 255
chair 0.0186 88 90 192 348
chair 0.0107 119 128 232 374
chair 0.0102 248 110 333 213
chair 0.0090 119 69 285 329
chair 0.0083 0 164 65 325
chair 0.0082 67 4 237 309
chair 0.0070 264 110 397 237
chair 0.0044 0 180 35 327
chair 0.0032 374 333 498 374
chair 0.0026 132 206 374 373
chair 0.0025 0 84 44 316
chair 0.0023 314 96 402 211
chair 0.0020 113 98 190 242
chair 0.0019 53 1 187 205
chair 0.0019 5 163 109 260
chair 0.0019 85 44 200 244
chair 0.0019 37 34 109 231
chair 0.0018 0 171 17 317
chair 0.0018 60 64 113 192
chair 0.0018 147 54 414 327
chair 0.0017 192 70 326 232
chair 0.0017 120 130 183 197
chair 0.0015 211 98 351 276
chair 0.0014 28 98 153 354
chair 0.0013 240 57 383 208
chair 0.0012 0 0 83 268
chair 0.0011 81 108 182 209
chair 0.0011 424 28 471 60
chair 0.0010 406 238 501 372
diningtable 0.4577 228 157 498 373
diningtable 0.0195 152 61 288 271
diningtable 0.0113 234 55 505 198
diningtable 0.0094 62 35 235 320
diningtable 0.0089 308 83 420 213
diningtable 0.0074 99 184 407 372
diningtable 0.0067 264 109 395 239
diningtable 0.0035 213 92 448 294
diningtable 0.0023 166 65 276 191
diningtable 0.0019 327 83 492 222
diningtable 0.0010 176 55 338 206
person 0.5663 152 76 289 315
person 0.0036 122 74 438 373
person 0.0031 225 0 258 38
person 0.0013 165 60 312 228
person 0.0012 218 1 266 57
person 0.0010 425 26 470 60
pottedplant 0.0539 46 11 84 72
pottedplant 0.0043 48 48 74 82
pottedplant 0.0025 46 5 108 63
pottedplant 0.0024 48 2 181 76
pottedplant 0.0014 51 19 87 108
pottedplant 0.0013 169 0 205 23
pottedplant 0.0010 223 1 286 55
