aeroplane 0.0199 2 135 41 153
aeroplane 0.0023 6 69 420 186
aeroplane 0.0023 0 89 11 105
aeroplane 0.0019 202 141 231 160
aeroplane 0.0018 0 123 45 155
aeroplane 0.0010 190 136 258 186
bird 0.0048 196 219 217 243
boat 0.0019 1 126 41 152
car 0.9358 233 155 412 228
car 0.0032 229 165 313 226
car 0.0032 490 151 500 168
car 0.0016 200 140 230 155
person 0.8664 148 195 188 291
person 0.6121 209 152 230 185
person 0.0128 469 155 486 177
person 0.0100 203 144 225 178
person 0.0080 220 154 240 187
person 0.0043 203 146 237 187
person 0.0027 197 221 216 244
person 0.0026 136 193 219 295
person 0.0022 172 216 209 272
person 0.0022 465 149 492 177
person 0.0020 164 209 201 293
person 0.0018 154 195 189 252
person 0.0018 201 141 231 162
person 0.0013 487 145 499 172
person 0.0013 189 145 227 183
person 0.0010 179 205 216 257
person 0.0010 477 153 495 175
