car 0.9586 14 38 497 315
car 0.0024 363 73 422 107
car 0.0021 361 63 496 143
car 0.0017 355 48 500 250
person 0.7405 71 5 94 82
person 0.6551 112 0 137 75
person 0.6113 42 0 73 85
person 0.5154 2 0 38 97
person 0.4241 96 1 115 78
person 0.1661 103 0 122 79
person 0.0944 31 1 62 89
person 0.0528 13 -1 57 87
person 0.0302 62 1 81 84
person 0.0240 0 0 16 120
person 0.0186 483 18 500 128
person 0.0104 85 0 107 74
person 0.0071 470 0 501 115
person 0.0043 0 1 20 58
person 0.0036 100 0 117 41
person 0.0031 0 0 34 38
person 0.0029 444 1 499 109
person 0.0023 474 16 500 188
person 0.0023 490 38 500 123
person 0.0023 3 -2 87 94
person 0.0021 0 0 17 34
person 0.0020 417 55 432 96
person 0.0018 0 3 32 171
person 0.0015 459 26 499 147
person 0.0013 457 49 484 111
person 0.0010 12 0 39 34
person 0.0010 84 0 105 40
