person 0.0246 188 151 207 178
person 0.0058 1 155 11 169
person 0.0055 199 149 220 180
person 0.0038 0 156 11 178
person 0.0018 156 145 169 172
person 0.0014 3 156 16 165
person 0.0010 222 151 238 186
train 0.8418 9 107 392 280
train 0.7372 382 153 499 227
train 0.0550 12 138 133 194
train 0.0090 11 142 98 177
train 0.0053 456 159 499 226
train 0.0052 11 142 60 170
train 0.0025 19 128 187 210
train 0.0024 213 110 387 276
train 0.0022 18 155 110 183
train 0.0021 374 162 455 216
train 0.0017 364 163 387 221
train 0.0017 486 161 500 223
train 0.0012 384 137 498 317
train 0.0011 0 145 25 168
train 0.0011 0 151 166 379
