bus 0.0027 349 3 499 358
car 0.1356 336 110 499 369
motorbike 0.9018 173 186 306 273
motorbike 0.8587 56 177 138 298
motorbike 0.1323 296 222 337 252
motorbike 0.0501 171 169 205 229
motorbike 0.0183 143 214 176 234
motorbike 0.0110 172 169 229 258
motorbike 0.0098 213 185 299 247
motorbike 0.0085 225 185 289 211
motorbike 0.0048 195 185 298 219
motorbike 0.0038 216 205 308 268
motorbike 0.0025 163 186 209 252
motorbike 0.0023 172 176 294 236
motorbike 0.0021 147 198 184 234
motorbike 0.0017 155 213 189 235
motorbike 0.0012 120 198 171 244
person 0.0445 169 169 200 232
person 0.0397 229 186 293 214
person 0.0122 56 175 122 284
person 0.0045 255 187 291 212
person 0.0037 226 185 301 244
person 0.0012 372 146 395 189
person 0.0011 172 173 218 242
pottedplant 0.0267 143 213 176 235
