bicycle 0.0020 163 410 334 500
chair 0.0166 249 395 369 500
chair 0.0071 164 356 377 499
chair 0.0023 0 294 23 408
person 0.9363 163 335 320 500
person 0.8740 9 287 134 498
person 0.8152 262 259 371 481
person 0.7032 196 118 270 344
person 0.5965 167 274 236 345
person 0.5672 2 157 107 343
person 0.5412 253 128 340 318
person 0.0619 152 289 177 347
person 0.0452 252 258 359 387
person 0.0246 175 122 355 274
person 0.0238 247 260 316 366
person 0.0111 145 281 189 350
person 0.0106 0 151 123 477
person 0.0064 147 279 237 398
person 0.0062 108 364 137 392
person 0.0050 170 123 248 276
person 0.0049 262 134 371 393
person 0.0048 84 316 143 467
person 0.0045 1 288 27 384
person 0.0041 155 246 286 365
person 0.0036 297 135 371 299
person 0.0026 96 345 138 413
person 0.0025 2 196 72 418
person 0.0023 0 285 26 334
person 0.0019 92 257 369 466
person 0.0018 187 272 231 327
person 0.0018 183 237 321 392
person 0.0018 0 242 40 424
person 0.0017 104 263 218 367
person 0.0015 263 264 306 344
person 0.0015 -6 284 67 498
person 0.0015 19 236 127 321
person 0.0014 15 183 144 385
person 0.0014 144 121 276 379
person 0.0014 126 270 271 433
person 0.0012 257 124 374 244
person 0.0011 312 132 371 239
person 0.0011 180 117 269 223
person 0.0011 216 339 372 497
person 0.0010 158 342 241 491
pottedplant 0.0607 266 393 372 501
pottedplant 0.0051 241 466 364 501
pottedplant 0.0048 15 188 29 215
pottedplant 0.0047 97 401 153 475
pottedplant 0.0047 0 191 28 235
pottedplant 0.0037 311 374 374 489
pottedplant 0.0023 -1 173 46 247
pottedplant 0.0015 354 382 374 448
