aeroplane 0.5400 127 110 486 206
aeroplane 0.1611 387 194 469 219
aeroplane 0.0594 312 185 471 216
aeroplane 0.0536 377 234 498 295
aeroplane 0.0252 2 184 79 209
aeroplane 0.0248 379 130 499 220
aeroplane 0.0233 128 169 303 223
aeroplane 0.0206 313 156 479 214
aeroplane 0.0169 395 183 495 217
aeroplane 0.0168 131 158 363 209
aeroplane 0.0098 125 167 204 224
aeroplane 0.0085 137 168 446 229
aeroplane 0.0059 -17 246 489 365
aeroplane 0.0029 413 199 465 218
aeroplane 0.0028 407 189 498 259
aeroplane 0.0028 471 219 500 260
aeroplane 0.0023 342 180 415 212
aeroplane 0.0022 471 231 499 277
aeroplane 0.0022 376 174 499 278
aeroplane 0.0021 338 195 475 227
aeroplane 0.0020 130 189 247 240
aeroplane 0.0019 389 105 500 185
aeroplane 0.0017 38 53 453 213
aeroplane 0.0016 128 203 203 237
aeroplane 0.0016 368 167 462 215
aeroplane 0.0015 375 160 445 182
aeroplane 0.0015 324 116 489 209
aeroplane 0.0015 362 189 429 213
aeroplane 0.0013 5 229 246 325
aeroplane 0.0011 305 172 438 207
boat 0.0054 96 220 163 251
boat 0.0013 79 215 177 261
bus 0.8279 309 213 416 243
bus 0.7707 188 215 310 247
bus 0.1245 158 211 416 244
bus 0.0249 312 193 412 219
bus 0.0067 301 212 475 257
bus 0.0061 322 184 406 213
bus 0.0060 137 201 308 245
bus 0.0042 306 202 473 239
bus 0.0040 145 183 311 216
bus 0.0037 142 165 383 214
bus 0.0036 156 176 459 223
bus 0.0019 311 189 376 214
bus 0.0019 239 216 322 244
bus 0.0018 100 222 166 253
bus 0.0010 177 220 245 248
car 0.0987 380 263 477 295
car 0.0799 479 265 499 301
car 0.0585 7 187 77 210
car 0.0302 1 190 37 212
car 0.0212 399 271 459 296
car 0.0173 85 195 115 208
car 0.0144 485 275 500 302
car 0.0090 391 249 499 299
car 0.0074 37 192 85 210
car 0.0042 68 194 102 208
car 0.0041 371 248 457 294
car 0.0040 471 236 500 293
car 0.0030 12 196 80 213
car 0.0021 103 225 166 254
car 0.0020 477 284 497 302
car 0.0016 488 262 499 298
car 0.0014 443 269 501 300
car 0.0013 147 226 162 241
car 0.0013 377 272 442 294
car 0.0011 0 192 7 211
car 0.0010 141 230 161 249
person 0.0147 217 289 234 319
person 0.0022 473 269 484 295
person 0.0021 477 264 498 297
