bottle 0.3467 190 69 203 115
bottle 0.1469 183 70 194 115
bottle 0.0258 66 1 77 45
bottle 0.0249 86 2 97 40
bottle 0.0232 91 18 100 39
bottle 0.0149 78 45 92 87
bottle 0.0125 104 10 117 36
bottle 0.0120 77 2 89 41
bottle 0.0101 71 7 81 42
bottle 0.0088 490 306 499 376
bottle 0.0063 94 11 110 36
bottle 0.0050 95 18 105 37
bottle 0.0046 270 83 281 122
bottle 0.0023 479 310 497 375
bottle 0.0021 105 4 125 36
bottle 0.0018 90 1 99 36
bottle 0.0017 391 310 496 376
bottle 0.0017 173 70 192 117
bottle 0.0016 85 22 95 41
bottle 0.0012 112 4 133 31
bottle 0.0011 80 46 90 67
bottle 0.0010 79 23 90 42
chair 0.2051 266 233 417 332
chair 0.0561 194 219 424 356
chair 0.0084 466 217 500 302
chair 0.0074 201 263 504 377
chair 0.0040 11 205 213 376
chair 0.0020 477 217 500 347
chair 0.0016 23 144 446 325
chair 0.0014 269 199 418 299
chair 0.0011 198 303 412 368
dog 0.5552 5 153 260 355
dog 0.0068 182 206 268 302
dog 0.0031 171 205 284 358
dog 0.0028 61 158 246 290
dog 0.0024 114 193 348 311
dog 0.0012 1 159 140 351
person 0.5129 1 3 230 348
person 0.0359 16 161 269 376
person 0.0030 178 210 278 373
person 0.0015 13 136 405 324
sofa 0.0017 29 143 445 322
tvmonitor 0.0083 465 217 500 299
tvmonitor 0.0063 392 123 499 257
tvmonitor 0.0014 479 216 500 282
tvmonitor 0.0012 482 213 499 256
tvmonitor 0.0010 287 146 347 195
