bus 0.8981 0 130 142 340
bus 0.8864 205 134 280 250
bus 0.0676 479 134 499 245
bus 0.0288 329 12 498 281
bus 0.0062 479 180 499 235
bus 0.0054 461 132 500 182
bus 0.0035 478 158 500 297
bus 0.0034 176 149 212 241
bus 0.0024 156 197 188 221
bus 0.0023 0 123 37 337
bus 0.0022 249 148 288 238
bus 0.0018 210 138 272 200
bus 0.0017 1 128 143 217
bus 0.0016 198 138 246 257
bus 0.0014 333 127 389 264
bus 0.0012 207 182 274 246
bus 0.0011 453 130 499 231
bus 0.0011 421 133 498 202
bus 0.0011 205 159 268 223
bus 0.0010 336 112 446 279
car 0.7521 171 211 216 268
car 0.7124 206 209 238 260
car 0.6906 145 211 184 280
car 0.3373 187 208 233 263
car 0.1526 478 136 499 197
car 0.0616 152 202 176 215
car 0.0426 140 212 163 280
car 0.0162 152 200 178 226
car 0.0064 459 135 500 194
car 0.0040 147 210 225 280
car 0.0039 156 210 183 254
car 0.0038 470 133 500 233
car 0.0028 218 212 240 251
car 0.0028 154 198 206 251
car 0.0022 202 213 223 253
car 0.0015 478 204 499 235
car 0.0013 192 159 282 263
person 0.0167 312 201 321 233
person 0.0161 305 203 315 233
person 0.0090 316 198 325 233
person 0.0065 382 210 400 273
person 0.0036 346 220 359 262
person 0.0028 323 198 333 234
person 0.0024 299 201 310 231
person 0.0022 342 221 354 258
person 0.0017 320 201 328 234
person 0.0016 302 196 315 227
person 0.0011 375 205 393 276
train 0.0116 335 85 497 289
train 0.0015 479 159 499 237
train 0.0010 384 106 499 231
