boat 0.0016 3 270 137 374
bottle 0.0129 48 248 57 280
bottle 0.0049 56 269 90 297
bottle 0.0037 51 205 116 348
bottle 0.0036 45 240 97 326
bottle 0.0035 11 255 112 368
bottle 0.0027 15 237 30 277
bottle 0.0023 50 259 61 282
bottle 0.0021 29 173 141 375
bottle 0.0015 8 240 26 278
bottle 0.0012 57 266 126 298
bottle 0.0010 59 263 102 289
chair 0.0051 58 191 232 377
chair 0.0043 236 300 254 333
chair 0.0016 439 245 500 374
chair 0.0013 43 278 233 375
diningtable 0.0090 -1 268 119 374
dog 0.9158 342 303 441 375
motorbike 0.0015 54 265 114 294
person 0.9177 65 171 230 372
person 0.0028 35 173 155 378
person 0.0015 51 224 133 333
pottedplant 0.4282 331 182 439 216
pottedplant 0.0061 328 185 477 235
pottedplant 0.0015 331 186 375 206
pottedplant 0.0013 282 185 424 210
pottedplant 0.0010 362 185 450 208
pottedplant 0.0010 327 186 396 212
sofa 0.0021 439 246 500 375
tvmonitor 0.0314 55 213 107 276
tvmonitor 0.0023 444 288 499 376
tvmonitor 0.0021 78 207 112 272
