bicycle 0.8175 24 40 500 324
bicycle 0.0631 38 98 300 304
bicycle 0.0136 376 70 500 291
bicycle 0.0121 428 90 500 158
bicycle 0.0110 313 12 499 308
bicycle 0.0091 424 94 499 221
bicycle 0.0046 0 95 28 305
bicycle 0.0037 393 73 502 181
bicycle 0.0037 7 68 171 300
bicycle 0.0015 462 105 499 291
bottle 0.0059 168 262 200 315
bottle 0.0026 50 214 70 262
bottle 0.0021 176 217 220 301
car 0.0145 392 -2 499 56
car 0.0027 484 168 500 272
car 0.0019 303 11 495 249
chair 0.0011 335 120 498 324
motorbike 0.0046 438 95 499 156
person 0.0131 190 212 233 276
person 0.0105 0 70 20 305
person 0.0038 148 194 173 223
person 0.0014 143 194 174 254
person 0.0010 172 217 222 299
pottedplant 0.0051 21 159 166 299
pottedplant 0.0011 45 181 123 266
pottedplant 0.0010 0 104 23 333
pottedplant 0.0010 58 195 171 282
tvmonitor 0.0100 391 0 498 57
