bottle 0.0017 314 343 349 373
chair 0.0262 0 278 51 376
chair 0.0148 0 169 34 376
chair 0.0078 0 290 95 376
chair 0.0049 321 206 498 375
chair 0.0025 314 308 497 375
chair 0.0011 1 49 138 301
chair 0.0011 419 124 498 375
diningtable 0.0103 0 268 39 376
diningtable 0.0041 314 311 492 375
person 0.8872 317 124 497 375
person 0.8581 141 142 295 376
person 0.7929 34 135 173 377
person 0.7248 58 47 177 210
person 0.3710 402 3 501 159
person 0.2953 143 46 293 244
person 0.2660 144 38 349 366
person 0.2512 416 2 498 342
person 0.2065 252 21 374 344
person 0.1410 258 23 359 215
person 0.1199 237 18 495 367
person 0.0541 263 21 476 228
person 0.0331 458 6 500 149
person 0.0317 452 -2 501 293
person 0.0298 326 8 502 291
person 0.0194 0 58 64 382
person 0.0172 0 38 170 246
person 0.0141 475 0 500 266
person 0.0108 0 130 31 381
person 0.0099 0 32 126 375
person 0.0066 0 107 15 383
person 0.0063 476 3 500 116
person 0.0046 -11 101 298 382
person 0.0042 217 137 348 371
person 0.0033 15 21 317 208
person 0.0033 41 119 161 268
person 0.0029 431 3 499 115
person 0.0028 166 133 463 371
person 0.0026 289 18 423 317
person 0.0019 0 2 14 268
person 0.0019 0 -18 43 331
person 0.0018 134 19 385 214
person 0.0014 456 3 500 73
person 0.0013 455 103 498 354
person 0.0013 295 5 498 160
person 0.0012 308 131 411 369
person 0.0011 485 127 500 402
person 0.0010 97 47 239 211
sofa 0.0833 103 37 336 366
sofa 0.0718 266 10 498 350
sofa 0.0658 -7 41 351 247
sofa 0.0417 62 50 183 222
sofa 0.0114 121 127 507 371
