bottle 0.8321 439 122 457 157
bottle 0.2305 464 124 486 156
bottle 0.0775 419 127 438 155
bottle 0.0760 413 127 431 155
bottle 0.0527 487 118 498 157
bottle 0.0521 456 124 474 156
bottle 0.0320 445 122 464 157
bottle 0.0103 468 99 495 154
bottle 0.0100 395 118 418 173
bottle 0.0097 476 120 494 155
bottle 0.0063 383 99 411 159
bottle 0.0038 301 172 362 216
bottle 0.0033 393 115 445 162
bottle 0.0031 293 124 399 273
bottle 0.0029 485 91 499 158
bottle 0.0026 310 177 379 227
bottle 0.0019 464 114 493 179
bottle 0.0017 424 121 440 144
bottle 0.0015 461 113 485 148
bottle 0.0015 307 169 357 199
bottle 0.0012 370 164 411 204
bottle 0.0011 229 226 283 316
chair 0.0836 290 164 499 374
chair 0.0040 413 222 500 376
chair 0.0034 285 107 448 307
chair 0.0028 160 176 457 375
chair 0.0026 230 187 357 375
chair 0.0013 308 259 498 374
person 0.7706 127 137 311 375
person 0.7279 0 34 157 376
person 0.6501 291 104 500 377
person 0.0716 -6 37 312 377
person 0.0299 483 48 500 159
person 0.0228 21 34 165 225
person 0.0112 103 129 468 375
person 0.0105 484 46 499 101
person 0.0075 471 49 500 138
person 0.0072 432 79 499 334
person 0.0068 0 216 42 373
person 0.0041 362 85 495 314
person 0.0035 290 111 443 297
person 0.0028 414 159 500 375
person 0.0027 491 49 499 130
person 0.0027 182 168 388 373
person 0.0027 447 49 501 158
person 0.0022 226 217 318 365
person 0.0022 463 95 499 271
person 0.0020 -1 49 81 377
person 0.0019 479 76 500 338
person 0.0019 84 138 236 371
person 0.0018 230 225 288 343
person 0.0017 492 74 499 156
person 0.0016 334 93 411 165
person 0.0015 276 57 427 180
person 0.0014 0 181 18 381
person 0.0014 463 80 496 161
person 0.0011 403 76 518 215
person 0.0010 420 177 498 287
pottedplant 0.0138 379 100 411 153
pottedplant 0.0060 355 98 415 157
pottedplant 0.0042 315 70 470 220
pottedplant 0.0014 284 67 432 175
sofa 0.0777 268 107 492 375
