bird 0.0010 171 238 191 248
boat 0.0053 102 2 169 19
car 0.0054 455 0 495 20
car 0.0036 489 3 499 28
car 0.0024 381 0 410 10
car 0.0014 353 0 387 11
dog 0.8861 202 106 309 237
dog 0.0468 483 164 499 245
dog 0.0271 199 121 251 173
dog 0.0175 484 113 499 225
dog 0.0103 488 149 500 222
dog 0.0102 201 120 254 232
dog 0.0054 221 163 357 237
dog 0.0049 266 183 358 233
dog 0.0028 493 133 499 213
dog 0.0024 487 176 499 302
dog 0.0024 249 107 316 230
dog 0.0020 198 103 291 186
dog 0.0010 474 58 499 228
sheep 0.0101 483 178 499 241
sheep 0.0033 486 154 500 224
