aeroplane 0.0025 429 27 499 55
bicycle 0.0021 2 217 113 301
bicycle 0.0012 377 177 475 229
bottle 0.0016 63 241 115 303
car 0.3881 100 230 496 373
car 0.0455 307 196 499 363
car 0.0115 0 148 15 264
car 0.0034 0 169 13 235
motorbike 0.6332 119 161 343 291
motorbike 0.3884 112 137 312 233
motorbike 0.3595 291 176 433 261
motorbike 0.3516 342 176 433 236
motorbike 0.1358 94 194 497 379
motorbike 0.1038 210 166 422 280
motorbike 0.0157 145 138 426 247
motorbike 0.0152 0 197 62 294
motorbike 0.0122 0 167 25 292
motorbike 0.0105 383 179 432 227
motorbike 0.0096 291 174 491 314
motorbike 0.0049 1 216 108 299
motorbike 0.0033 199 142 356 265
motorbike 0.0032 126 132 279 187
motorbike 0.0026 216 132 295 181
motorbike 0.0023 113 137 234 205
motorbike 0.0022 147 141 235 173
motorbike 0.0021 302 185 387 278
motorbike 0.0021 298 137 435 240
motorbike 0.0019 277 179 360 278
motorbike 0.0019 172 136 308 201
motorbike 0.0016 270 179 344 238
motorbike 0.0010 109 155 235 280
person 0.8322 53 92 114 254
person 0.2673 88 95 123 246
person 0.0493 0 127 10 236
person 0.0357 0 129 14 288
person 0.0143 0 165 25 293
person 0.0098 92 93 122 176
person 0.0080 170 145 192 164
person 0.0022 0 130 4 217
person 0.0017 0 174 12 257
person 0.0017 -2 119 51 305
person 0.0017 18 97 124 283
person 0.0015 0 107 27 262
person 0.0015 167 141 211 170
person 0.0012 167 111 197 154
person 0.0012 48 145 117 297
person 0.0011 203 126 219 162
person 0.0011 0 79 17 236
