cow 0.5666 62 223 180 280
cow 0.4376 250 210 338 262
cow 0.2169 230 216 290 263
cow 0.1292 45 240 114 282
cow 0.0738 420 185 437 215
cow 0.0556 384 199 411 229
cow 0.0155 34 222 129 273
cow 0.0134 54 251 102 284
cow 0.0112 33 234 83 279
cow 0.0099 388 190 428 228
cow 0.0087 78 249 152 280
cow 0.0066 348 197 386 235
cow 0.0049 409 187 443 218
cow 0.0047 366 201 405 230
cow 0.0041 34 202 50 215
cow 0.0019 292 211 344 256
cow 0.0014 405 192 428 223
cow 0.0013 99 239 181 279
cow 0.0010 156 178 177 190
horse 0.0014 337 191 377 235
person 0.8078 194 195 236 269
person 0.7053 336 175 365 236
person 0.0588 438 180 451 212
person 0.0424 422 183 437 215
person 0.0077 390 183 413 229
person 0.0031 393 181 411 214
person 0.0017 181 195 269 269
person 0.0017 337 173 365 207
