car 0.0227 184 258 210 282
person 0.9326 363 202 420 338
person 0.9151 471 233 500 297
person 0.8987 159 243 189 306
person 0.8703 206 199 276 372
person 0.7294 19 257 33 291
person 0.6728 40 258 55 291
person 0.4732 441 255 458 289
person 0.3105 428 251 443 287
person 0.1270 12 256 23 289
person 0.0388 407 254 419 288
person 0.0191 432 251 450 284
person 0.0144 403 255 415 291
person 0.0129 14 254 30 287
person 0.0103 432 255 464 288
person 0.0089 363 210 391 329
person 0.0053 169 250 208 300
person 0.0047 7 256 52 291
person 0.0040 7 258 19 292
person 0.0039 203 205 248 345
person 0.0027 194 217 240 313
person 0.0020 379 203 418 289
person 0.0020 410 255 423 286
person 0.0017 204 250 226 323
person 0.0015 211 202 268 297
person 0.0014 447 256 463 279
pottedplant 0.0807 317 216 334 283
pottedplant 0.0263 186 259 212 283
pottedplant 0.0055 112 214 144 285
pottedplant 0.0048 264 233 279 280
pottedplant 0.0031 186 255 217 299
pottedplant 0.0014 315 212 346 285
pottedplant 0.0013 266 250 278 282
pottedplant 0.0011 303 210 333 286
