bottle 0.0113 295 156 344 202
chair 0.6010 422 184 484 267
chair 0.1699 373 227 465 311
chair 0.0351 335 170 393 230
chair 0.0259 395 192 500 307
chair 0.0147 452 193 499 300
chair 0.0083 422 182 455 259
chair 0.0078 477 217 500 312
chair 0.0057 374 168 396 231
chair 0.0037 477 169 499 284
chair 0.0018 283 130 408 270
chair 0.0018 474 212 498 272
chair 0.0017 305 163 395 256
chair 0.0016 325 187 394 312
chair 0.0016 1 233 141 314
chair 0.0014 2 149 140 312
chair 0.0012 386 172 469 264
chair 0.0012 1 156 65 313
chair 0.0011 303 161 379 209
chair 0.0011 408 256 498 313
chair 0.0010 467 133 499 267
diningtable 0.1629 374 227 475 311
diningtable 0.0247 411 216 498 311
diningtable 0.0090 458 219 500 311
diningtable 0.0017 437 258 499 312
diningtable 0.0010 1 239 146 313
person 0.9524 134 76 394 310
person 0.7827 146 118 220 220
person 0.7764 3 102 148 306
person 0.6521 7 126 50 181
person 0.0436 143 114 223 311
person 0.0298 180 144 228 207
person 0.0280 18 127 54 165
person 0.0231 127 98 271 274
person 0.0130 47 108 152 243
person 0.0096 1 124 63 310
person 0.0070 291 156 340 202
person 0.0065 97 150 152 222
person 0.0045 80 140 155 306
person 0.0039 154 117 201 164
person 0.0031 4 108 103 200
person 0.0031 9 129 63 207
person 0.0023 190 137 223 183
person 0.0018 95 133 194 297
person 0.0017 91 141 172 241
person 0.0017 42 116 220 266
person 0.0016 2 123 46 246
person 0.0015 171 138 256 233
person 0.0014 26 125 50 152
person 0.0012 173 123 217 185
pottedplant 0.0024 375 168 395 228
