boat 0.0040 0 0 81 40
car 0.9160 58 53 448 289
car 0.8457 432 96 499 150
car 0.6845 324 68 433 120
car 0.0985 324 74 383 111
car 0.0494 321 78 445 147
car 0.0238 66 34 168 72
car 0.0083 17 26 165 82
car 0.0078 330 89 500 169
car 0.0068 437 90 499 122
car 0.0053 455 87 499 111
car 0.0052 341 64 434 100
car 0.0049 491 83 500 106
car 0.0044 486 83 499 110
car 0.0041 344 94 435 132
car 0.0038 343 64 487 136
car 0.0037 -4 1 166 70
car 0.0035 365 74 434 128
car 0.0026 -1 0 86 46
car 0.0025 485 111 500 149
car 0.0022 177 52 206 65
car 0.0019 73 37 224 79
car 0.0015 237 35 450 130
car 0.0014 193 6 472 112
car 0.0014 317 78 398 125
car 0.0013 468 81 499 105
car 0.0011 338 99 423 154
car 0.0010 -7 44 106 101
car 0.0010 478 99 498 150
car 0.0010 316 88 445 200
person 0.3610 44 59 59 98
person 0.2130 22 56 47 100
person 0.0658 1 60 20 90
person 0.0385 44 38 62 94
person 0.0158 0 63 10 90
person 0.0136 11 62 26 90
person 0.0125 6 60 39 93
person 0.0119 21 54 39 88
person 0.0099 13 41 69 99
person 0.0069 47 39 61 63
person 0.0063 50 52 72 94
person 0.0062 168 79 201 115
person 0.0056 28 42 51 91
person 0.0054 23 70 39 99
person 0.0046 54 38 76 90
person 0.0043 491 95 499 121
person 0.0032 62 54 86 93
person 0.0027 43 39 55 62
person 0.0027 328 62 350 88
person 0.0023 420 2 438 22
person 0.0020 12 29 144 92
person 0.0020 27 29 65 80
person 0.0020 488 91 499 132
person 0.0018 15 66 30 93
person 0.0015 41 44 57 82
person 0.0014 331 63 346 78
person 0.0013 48 44 65 82
person 0.0010 25 47 40 74
person 0.0010 324 67 353 105
