bicycle 0.0038 479 288 499 376
bicycle 0.0013 480 330 499 374
bus 0.0034 31 183 74 217
bus 0.0020 0 197 31 216
bus 0.0013 4 204 22 216
bus 0.0011 0 172 37 209
car 0.8620 465 200 500 229
car 0.8422 151 200 210 226
car 0.8358 340 198 433 233
car 0.7708 270 205 345 228
car 0.7531 95 205 146 226
car 0.7356 34 207 80 226
car 0.5100 200 208 247 228
car 0.4626 432 201 474 228
car 0.4391 70 203 109 224
car 0.3685 247 205 297 226
car 0.2247 410 199 453 229
car 0.0638 176 204 234 226
car 0.0625 119 206 153 225
car 0.0571 79 202 130 223
car 0.0357 336 202 386 229
car 0.0286 219 210 252 226
car 0.0219 378 200 447 231
car 0.0175 320 206 363 227
car 0.0161 35 202 107 225
car 0.0147 245 207 277 224
car 0.0110 31 202 65 223
car 0.0092 135 203 180 226
car 0.0070 256 198 311 215
car 0.0058 304 207 345 229
car 0.0058 121 199 170 225
car 0.0043 120 198 156 213
car 0.0040 51 210 85 226
car 0.0039 329 203 377 220
car 0.0034 482 201 501 227
car 0.0033 441 196 502 236
car 0.0031 142 206 160 226
car 0.0030 65 203 92 222
car 0.0027 57 206 99 227
car 0.0022 97 204 125 223
car 0.0021 266 202 313 225
car 0.0018 134 200 156 222
car 0.0017 165 185 240 203
car 0.0015 125 211 156 228
car 0.0014 158 194 234 220
car 0.0014 4 205 21 216
car 0.0014 419 209 469 230
car 0.0014 320 204 360 218
car 0.0013 65 199 104 217
car 0.0012 412 189 469 227
car 0.0011 436 194 496 220
car 0.0011 111 204 141 223
car 0.0011 295 204 357 225
car 0.0011 196 207 224 225
person 0.0013 141 201 160 224
