bottle 0.1947 342 52 363 92
bottle 0.0016 331 337 351 375
chair 0.6256 236 277 350 372
chair 0.2743 350 219 501 378
chair 0.0046 0 182 49 377
chair 0.0039 274 129 310 252
chair 0.0023 364 300 499 374
chair 0.0018 196 124 312 259
person 0.0047 379 24 417 71
pottedplant 0.6189 428 21 463 94
pottedplant 0.0470 373 44 413 94
pottedplant 0.0175 340 53 362 91
pottedplant 0.0139 373 23 429 91
pottedplant 0.0044 397 25 460 92
pottedplant 0.0027 146 195 194 292
pottedplant 0.0014 422 17 467 163
pottedplant 0.0013 296 110 309 129
sofa 0.8546 40 226 205 374
sofa 0.7498 345 217 500 376
