bottle 0.0010 310 88 404 127
car 0.0072 481 8 500 104
cat 0.0595 84 94 248 195
cat 0.0013 348 91 433 134
chair 0.0066 186 34 302 118
chair 0.0053 229 156 499 375
chair 0.0040 468 44 500 151
chair 0.0026 441 219 500 374
chair 0.0020 408 170 499 373
chair 0.0012 464 46 500 235
chair 0.0012 466 165 500 372
dog 0.5022 235 144 437 273
dog 0.3668 64 93 256 195
dog 0.1680 253 117 497 231
dog 0.0765 28 94 455 204
dog 0.0466 233 126 496 370
dog 0.0228 66 83 520 318
dog 0.0105 51 91 171 155
dog 0.0099 47 112 107 154
dog 0.0060 307 95 463 166
dog 0.0056 61 92 159 129
dog 0.0054 272 176 406 274
dog 0.0048 306 114 471 201
dog 0.0026 99 99 163 124
dog 0.0022 327 91 441 137
dog 0.0016 1 47 263 329
dog 0.0015 84 109 348 223
dog 0.0014 359 98 499 219
dog 0.0012 33 65 109 214
dog 0.0010 2 56 173 229
person 0.0177 -1 -1 82 163
person 0.0015 308 103 502 345
person 0.0011 -1 -1 160 143
sofa 0.0495 1 55 511 384
sofa 0.0373 0 2 81 156
tvmonitor 0.2181 304 2 398 50
tvmonitor 0.1621 299 2 411 95
tvmonitor 0.0077 484 4 499 61
tvmonitor 0.0057 292 1 482 118
tvmonitor 0.0048 310 9 347 42
tvmonitor 0.0047 477 34 499 121
tvmonitor 0.0040 231 1 312 52
tvmonitor 0.0040 470 15 500 145
tvmonitor 0.0038 384 0 416 47
tvmonitor 0.0029 304 43 401 91
tvmonitor 0.0024 312 0 439 61
tvmonitor 0.0018 183 27 302 110
tvmonitor 0.0018 145 0 320 57
tvmonitor 0.0014 386 -1 485 52
tvmonitor 0.0014 381 0 498 109
tvmonitor 0.0014 485 125 499 237
tvmonitor 0.0013 479 70 499 105
