bicycle 0.4598 131 262 497 374
bicycle 0.1026 95 237 347 374
bicycle 0.0069 251 292 495 372
bicycle 0.0064 212 267 398 372
bicycle 0.0014 136 159 437 387
bicycle 0.0013 188 329 492 376
bottle 0.0020 146 238 174 267
horse 0.0056 402 90 499 378
person 0.6181 157 105 380 375
person 0.4185 285 100 499 376
person 0.0190 344 131 370 184
person 0.0123 140 109 275 359
person 0.0110 247 119 408 381
person 0.0084 388 110 500 376
person 0.0033 363 95 500 258
person 0.0020 195 102 371 275
person 0.0011 199 112 253 188
person 0.0010 335 126 373 224
person 0.0010 413 24 500 287
