aeroplane 0.4607 36 62 478 238
aeroplane 0.0181 219 188 301 234
aeroplane 0.0089 148 170 368 241
aeroplane 0.0049 58 140 436 239
aeroplane 0.0013 61 131 229 211
aeroplane 0.0010 136 30 421 199
boat 0.0067 11 121 493 390
bus 0.0023 371 335 498 375
car 0.0041 319 1 383 63
person 0.4710 453 312 498 376
person 0.0661 390 310 499 376
person 0.0342 295 334 353 376
person 0.0304 440 321 498 402
person 0.0225 436 237 500 377
person 0.0162 374 315 499 434
person 0.0103 286 343 358 437
person 0.0091 430 348 499 435
person 0.0048 409 338 500 384
person 0.0039 303 352 349 376
person 0.0028 476 242 499 375
person 0.0023 461 179 500 386
person 0.0022 290 318 495 376
person 0.0014 428 394 500 437
person 0.0013 386 370 499 438
person 0.0012 306 359 348 437
person 0.0011 490 314 499 378
person 0.0011 310 359 344 377
person 0.0010 456 369 500 438
person 0.0010 295 329 410 370
person 0.0010 394 181 502 380
train 0.0379 1 212 498 373
tvmonitor 0.0031 355 297 501 374
tvmonitor 0.0028 0 317 135 375
