boat 0.0039 82 70 236 306
boat 0.0014 108 88 204 250
boat 0.0013 14 100 165 287
car 0.0014 417 265 500 332
chair 0.0673 416 237 500 333
chair 0.0153 293 265 418 332
chair 0.0132 440 219 499 302
chair 0.0030 201 238 288 331
chair 0.0023 78 246 202 335
chair 0.0016 163 233 346 331
chair 0.0016 294 235 490 333
diningtable 0.0015 294 233 492 333
person 0.4359 111 154 149 257
person 0.2918 80 159 123 265
person 0.0766 102 151 175 325
person 0.0740 115 152 151 204
person 0.0483 75 155 136 320
person 0.0231 115 145 170 214
person 0.0223 84 160 121 212
person 0.0089 116 147 215 331
person 0.0080 74 136 194 276
person 0.0065 88 160 119 189
person 0.0057 89 157 139 198
person 0.0052 95 164 149 297
person 0.0029 49 157 134 266
person 0.0025 120 145 156 188
person 0.0024 117 109 195 227
person 0.0020 89 92 259 321
person 0.0013 65 166 115 297
person 0.0012 108 151 196 249
person 0.0011 95 150 148 187
train 0.3794 102 -4 516 331
