bottle 0.0026 72 51 96 88
car 0.0025 447 2 499 44
chair 0.3708 279 5 329 76
chair 0.2784 1 60 201 240
chair 0.1894 219 5 275 79
chair 0.0597 0 68 87 238
chair 0.0469 86 58 202 174
chair 0.0448 460 198 500 338
chair 0.0287 328 1 421 91
chair 0.0213 0 64 59 135
chair 0.0174 0 24 64 70
chair 0.0154 84 14 222 127
chair 0.0117 0 70 68 376
chair 0.0114 163 6 228 89
chair 0.0105 0 72 137 372
chair 0.0100 328 2 374 83
chair 0.0097 426 2 498 111
chair 0.0095 81 17 181 68
chair 0.0071 356 139 498 322
chair 0.0056 1 60 86 159
chair 0.0049 0 64 39 245
chair 0.0031 235 3 335 79
chair 0.0029 237 138 489 327
chair 0.0029 464 95 500 325
chair 0.0025 125 15 257 172
chair 0.0022 71 3 115 58
chair 0.0022 0 25 17 68
chair 0.0021 7 170 201 370
chair 0.0021 476 206 500 376
chair 0.0021 3 14 97 71
chair 0.0020 0 52 18 240
chair 0.0018 1 5 46 54
chair 0.0018 189 2 249 61
chair 0.0015 -1 30 62 111
chair 0.0015 3 60 182 158
chair 0.0015 0 134 64 244
chair 0.0014 357 14 498 224
chair 0.0014 21 116 164 238
chair 0.0012 -1 31 30 71
chair 0.0012 283 1 372 80
chair 0.0011 410 4 498 184
chair 0.0011 433 28 499 334
chair 0.0011 7 72 319 368
person 0.0015 149 23 248 171
pottedplant 0.0264 163 2 223 90
pottedplant 0.0105 332 0 381 37
pottedplant 0.0044 107 3 230 94
sofa 0.6836 191 67 500 314
sofa 0.1415 88 11 220 79
sofa 0.1394 1 59 203 200
sofa 0.0501 12 52 507 374
sofa 0.0150 92 21 185 69
sofa 0.0146 86 14 221 145
sofa 0.0039 80 57 224 224
sofa 0.0033 119 71 208 180
sofa 0.0028 -1 45 304 292
tvmonitor 0.0014 2 -1 52 23
