bottle 0.0129 242 257 271 306
bottle 0.0064 210 252 275 316
bottle 0.0048 225 257 260 300
bottle 0.0022 232 255 249 298
bottle 0.0013 251 264 271 298
bottle 0.0010 213 247 253 303
bottle 0.0010 246 254 267 292
chair 0.0143 362 105 449 332
chair 0.0017 421 195 458 329
chair 0.0016 428 281 458 332
chair 0.0015 0 89 72 336
chair 0.0011 348 205 441 332
diningtable 0.0156 208 260 310 332
diningtable 0.0028 205 287 346 333
diningtable 0.0026 200 273 422 333
diningtable 0.0017 209 290 283 333
person 0.8163 0 52 74 329
person 0.7922 70 8 243 335
person 0.7681 295 61 404 334
person 0.6184 208 165 302 291
person 0.6114 247 73 304 203
person 0.3143 372 91 456 327
person 0.0963 375 94 455 189
person 0.0535 241 74 312 291
person 0.0373 0 51 25 324
person 0.0356 193 157 223 188
person 0.0214 253 66 351 315
person 0.0197 270 70 329 196
person 0.0070 102 45 297 294
person 0.0060 190 65 305 297
person 0.0058 382 97 447 146
person 0.0048 436 99 459 185
person 0.0033 365 89 394 150
person 0.0033 172 98 230 242
person 0.0031 278 75 317 141
person 0.0030 253 75 298 141
person 0.0024 284 66 345 145
person 0.0020 393 95 435 132
person 0.0018 280 65 349 231
person 0.0017 0 58 66 195
person 0.0017 220 12 260 126
person 0.0015 146 126 297 321
person 0.0014 193 147 296 232
person 0.0014 194 157 237 201
pottedplant 0.0053 217 -1 271 118
