bottle 0.2161 245 142 258 174
bottle 0.0075 237 142 262 186
bottle 0.0070 247 152 261 174
bottle 0.0025 238 139 257 168
bottle 0.0013 247 141 272 175
bottle 0.0011 251 151 276 183
bottle 0.0011 246 155 267 183
chair 0.6850 133 143 174 210
chair 0.6036 168 147 212 264
chair 0.5407 198 169 255 285
chair 0.1431 0 184 47 368
chair 0.0953 162 142 189 213
chair 0.0690 173 140 204 222
chair 0.0668 237 197 346 364
chair 0.0579 109 140 146 218
chair 0.0312 173 147 242 249
chair 0.0204 455 108 499 216
chair 0.0190 179 139 202 196
chair 0.0137 0 148 37 267
chair 0.0089 122 145 161 217
chair 0.0076 0 196 25 372
chair 0.0068 92 136 133 222
chair 0.0067 445 93 499 378
chair 0.0064 0 148 77 345
chair 0.0063 184 150 255 204
chair 0.0059 177 137 223 205
chair 0.0038 135 144 171 183
chair 0.0037 111 172 141 222
chair 0.0025 99 136 134 186
chair 0.0024 218 163 279 278
chair 0.0022 247 185 334 306
chair 0.0022 152 135 186 196
chair 0.0022 72 135 119 226
chair 0.0021 0 127 22 314
chair 0.0021 182 140 198 177
chair 0.0020 334 155 364 197
chair 0.0018 0 223 14 377
chair 0.0016 0 219 108 373
chair 0.0016 124 134 221 237
chair 0.0015 93 137 121 176
chair 0.0015 5 133 151 356
chair 0.0014 244 154 284 202
chair 0.0013 240 158 286 259
chair 0.0010 0 173 17 256
diningtable 0.5478 187 159 260 286
diningtable 0.0584 182 153 285 214
diningtable 0.0055 190 156 309 260
diningtable 0.0048 200 143 275 198
diningtable 0.0043 180 161 252 230
diningtable 0.0029 230 158 275 202
diningtable 0.0017 0 142 144 362
diningtable 0.0017 199 188 300 288
diningtable 0.0015 245 144 286 200
diningtable 0.0013 -3 266 386 372
diningtable 0.0013 10 170 351 376
diningtable 0.0011 74 169 314 307
person 0.0032 444 104 500 360
person 0.0021 455 53 500 218
pottedplant 0.0033 4 -2 129 167
pottedplant 0.0011 181 15 221 49
pottedplant 0.0010 328 154 369 199
tvmonitor 0.0022 455 78 500 217
tvmonitor 0.0016 27 136 56 164
tvmonitor 0.0010 445 187 500 379
