bottle 0.0023 82 40 97 68
chair 0.0303 394 213 488 291
chair 0.0030 302 197 389 325
person 0.3432 93 58 120 103
person 0.1625 83 127 112 145
person 0.0845 112 73 147 104
person 0.0345 99 59 152 111
person 0.0342 118 78 139 103
person 0.0190 36 3 271 205
person 0.0152 121 52 162 103
person 0.0112 204 33 282 94
person 0.0105 150 19 212 124
person 0.0101 110 66 170 119
person 0.0090 156 19 200 78
person 0.0086 142 48 194 125
person 0.0071 82 54 109 88
person 0.0068 93 81 136 103
person 0.0051 88 100 130 151
person 0.0051 96 55 127 88
person 0.0049 127 48 147 77
person 0.0047 100 43 204 130
person 0.0043 83 119 114 154
person 0.0043 162 21 275 102
person 0.0038 232 38 277 91
person 0.0038 81 41 100 73
person 0.0036 105 14 308 175
person 0.0034 85 62 113 99
person 0.0033 123 50 155 86
person 0.0027 247 38 294 92
person 0.0025 165 20 234 78
person 0.0023 94 78 117 104
person 0.0017 98 56 117 80
person 0.0016 121 60 184 136
person 0.0015 134 51 169 84
person 0.0015 114 52 144 99
person 0.0015 85 59 122 128
person 0.0013 76 40 230 161
person 0.0013 89 75 151 136
person 0.0013 192 49 252 98
person 0.0011 81 123 143 147
tvmonitor 0.7914 44 6 317 218
tvmonitor 0.0573 403 169 481 219
tvmonitor 0.0069 142 13 314 165
tvmonitor 0.0063 320 107 352 167
tvmonitor 0.0045 169 30 293 110
tvmonitor 0.0037 91 53 190 139
