bicycle 0.0046 231 146 329 228
bicycle 0.0027 309 152 346 260
bicycle 0.0021 32 89 101 244
bicycle 0.0018 83 148 119 250
bicycle 0.0014 370 166 423 240
bottle 0.0012 63 115 77 163
car 0.1846 413 137 499 371
car 0.0182 415 143 499 250
chair 0.0632 85 166 120 253
chair 0.0600 89 140 151 275
chair 0.0354 409 146 500 377
chair 0.0328 0 144 35 232
chair 0.0069 33 90 100 248
chair 0.0034 61 97 198 340
chair 0.0021 405 175 424 230
chair 0.0010 0 87 42 245
motorbike 0.8944 120 152 412 375
motorbike 0.0175 234 148 338 249
motorbike 0.0063 186 149 385 300
motorbike 0.0035 113 133 328 321
motorbike 0.0026 101 135 217 344
person 0.7423 88 82 196 325
person 0.0021 88 81 192 206
pottedplant 0.0364 412 137 502 372
pottedplant 0.0020 479 133 500 378
pottedplant 0.0017 454 138 498 371
sofa 0.2291 409 137 500 374
