boat 0.0020 15 163 413 370
chair 0.0026 391 184 498 376
chair 0.0015 0 95 72 372
person 0.9269 3 78 157 372
person 0.9088 384 59 498 373
person 0.8469 263 63 403 371
person 0.8009 149 80 278 368
person 0.0156 206 74 329 371
person 0.0102 36 84 300 366
person 0.0037 0 82 76 375
person 0.0031 309 65 450 380
person 0.0030 116 86 228 373
person 0.0028 57 67 196 380
person 0.0022 458 90 501 360
pottedplant 0.0052 0 142 17 372
pottedplant 0.0029 0 103 31 362
pottedplant 0.0024 0 73 69 344
pottedplant 0.0016 0 175 11 339
sofa 0.0372 272 66 502 372
sofa 0.0318 137 76 424 369
sofa 0.0043 9 96 194 366
