bus 0.8797 26 128 266 240
bus 0.0087 218 155 263 212
bus 0.0042 260 174 331 216
bus 0.0035 171 139 261 233
car 0.7648 306 184 353 214
car 0.0367 478 215 499 257
car 0.0074 262 181 353 215
car 0.0018 246 201 268 241
car 0.0016 239 189 266 252
car 0.0012 315 177 395 225
car 0.0010 467 193 496 256
car 0.0010 450 207 493 256
person 0.9068 120 194 148 286
person 0.8311 79 185 102 266
person 0.8258 164 186 188 289
person 0.8211 387 198 434 283
person 0.7419 226 191 252 264
person 0.7155 443 182 464 251
person 0.6906 364 178 382 240
person 0.6383 477 187 498 258
person 0.4380 415 170 438 232
person 0.3480 381 185 404 250
person 0.1937 383 193 414 279
person 0.1249 448 182 480 252
person 0.0866 477 188 497 224
person 0.0858 371 179 398 249
person 0.0597 153 186 176 288
person 0.0585 402 166 440 246
person 0.0401 236 201 261 263
person 0.0290 431 179 447 237
person 0.0281 150 188 170 262
person 0.0260 64 191 77 219
person 0.0113 55 189 65 217
person 0.0109 438 180 458 240
person 0.0108 484 187 500 242
person 0.0106 222 191 241 256
person 0.0087 479 219 500 262
person 0.0082 397 229 437 282
person 0.0082 381 184 399 222
person 0.0075 168 177 191 240
person 0.0073 421 175 443 244
person 0.0070 244 206 267 260
person 0.0062 58 188 74 218
person 0.0053 386 190 413 240
person 0.0042 421 167 439 215
person 0.0038 151 172 207 245
person 0.0038 64 187 84 258
person 0.0037 180 186 202 239
person 0.0033 70 186 92 257
person 0.0032 472 189 490 236
person 0.0032 115 194 133 282
person 0.0029 102 191 123 273
person 0.0026 141 189 160 234
person 0.0026 346 179 385 240
person 0.0025 478 199 497 237
person 0.0024 174 188 194 259
person 0.0023 412 167 436 205
person 0.0020 150 178 168 233
person 0.0020 392 186 411 227
person 0.0015 398 194 414 222
person 0.0015 172 178 216 239
person 0.0015 395 131 434 205
person 0.0015 66 185 86 224
person 0.0014 187 158 205 193
person 0.0014 216 164 231 187
person 0.0014 386 226 423 281
person 0.0014 198 161 228 189
person 0.0014 236 184 274 240
person 0.0012 421 167 435 191
person 0.0012 389 176 426 231
person 0.0011 0 188 3 265
person 0.0011 54 183 99 224
person 0.0011 187 154 256 204
person 0.0011 109 169 211 237
person 0.0010 165 187 183 243
person 0.0010 410 171 428 219
person 0.0010 395 182 419 221
person 0.0010 382 198 399 237
person 0.0010 402 187 430 239
