bus 0.0239 323 149 499 220
bus 0.0015 326 157 439 212
car 0.8702 191 174 293 233
car 0.8285 4 194 74 260
car 0.7934 336 189 436 234
car 0.7394 452 188 500 237
car 0.0835 434 361 480 375
car 0.0368 364 186 494 234
car 0.0132 332 165 499 230
car 0.0090 0 194 10 265
car 0.0085 386 189 435 231
car 0.0046 432 202 492 237
car 0.0045 3 193 70 230
car 0.0034 332 192 390 228
car 0.0022 260 192 294 233
car 0.0019 327 189 367 217
car 0.0015 445 358 493 377
car 0.0015 0 197 15 312
car 0.0013 0 186 31 223
car 0.0012 491 188 499 234
car 0.0010 0 187 27 287
car 0.0010 0 183 21 212
car 0.0010 330 185 374 206
person 0.0042 0 190 10 256
person 0.0028 0 184 11 226
person 0.0026 0 191 6 227
person 0.0023 0 191 6 266
person 0.0020 79 180 89 205
person 0.0010 0 181 7 214
