bicycle 0.0637 275 68 499 267
bicycle 0.0466 375 77 500 237
bicycle 0.0239 163 47 504 380
bicycle 0.0100 24 278 492 374
bicycle 0.0019 411 140 499 244
bicycle 0.0016 442 102 500 234
bicycle 0.0013 164 212 501 375
bottle 0.0075 292 142 342 197
bottle 0.0059 250 105 428 248
bottle 0.0041 288 130 363 206
bottle 0.0039 190 30 486 330
bottle 0.0019 311 140 343 179
bottle 0.0017 260 288 357 371
bottle 0.0012 132 283 453 371
bottle 0.0011 268 127 353 239
bottle 0.0011 369 -1 499 93
bottle 0.0011 287 150 396 262
bottle 0.0010 240 79 396 317
car 0.0089 285 24 325 73
car 0.0028 429 100 501 230
car 0.0020 488 97 500 234
car 0.0019 222 72 285 134
car 0.0014 461 90 499 228
chair 0.0982 221 76 293 196
chair 0.0589 366 2 500 187
chair 0.0092 167 47 326 239
chair 0.0083 208 6 307 148
chair 0.0061 410 4 498 139
chair 0.0051 223 67 308 150
chair 0.0044 257 4 496 240
chair 0.0035 0 72 25 364
chair 0.0028 429 101 500 229
chair 0.0026 208 94 310 245
chair 0.0025 0 7 61 236
chair 0.0024 0 70 46 376
chair 0.0022 231 155 500 373
chair 0.0017 265 2 419 186
chair 0.0016 360 1 501 91
chair 0.0014 220 69 279 123
chair 0.0014 287 2 496 124
chair 0.0011 25 -8 411 317
motorbike 0.0101 140 114 499 374
person 0.7177 7 24 276 368
person 0.0757 15 60 500 373
person 0.0445 352 1 499 153
person 0.0299 284 -1 499 243
person 0.0248 0 -1 57 369
person 0.0105 0 1 67 159
person 0.0051 194 1 240 102
person 0.0044 0 44 22 350
person 0.0040 -3 18 121 373
person 0.0036 384 14 500 241
person 0.0029 0 -3 33 297
person 0.0026 0 1 53 99
person 0.0017 250 87 411 334
person 0.0013 -1 -2 114 191
person 0.0012 258 6 424 186
pottedplant 0.0578 159 73 503 372
tvmonitor 0.0012 268 218 501 375
