bottle 0.0051 210 7 274 97
bottle 0.0032 171 65 196 104
chair 0.0020 417 120 500 333
chair 0.0013 1 160 269 331
diningtable 0.0836 -13 79 523 332
person 0.9250 0 87 272 334
person 0.8757 273 65 501 333
person 0.1311 0 28 87 325
person 0.0115 0 19 164 276
person 0.0070 47 18 125 93
person 0.0054 0 59 45 334
person 0.0052 0 71 16 351
person 0.0039 128 34 206 105
person 0.0034 126 52 176 98
person 0.0032 409 67 499 334
person 0.0027 246 71 396 327
person 0.0027 37 59 526 334
person 0.0020 20 17 135 203
person 0.0010 47 19 171 124
person 0.0010 88 21 187 93
sofa 0.0012 -20 50 505 329
