bottle 0.0479 341 148 350 239
bottle 0.0207 344 148 349 205
bottle 0.0039 340 177 350 218
bottle 0.0018 333 169 350 255
chair 0.0131 247 197 351 260
chair 0.0127 155 188 350 260
chair 0.0106 245 121 348 260
chair 0.0039 280 68 351 252
chair 0.0029 343 114 350 213
chair 0.0020 -1 -10 80 262
chair 0.0015 290 140 349 262
chair 0.0013 341 70 350 237
chair 0.0011 335 119 350 219
person 0.0171 282 -3 349 242
pottedplant 0.2399 229 1 270 107
pottedplant 0.0076 239 0 279 77
pottedplant 0.0020 209 1 263 130
pottedplant 0.0018 218 0 276 49
pottedplant 0.0011 245 2 272 60
pottedplant 0.0010 213 0 229 23
tvmonitor 0.8479 55 3 224 143
tvmonitor 0.0392 209 122 347 258
tvmonitor 0.0084 277 117 349 236
tvmonitor 0.0062 151 159 330 261
tvmonitor 0.0051 157 184 251 260
tvmonitor 0.0010 189 179 237 233
