bottle 0.0035 410 52 417 66
cat 0.0069 72 258 99 295
chair 0.1546 0 74 113 268
chair 0.0181 0 72 87 155
chair 0.0158 272 34 387 76
chair 0.0157 58 137 327 328
chair 0.0054 386 129 499 378
chair 0.0034 0 72 158 193
chair 0.0016 342 51 385 84
chair 0.0014 178 38 228 78
chair 0.0012 283 141 500 372
pottedplant 0.1401 0 132 112 270
pottedplant 0.0305 92 84 148 182
pottedplant 0.0089 102 86 129 134
pottedplant 0.0067 7 76 152 191
pottedplant 0.0045 0 -2 77 152
pottedplant 0.0045 0 70 74 148
pottedplant 0.0037 1 113 88 363
pottedplant 0.0021 96 83 145 139
pottedplant 0.0019 0 124 31 316
pottedplant 0.0016 0 8 42 132
pottedplant 0.0012 0 180 58 276
pottedplant 0.0011 28 79 144 151
pottedplant 0.0011 0 52 44 108
sofa 0.8154 133 67 421 227
sofa 0.1745 0 122 113 281
sofa 0.0824 55 88 429 347
sofa 0.0212 62 149 323 331
sofa 0.0065 384 141 499 374
sofa 0.0020 141 75 324 181
tvmonitor 0.0025 389 69 417 91
tvmonitor 0.0021 482 28 499 160
tvmonitor 0.0010 422 1 494 51
