bottle 0.0071 4 120 314 311
bottle 0.0018 185 290 227 330
bottle 0.0017 10 125 250 244
bottle 0.0015 105 137 208 226
dog 0.6475 175 204 451 302
dog 0.1280 26 172 493 332
dog 0.0159 233 204 467 267
dog 0.0045 326 210 457 274
dog 0.0036 338 191 446 245
dog 0.0012 104 194 378 325
person 0.3121 14 106 498 310
person 0.2406 0 133 214 326
person 0.0102 225 106 500 242
person 0.0045 104 148 406 307
person 0.0023 0 147 115 356
person 0.0017 120 111 411 223
person 0.0014 5 164 377 357
person 0.0013 0 127 27 359
person 0.0012 3 133 180 239
sofa 0.0030 16 184 487 380
