bird 0.0015 385 90 432 142
chair 0.0029 1 232 231 376
chair 0.0018 256 158 499 376
chair 0.0013 3 233 113 373
dog 0.0256 128 56 152 75
motorbike 0.1009 0 59 23 94
person 0.9376 235 174 394 375
person 0.9332 18 64 233 376
person 0.8868 286 31 324 108
person 0.7397 250 64 486 373
person 0.1226 121 61 234 361
person 0.1200 0 53 23 94
person 0.0537 0 17 19 95
person 0.0083 123 56 215 204
person 0.0058 0 11 6 93
person 0.0056 0 58 12 94
person 0.0034 382 87 446 147
person 0.0034 0 -15 11 91
person 0.0030 301 68 473 225
person 0.0029 0 55 18 154
person 0.0017 285 31 320 70
person 0.0010 374 73 494 374
