bottle 0.0052 40 93 60 131
bottle 0.0017 34 75 81 136
bottle 0.0012 11 75 91 147
chair 0.6425 48 105 159 258
chair 0.1006 0 106 119 299
chair 0.0461 94 107 161 239
chair 0.0065 371 211 398 276
chair 0.0061 140 141 407 298
chair 0.0051 0 194 138 298
chair 0.0032 0 101 74 244
chair 0.0030 114 168 165 297
chair 0.0019 69 203 169 298
diningtable 0.0043 0 222 107 298
diningtable 0.0013 -5 107 408 299
person 0.6137 38 39 150 262
person 0.0450 33 36 136 156
person 0.0253 117 212 167 297
pottedplant 0.8131 226 77 328 142
pottedplant 0.7893 331 3 394 138
pottedplant 0.0728 176 97 236 140
pottedplant 0.0170 224 79 278 140
pottedplant 0.0147 380 110 419 238
pottedplant 0.0128 410 5 424 102
pottedplant 0.0098 353 2 422 125
pottedplant 0.0094 143 26 266 73
pottedplant 0.0081 396 7 424 105
pottedplant 0.0040 336 70 392 141
pottedplant 0.0034 214 39 329 128
pottedplant 0.0034 325 45 372 136
pottedplant 0.0033 321 66 352 132
pottedplant 0.0032 152 42 385 198
pottedplant 0.0032 190 79 349 163
pottedplant 0.0029 123 72 405 298
pottedplant 0.0028 238 35 300 85
pottedplant 0.0025 276 78 335 142
pottedplant 0.0023 336 106 420 243
pottedplant 0.0022 163 79 243 146
pottedplant 0.0021 330 6 412 267
pottedplant 0.0020 175 32 310 82
pottedplant 0.0018 140 23 267 119
pottedplant 0.0015 191 85 266 140
pottedplant 0.0012 330 62 356 115
pottedplant 0.0011 338 41 393 194
pottedplant 0.0011 199 100 230 140
tvmonitor 0.0357 114 137 403 298
tvmonitor 0.0012 411 49 424 106
