bottle 0.0045 48 140 122 245
bottle 0.0014 44 75 135 248
car 0.0023 0 0 171 191
dog 0.8578 38 226 258 451
dog 0.0063 342 154 441 244
dog 0.0047 39 229 483 452
dog 0.0047 49 134 127 245
dog 0.0033 215 293 374 425
dog 0.0013 259 361 322 410
dog 0.0012 242 334 330 420
dog 0.0012 172 249 348 431
dog 0.0010 10 92 355 488
motorbike 0.0012 18 40 146 246
person 0.6529 109 7 415 427
person 0.0045 0 19 317 445
person 0.0019 -8 3 446 270
person 0.0011 235 38 476 431
pottedplant 0.0058 10 18 154 244
pottedplant 0.0012 41 73 136 250
sofa 0.0069 32 29 402 461
