bicycle 0.0133 41 0 128 94
bicycle 0.0063 0 251 38 370
bicycle 0.0044 223 0 280 54
chair 0.0017 2 250 36 372
motorbike 0.8337 100 204 252 419
person 0.7379 97 96 252 397
person 0.0177 98 99 247 255
person 0.0058 166 118 259 414
person 0.0053 222 0 278 58
person 0.0029 251 0 278 52
pottedplant 0.1513 222 177 258 216
pottedplant 0.0802 269 108 309 182
pottedplant 0.0058 282 147 303 182
pottedplant 0.0028 281 112 317 251
pottedplant 0.0025 282 127 304 220
pottedplant 0.0015 251 112 300 188
pottedplant 0.0013 223 175 250 201
