bottle 0.0229 0 285 51 376
bottle 0.0031 14 285 174 376
bottle 0.0022 379 52 490 137
bottle 0.0013 409 97 453 132
bottle 0.0012 389 80 473 133
bottle 0.0011 476 40 499 132
bottle 0.0010 376 59 427 94
bottle 0.0010 378 58 447 110
cat 0.4223 85 98 446 285
cat 0.0072 4 154 464 375
cat 0.0010 -1 89 176 377
chair 0.0045 383 16 498 129
chair 0.0017 126 1 369 55
chair 0.0015 119 1 376 108
dog 0.0065 15 264 181 375
dog 0.0021 6 115 328 374
person 0.0142 434 15 499 94
person 0.0073 467 20 500 116
person 0.0048 392 13 499 115
person 0.0042 455 19 498 70
person 0.0018 436 13 496 58
person 0.0018 10 208 461 374
person 0.0010 479 21 498 64
