aeroplane 0.8492 148 114 327 204
aeroplane 0.0179 197 130 331 193
aeroplane 0.0113 222 148 315 192
aeroplane 0.0078 252 155 327 179
aeroplane 0.0036 131 122 265 195
aeroplane 0.0017 228 153 363 183
aeroplane 0.0011 38 121 290 207
bicycle 0.3146 97 190 147 223
bicycle 0.0259 122 191 149 222
bicycle 0.0022 130 191 159 223
boat 0.0011 66 149 123 171
car 0.9106 421 160 500 259
car 0.0226 0 159 7 210
car 0.0046 1 164 24 216
car 0.0032 40 173 58 197
motorbike 0.3009 97 189 149 223
motorbike 0.0056 93 201 133 222
person 0.8980 53 162 76 227
person 0.8655 17 167 44 228
person 0.4888 252 162 270 207
person 0.4756 103 173 129 219
person 0.4269 0 161 6 229
person 0.3995 366 169 384 204
person 0.1019 124 167 142 213
person 0.0808 221 153 294 206
person 0.0640 39 169 59 222
person 0.0344 109 170 143 219
person 0.0339 2 168 22 221
person 0.0269 0 155 5 198
person 0.0111 107 173 123 199
person 0.0106 229 158 267 202
person 0.0105 245 151 279 207
person 0.0052 23 170 59 229
person 0.0042 247 168 265 205
person 0.0032 0 158 9 205
person 0.0023 204 139 262 199
person 0.0023 0 190 5 230
person 0.0021 0 170 5 208
person 0.0020 105 189 134 221
person 0.0016 -2 156 33 231
person 0.0014 130 165 143 201
person 0.0013 139 190 164 223
person 0.0013 97 195 126 223
person 0.0013 108 172 122 184
person 0.0011 154 192 165 223
