bicycle 0.0022 454 353 498 403
chair 0.0057 450 353 499 406
chair 0.0014 0 360 43 436
dog 0.4777 180 344 292 400
dog 0.0025 177 327 347 403
dog 0.0020 195 346 236 375
dog 0.0018 170 343 245 397
person 0.8765 184 117 252 314
person 0.8179 95 136 172 374
person 0.2990 256 119 356 317
person 0.0297 299 254 379 385
person 0.0251 233 126 289 313
person 0.0238 79 241 118 393
person 0.0236 260 135 311 313
person 0.0171 79 140 138 377
person 0.0170 301 244 371 315
person 0.0097 274 183 372 369
person 0.0090 214 118 264 317
person 0.0067 325 257 372 302
person 0.0066 144 143 190 307
person 0.0029 194 117 310 314
person 0.0024 18 113 149 410
person 0.0024 287 106 405 385
person 0.0021 229 133 364 417
person 0.0020 320 259 381 341
person 0.0019 293 154 364 317
person 0.0015 174 126 222 313
person 0.0015 4 13 82 421
person 0.0014 379 155 462 422
person 0.0013 298 84 481 412
person 0.0011 256 123 334 182
person 0.0010 59 51 114 397
pottedplant 0.0048 454 355 500 408
pottedplant 0.0010 289 111 356 190
