aeroplane 0.4995 -14 124 516 226
aeroplane 0.2210 0 94 340 215
aeroplane 0.0294 101 141 372 217
aeroplane 0.0254 0 88 185 206
aeroplane 0.0155 294 117 490 250
aeroplane 0.0061 292 26 380 57
aeroplane 0.0059 176 109 484 212
aeroplane 0.0041 59 193 112 207
aeroplane 0.0028 65 65 491 216
aeroplane 0.0027 0 184 64 240
aeroplane 0.0026 325 116 485 197
aeroplane 0.0022 25 189 156 209
aeroplane 0.0021 67 196 103 206
aeroplane 0.0020 0 195 29 228
aeroplane 0.0019 -1 75 73 270
aeroplane 0.0018 2 137 276 232
aeroplane 0.0017 -3 69 144 268
aeroplane 0.0015 0 201 20 235
aeroplane 0.0013 170 147 249 163
aeroplane 0.0013 144 91 373 194
aeroplane 0.0012 0 149 125 260
aeroplane 0.0010 299 135 437 199
aeroplane 0.0010 152 149 305 166
aeroplane 0.0010 11 107 498 331
boat 0.0243 125 252 186 271
boat 0.0023 0 196 64 242
boat 0.0014 75 222 126 252
boat 0.0014 1 194 122 301
boat 0.0012 0 197 38 235
bus 0.0072 318 134 495 252
bus 0.0065 236 219 287 238
bus 0.0023 245 229 286 241
bus 0.0015 368 167 464 197
car 0.1086 198 243 259 265
car 0.1004 199 229 253 245
car 0.0729 198 234 258 254
car 0.0380 123 251 186 270
car 0.0210 287 233 343 260
car 0.0034 66 195 99 207
car 0.0030 246 229 286 241
car 0.0029 286 197 491 256
car 0.0013 273 217 380 258
car 0.0012 218 230 254 242
car 0.0011 284 223 346 252
car 0.0010 226 229 282 245
car 0.0010 218 232 281 253
car 0.0010 207 231 236 242
person 0.0010 426 170 442 192
