bottle 0.0010 205 337 340 373
cat 0.0016 12 68 29 84
cat 0.0010 44 38 71 68
chair 0.4053 390 262 499 376
chair 0.0150 0 261 50 375
chair 0.0022 0 139 59 378
chair 0.0015 1 314 48 374
chair 0.0014 387 134 501 378
chair 0.0012 -2 32 130 369
diningtable 0.2934 0 129 503 373
pottedplant 0.4038 77 22 112 54
pottedplant 0.0035 78 0 115 52
pottedplant 0.0035 53 27 108 59
pottedplant 0.0018 71 29 101 57
pottedplant 0.0011 71 36 88 59
pottedplant 0.0010 0 7 118 232
sofa 0.0028 2 39 500 374
tvmonitor 0.0031 173 -2 491 147
