bicycle 0.6262 0 76 70 306
bicycle 0.0013 -1 66 122 275
bicycle 0.0011 0 50 53 235
bird 0.0026 1 80 54 144
bottle 0.5055 148 238 189 336
bottle 0.0105 308 97 329 155
bottle 0.0013 290 99 331 163
car 0.0037 35 2 66 20
car 0.0028 74 14 110 27
car 0.0024 44 10 112 31
car 0.0017 10 6 115 39
car 0.0017 1 9 49 52
chair 0.4941 327 34 492 262
chair 0.0058 328 36 490 151
chair 0.0056 145 72 218 131
chair 0.0026 276 96 328 180
chair 0.0017 221 33 495 354
chair 0.0015 0 130 14 382
chair 0.0015 139 8 259 132
chair 0.0010 1 71 53 168
chair 0.0010 0 190 8 322
chair 0.0010 144 71 269 141
diningtable 0.2104 113 79 483 315
diningtable 0.0063 214 93 400 198
diningtable 0.0038 266 102 347 178
diningtable 0.0018 133 104 392 271
diningtable 0.0016 53 110 390 375
person 0.0012 0 64 12 162
person 0.0012 0 73 55 175
pottedplant 0.0030 319 164 351 196
pottedplant 0.0020 335 40 496 374
pottedplant 0.0017 199 64 459 239
pottedplant 0.0017 2 260 122 369
pottedplant 0.0017 263 102 343 179
pottedplant 0.0014 1 311 108 370
pottedplant 0.0013 315 139 354 197
