bottle 0.0016 254 199 279 228
bottle 0.0012 206 187 273 250
car 0.0026 357 133 467 228
car 0.0013 462 99 499 349
dog 0.6160 253 167 306 216
dog 0.0208 239 169 289 213
dog 0.0166 242 188 298 234
dog 0.0093 251 164 295 200
dog 0.0065 218 138 315 250
dog 0.0062 267 178 316 217
dog 0.0050 248 197 284 231
dog 0.0027 219 177 287 229
dog 0.0021 259 170 312 258
dog 0.0020 246 143 286 200
dog 0.0016 236 176 271 217
dog 0.0012 233 187 273 232
dog 0.0011 240 184 299 283
motorbike 0.6310 433 174 500 375
motorbike 0.0025 458 109 500 364
motorbike 0.0016 368 160 497 374
person 0.8888 84 200 185 329
person 0.8332 302 112 330 201
person 0.8127 266 188 316 318
person 0.8107 171 105 265 325
person 0.5537 251 102 285 180
person 0.2686 264 121 290 180
person 0.1877 250 107 271 175
person 0.0668 193 192 265 321
person 0.0594 256 101 284 143
person 0.0331 250 104 265 139
person 0.0312 249 141 294 198
person 0.0093 190 111 291 243
person 0.0072 238 108 276 187
person 0.0058 239 175 303 255
person 0.0039 264 133 311 205
person 0.0039 252 124 277 189
person 0.0037 316 111 331 147
person 0.0036 269 109 291 163
person 0.0030 343 99 387 207
person 0.0029 364 109 386 133
person 0.0026 246 103 262 162
person 0.0025 303 112 328 156
person 0.0025 209 150 310 298
person 0.0024 264 110 287 144
person 0.0022 291 111 316 196
person 0.0020 218 107 282 201
person 0.0018 351 103 388 163
person 0.0017 260 101 278 127
person 0.0015 230 190 307 320
person 0.0015 104 190 277 317
person 0.0014 252 103 263 125
person 0.0010 247 122 267 191
sheep 0.0027 357 142 467 243
