dog 0.6229 279 31 491 196
dog 0.5352 196 157 429 284
dog 0.1674 445 17 499 78
dog 0.0927 117 76 424 344
dog 0.0303 -8 74 439 468
dog 0.0224 238 27 494 300
dog 0.0186 406 15 501 87
dog 0.0121 124 161 217 241
dog 0.0117 4 147 279 471
dog 0.0086 468 23 499 76
dog 0.0083 125 135 355 263
dog 0.0075 279 140 447 247
dog 0.0068 60 78 275 346
dog 0.0062 364 19 497 155
dog 0.0051 327 13 501 94
dog 0.0047 140 164 298 247
dog 0.0044 267 58 400 199
dog 0.0026 196 161 316 223
dog 0.0016 301 164 432 232
dog 0.0012 437 17 500 135
person 0.1997 -6 18 439 471
person 0.1375 144 15 332 239
person 0.0829 102 70 436 349
person 0.0122 112 9 472 214
person 0.0062 8 0 325 292
person 0.0059 272 8 499 381
person 0.0023 0 -14 142 468
