chair 0.8874 362 138 499 310
chair 0.7635 370 92 444 197
chair 0.4042 86 198 254 372
chair 0.0909 287 219 415 363
chair 0.0582 371 115 488 219
chair 0.0417 409 116 486 192
chair 0.0197 426 128 497 217
chair 0.0076 452 140 499 250
chair 0.0045 376 88 418 173
chair 0.0019 455 120 499 207
chair 0.0017 436 143 501 309
chair 0.0017 40 93 299 347
chair 0.0014 373 140 446 201
chair 0.0013 469 202 499 309
chair 0.0012 442 129 484 191
diningtable 0.0026 13 202 461 373
diningtable 0.0012 83 199 310 372
person 0.0025 151 4 188 63
pottedplant 0.7985 0 1 94 237
pottedplant 0.0664 287 215 415 362
pottedplant 0.0133 342 34 378 74
pottedplant 0.0084 3 143 56 238
pottedplant 0.0079 289 70 342 139
pottedplant 0.0068 2 85 69 238
pottedplant 0.0066 126 310 168 357
pottedplant 0.0054 0 152 18 235
pottedplant 0.0036 0 3 48 247
pottedplant 0.0024 451 142 500 234
pottedplant 0.0016 1 2 101 111
pottedplant 0.0014 0 2 19 258
pottedplant 0.0011 90 253 249 371
sofa 0.8728 58 99 328 232
tvmonitor 0.0020 422 9 491 124
