aeroplane 0.0024 359 311 439 360
bird 0.0152 359 308 435 355
bird 0.0054 356 265 420 342
bird 0.0052 362 273 403 317
bird 0.0043 336 218 427 348
bird 0.0026 0 13 216 204
bird 0.0025 119 21 436 341
bird 0.0022 295 182 431 364
bird 0.0019 224 128 434 368
bird 0.0011 346 249 456 361
bottle 0.0019 421 133 435 167
bottle 0.0011 108 148 153 212
person 0.1412 117 103 256 350
person 0.1123 115 112 214 216
person 0.0723 110 95 372 378
person 0.0479 378 23 455 108
person 0.0141 68 72 236 266
person 0.0103 360 25 453 158
person 0.0093 12 29 255 371
person 0.0079 130 104 266 239
person 0.0075 128 58 230 205
person 0.0032 0 13 219 238
person 0.0018 376 28 428 91
person 0.0016 281 20 449 163
person 0.0015 0 31 111 334
person 0.0013 394 19 457 77
person 0.0012 144 136 210 196
person 0.0011 148 65 221 150
person 0.0011 64 42 273 182
person 0.0010 272 14 367 136
person 0.0010 186 180 228 278
person 0.0010 -2 132 160 367
pottedplant 0.0022 0 123 72 276
pottedplant 0.0015 0 203 126 360
pottedplant 0.0010 0 126 54 223
