boat 0.8625 294 153 448 251
boat 0.7084 91 161 264 264
boat 0.2624 203 123 295 187
boat 0.1151 107 143 299 218
boat 0.1125 173 143 298 198
boat 0.0576 167 163 263 196
boat 0.0276 90 103 291 251
boat 0.0164 228 138 293 181
boat 0.0108 62 131 451 264
boat 0.0070 465 153 486 181
boat 0.0069 418 150 446 189
boat 0.0050 235 135 297 212
boat 0.0042 135 252 222 269
boat 0.0025 172 130 372 239
boat 0.0024 117 159 263 202
boat 0.0022 160 165 258 227
boat 0.0021 102 247 252 270
boat 0.0017 301 147 448 204
boat 0.0015 212 122 261 176
boat 0.0013 429 149 446 179
boat 0.0012 373 147 452 198
boat 0.0010 294 200 449 262
person 0.0028 472 246 489 320
pottedplant 0.0039 464 154 487 182
