car 0.6164 225 264 270 302
car 0.1327 180 254 236 283
car 0.0995 234 258 271 285
car 0.0404 202 257 235 279
car 0.0221 176 256 248 313
car 0.0171 229 270 257 300
car 0.0075 203 305 252 321
car 0.0074 218 262 295 307
car 0.0060 208 272 265 309
car 0.0056 297 138 335 157
car 0.0050 201 289 259 321
car 0.0025 195 257 257 289
car 0.0022 233 241 274 294
car 0.0021 203 261 241 315
car 0.0018 179 276 236 318
car 0.0017 227 257 256 275
car 0.0016 207 279 296 317
car 0.0014 191 256 216 280
car 0.0013 174 260 189 286
car 0.0010 204 309 239 320
car 0.0010 208 259 242 288
car 0.0010 227 252 266 278
chair 0.0208 63 230 157 320
chair 0.0072 1 184 155 323
chair 0.0053 296 138 342 159
chair 0.0038 159 230 230 289
chair 0.0033 222 158 367 304
chair 0.0028 152 207 202 286
chair 0.0028 310 144 343 160
chair 0.0023 83 275 162 320
chair 0.0019 78 294 156 318
person 0.0308 0 175 69 321
person 0.0082 340 255 352 289
person 0.0013 1 151 158 325
person 0.0012 173 260 188 289
person 0.0011 -1 39 86 330
person 0.0011 311 255 324 269
person 0.0011 342 265 350 294
pottedplant 0.0038 157 146 208 211
tvmonitor 0.0057 297 137 335 156
tvmonitor 0.0029 239 135 279 159
tvmonitor 0.0023 298 138 322 152
tvmonitor 0.0023 228 134 282 172
