bottle 0.0037 26 332 91 374
bus 0.9115 172 82 343 263
bus 0.8977 10 80 124 209
bus 0.0245 0 116 13 147
car 0.3237 236 78 253 93
car 0.1176 269 71 287 88
car 0.0879 262 68 289 92
car 0.0792 268 66 297 88
car 0.0758 276 63 310 87
car 0.0477 0 117 10 147
car 0.0217 0 122 6 155
car 0.0162 165 109 175 139
car 0.0151 255 71 271 93
car 0.0126 259 75 286 99
car 0.0082 337 139 351 164
car 0.0082 238 75 265 94
car 0.0057 290 60 311 82
car 0.0053 255 79 277 97
car 0.0023 291 72 309 87
car 0.0020 0 131 21 307
car 0.0019 260 66 281 87
car 0.0019 251 78 269 95
car 0.0017 222 78 238 88
car 0.0016 273 57 294 83
car 0.0015 0 165 20 247
car 0.0013 236 72 257 89
car 0.0010 247 70 269 89
person 0.0107 338 139 351 164
person 0.0024 335 138 349 179
person 0.0018 29 46 51 92
person 0.0017 282 148 304 191
person 0.0015 318 167 329 191
person 0.0012 40 37 72 73
person 0.0010 25 41 63 85
