boat 0.0012 60 217 473 373
chair 0.0040 403 274 498 375
chair 0.0025 131 196 157 233
chair 0.0018 413 204 497 359
chair 0.0011 83 178 151 334
chair 0.0010 398 98 499 361
person 0.8421 1 113 99 371
person 0.8387 253 56 447 374
person 0.7907 84 167 110 231
person 0.6901 105 88 307 375
person 0.5959 64 173 83 228
person 0.1600 76 174 92 228
person 0.0509 66 152 124 260
person 0.0139 74 37 460 382
person 0.0122 93 170 116 230
person 0.0102 272 239 431 373
person 0.0075 56 152 89 242
person 0.0056 39 151 111 269
person 0.0049 482 221 500 367
person 0.0046 425 199 499 362
person 0.0044 113 181 153 268
person 0.0031 82 146 185 298
person 0.0028 80 178 101 231
person 0.0026 59 131 147 360
person 0.0025 463 228 499 371
person 0.0024 127 195 158 261
person 0.0023 86 169 105 194
person 0.0017 84 230 151 335
person 0.0017 101 170 156 306
person 0.0015 0 113 16 395
person 0.0015 26 79 244 369
person 0.0012 87 262 148 317
person 0.0010 132 198 157 230
train 0.1564 115 2 499 197
train 0.0118 53 -1 477 365
train 0.0011 177 41 507 276
tvmonitor 0.0010 427 220 495 318
