boat 0.0012 109 9 314 305
boat 0.0011 131 41 173 57
car 0.0014 323 0 374 46
car 0.0010 130 40 175 58
person 0.2415 189 220 208 285
person 0.0265 190 220 208 252
person 0.0173 56 37 331 464
person 0.0149 182 191 221 318
person 0.0110 250 151 269 183
person 0.0096 192 218 220 261
person 0.0060 143 145 262 320
person 0.0055 193 211 228 276
person 0.0049 204 217 226 239
person 0.0038 174 217 216 288
person 0.0026 186 200 252 307
person 0.0014 204 216 234 249
person 0.0014 202 221 225 257
train 0.7583 99 37 324 324
train 0.0290 195 129 325 328
train 0.0220 7 22 347 489
train 0.0033 13 0 77 13
train 0.0013 160 198 305 314
tvmonitor 0.0013 333 0 375 50
