bicycle 0.0432 0 272 192 359
bicycle 0.0249 2 223 268 359
bicycle 0.0047 0 173 150 359
bottle 0.4224 275 303 311 359
bottle 0.0072 471 226 480 272
bottle 0.0059 466 165 481 334
bottle 0.0057 470 208 480 298
bottle 0.0030 270 306 339 356
bottle 0.0026 276 335 310 359
bottle 0.0020 466 227 480 281
bus 0.0013 428 46 480 283
car 0.9142 129 42 463 299
car 0.1343 14 63 49 82
car 0.0523 0 67 9 84
car 0.0445 29 64 55 81
car 0.0310 1 67 22 83
car 0.0119 15 66 33 82
car 0.0084 323 42 475 187
car 0.0064 419 50 480 186
car 0.0061 141 58 158 77
car 0.0058 431 39 480 319
car 0.0027 363 42 482 285
car 0.0025 125 55 153 80
car 0.0023 15 52 73 89
car 0.0021 441 74 480 179
car 0.0021 137 53 172 76
car 0.0015 158 53 181 70
car 0.0014 26 62 50 74
car 0.0012 468 68 480 135
car 0.0012 256 49 452 225
car 0.0011 42 65 66 82
car 0.0010 1 24 138 163
chair 0.0015 -5 138 153 357
chair 0.0011 437 229 480 360
horse 0.0021 0 139 148 359
motorbike 0.0042 0 136 171 362
person 0.9485 0 15 157 364
person 0.1591 434 108 479 362
person 0.0120 121 222 272 360
person 0.0049 3 179 277 358
person 0.0048 461 118 480 357
person 0.0034 377 77 480 363
person 0.0016 39 21 137 137
person 0.0016 123 287 268 358
tvmonitor 0.0011 434 104 480 191
