person 0.0864 390 159 417 195
person 0.0435 357 154 427 204
person 0.0227 364 159 400 197
person 0.0182 324 135 452 217
person 0.0099 401 164 418 195
person 0.0065 320 149 350 181
person 0.0028 339 151 354 184
person 0.0023 398 151 424 195
person 0.0017 377 164 406 195
person 0.0016 363 162 383 197
person 0.0013 340 154 369 190
person 0.0012 380 139 434 206
person 0.0012 375 148 416 195
train 0.8238 261 88 501 314
train 0.7601 70 22 498 195
train 0.0076 313 118 460 235
train 0.0013 70 35 268 194
train 0.0012 96 65 494 326
