bus 0.9184 0 102 107 286
bus 0.8733 89 37 424 360
bus 0.0179 29 106 162 276
bus 0.0122 364 172 495 261
bus 0.0049 394 104 498 263
bus 0.0045 93 58 223 332
bus 0.0029 86 36 174 277
bus 0.0023 70 67 146 248
bus 0.0016 0 100 52 290
car 0.0499 387 165 498 263
person 0.4288 238 77 323 145
person 0.0288 413 78 437 148
person 0.0245 311 90 348 144
person 0.0093 185 67 382 226
person 0.0052 283 96 345 144
person 0.0045 205 82 300 136
person 0.0033 178 80 321 157
person 0.0027 236 75 283 142
person 0.0022 173 29 446 276
person 0.0015 335 88 370 144
person 0.0012 168 69 275 137
