aeroplane 0.0015 467 49 498 102
bicycle 0.5981 351 267 498 364
bicycle 0.3633 179 309 424 373
bicycle 0.0829 316 310 423 374
bicycle 0.0777 176 336 329 374
bicycle 0.0180 182 344 275 373
bicycle 0.0083 323 284 461 373
bicycle 0.0076 264 266 424 376
bicycle 0.0034 292 249 356 309
bicycle 0.0012 2 333 87 369
bicycle 0.0011 248 324 438 377
boat 0.1900 154 121 369 282
boat 0.0090 459 47 500 251
boat 0.0050 154 178 234 239
boat 0.0045 142 149 265 258
boat 0.0023 87 131 310 272
boat 0.0020 157 175 249 287
boat 0.0020 479 36 500 298
boat 0.0018 218 164 361 251
boat 0.0016 389 48 503 272
boat 0.0013 464 50 499 161
boat 0.0012 165 213 307 303
motorbike 0.8836 2 278 147 370
motorbike 0.0283 336 260 487 362
motorbike 0.0025 0 289 90 366
motorbike 0.0016 237 286 400 375
motorbike 0.0015 174 287 340 377
person 0.7609 227 235 353 375
person 0.7483 357 223 448 346
person 0.6936 2 235 76 355
person 0.6323 179 234 279 373
person 0.2280 0 235 41 352
person 0.1578 21 248 109 360
person 0.1143 118 226 144 291
person 0.1055 34 236 70 295
person 0.0620 32 238 90 335
person 0.0291 186 234 224 293
person 0.0190 464 52 500 237
person 0.0123 43 158 64 186
person 0.0093 181 232 234 342
person 0.0084 0 235 40 288
person 0.0059 281 243 364 374
person 0.0051 0 234 21 308
person 0.0041 289 244 348 306
person 0.0036 7 282 71 350
person 0.0036 140 260 153 290
person 0.0033 386 222 481 345
person 0.0030 35 245 62 283
person 0.0028 0 236 15 281
person 0.0027 183 236 270 300
person 0.0023 196 233 233 274
person 0.0023 217 241 265 287
person 0.0021 275 253 452 370
person 0.0020 384 224 446 300
person 0.0020 0 258 15 370
person 0.0016 40 238 95 295
person 0.0015 141 250 158 289
person 0.0014 0 235 7 279
person 0.0014 219 249 293 371
person 0.0013 136 237 156 292
person 0.0011 31 157 65 199
person 0.0010 374 152 391 200
