bird 0.0092 481 206 499 267
bird 0.0022 492 215 499 287
bird 0.0019 423 195 499 263
bird 0.0013 485 220 500 292
bird 0.0010 319 194 496 271
bird 0.0010 484 168 500 254
boat 0.4440 27 185 328 290
boat 0.2760 63 0 309 224
boat 0.0960 4 30 325 308
boat 0.0562 41 -6 200 231
boat 0.0312 130 72 306 265
boat 0.0142 17 -3 127 225
boat 0.0110 192 5 319 173
boat 0.0040 215 72 319 182
boat 0.0040 28 -187 383 204
boat 0.0031 186 72 349 231
boat 0.0013 220 48 283 125
boat 0.0011 214 -154 512 18
chair 0.0011 3 345 127 416
person 0.6832 172 69 299 227
person 0.1064 204 65 302 175
person 0.0355 160 83 256 210
person 0.0018 168 131 240 210
person 0.0012 142 125 276 240
