bottle 0.0038 288 306 334 376
chair 0.0385 0 46 115 206
chair 0.0293 53 183 274 376
chair 0.0111 8 48 167 300
chair 0.0026 1 63 73 246
chair 0.0025 73 15 299 208
chair 0.0021 378 51 500 372
chair 0.0012 0 231 10 381
chair 0.0012 0 31 67 179
chair 0.0012 251 129 402 374
chair 0.0011 133 11 286 146
chair 0.0010 40 101 422 382
diningtable 0.0017 170 8 493 326
person 0.5681 58 63 273 338
person 0.3904 170 22 398 370
person 0.0346 103 66 268 214
person 0.0077 388 46 501 385
person 0.0070 1 13 144 187
person 0.0061 7 57 223 240
person 0.0052 59 5 167 149
person 0.0043 149 50 300 338
person 0.0036 48 13 277 201
person 0.0036 225 43 501 373
person 0.0035 94 2 172 75
person 0.0023 28 81 157 363
person 0.0019 49 3 139 96
person 0.0015 80 29 404 247
person 0.0013 73 30 133 101
person 0.0013 72 56 221 185
person 0.0010 124 3 183 63
pottedplant 0.0011 0 193 32 253
sofa 0.0068 372 45 500 359
sofa 0.0054 230 28 507 377
