car 0.8853 23 38 510 315
car 0.0594 324 66 502 186
car 0.0130 272 53 502 299
car 0.0025 40 37 480 161
car 0.0022 236 54 495 161
car 0.0011 0 4 29 171
person 0.7405 72 9 95 82
person 0.7247 113 -2 137 77
person 0.6938 40 -1 74 87
person 0.5830 3 0 40 96
person 0.3709 95 1 115 77
person 0.2562 102 0 123 76
person 0.0755 465 1 500 116
person 0.0624 0 0 23 94
person 0.0383 89 11 108 80
person 0.0369 59 11 83 84
person 0.0349 10 -1 58 89
person 0.0227 51 11 73 80
person 0.0130 170 1 204 51
person 0.0053 469 12 499 214
person 0.0053 100 0 117 42
person 0.0045 0 0 30 148
person 0.0036 0 4 8 93
person 0.0033 108 -2 134 42
person 0.0031 478 9 500 165
person 0.0029 379 19 398 55
person 0.0024 473 -3 499 79
person 0.0021 35 13 63 92
person 0.0016 0 -6 14 75
person 0.0016 485 40 500 210
person 0.0014 103 0 116 24
person 0.0011 14 18 39 87
