car 0.0032 0 153 101 260
car 0.0012 -2 184 92 233
dog 0.0179 1 194 88 244
dog 0.0011 0 194 50 236
horse 0.4969 11 159 481 321
horse 0.0890 132 114 408 319
horse 0.0209 0 195 90 240
horse 0.0185 -8 211 304 318
horse 0.0093 1 191 86 282
horse 0.0083 246 168 477 313
motorbike 0.0015 -2 166 92 250
person 0.7227 219 59 319 313
person 0.0238 6 80 357 319
person 0.0179 220 62 297 197
person 0.0063 0 196 34 240
person 0.0044 0 179 89 245
person 0.0027 306 171 320 195
person 0.0025 0 132 102 270
person 0.0022 0 189 32 283
person 0.0020 156 65 293 314
person 0.0013 190 46 464 314
