aeroplane 0.0010 -7 2 485 350
bus 0.0047 426 296 501 334
car 0.9114 384 241 423 270
car 0.8788 107 243 168 291
car 0.7849 85 247 117 282
car 0.6256 181 255 208 271
car 0.4759 88 245 136 287
car 0.0300 210 260 233 269
car 0.0160 187 258 225 271
car 0.0058 383 243 399 268
car 0.0048 425 296 498 332
car 0.0018 0 251 77 285
car 0.0017 0 251 5 273
car 0.0013 384 246 391 268
car 0.0013 99 246 125 277
car 0.0012 170 257 190 270
car 0.0011 0 252 11 267
car 0.0011 10 255 41 267
car 0.0011 66 227 172 297
person 0.0023 29 240 37 254
