bicycle 0.0028 6 197 467 333
boat 0.0030 0 138 62 315
boat 0.0011 8 78 258 233
bottle 0.0138 61 211 99 287
bottle 0.0067 0 99 66 307
bottle 0.0063 10 148 100 318
bottle 0.0045 38 200 104 307
bottle 0.0033 91 197 168 332
bottle 0.0027 0 188 76 332
bottle 0.0022 54 173 184 334
bottle 0.0018 173 52 206 97
bottle 0.0017 335 127 370 187
bottle 0.0015 5 92 154 319
bottle 0.0014 243 57 424 276
bottle 0.0014 29 204 75 294
bottle 0.0014 192 61 211 96
bottle 0.0012 1 1 109 202
bottle 0.0010 183 95 201 148
chair 0.0023 161 132 470 340
chair 0.0018 45 182 427 330
chair 0.0015 431 112 498 150
diningtable 0.0273 46 124 264 334
diningtable 0.0021 20 77 299 229
diningtable 0.0017 46 98 277 174
diningtable 0.0011 19 214 217 333
dog 0.0031 273 201 489 333
dog 0.0026 195 142 478 336
horse 0.0082 118 182 465 331
person 0.5297 198 32 346 333
person 0.0430 59 32 382 339
person 0.0211 209 26 496 342
person 0.0186 165 2 220 88
person 0.0145 0 23 87 292
person 0.0101 217 37 340 218
person 0.0099 331 62 365 134
person 0.0055 92 89 279 338
person 0.0052 0 31 45 283
person 0.0046 0 86 99 220
person 0.0044 170 0 212 48
person 0.0025 155 4 267 98
person 0.0023 17 126 89 194
person 0.0022 1 58 164 309
person 0.0013 254 51 450 265
person 0.0010 0 92 40 230
pottedplant 0.0011 275 1 342 35
sheep 0.0196 200 196 483 334
sofa 0.0076 96 125 481 337
