bottle 0.6115 126 299 170 447
bottle 0.0304 120 298 159 389
bottle 0.0133 92 312 171 473
bottle 0.0072 64 323 209 497
bottle 0.0068 -2 288 176 497
bottle 0.0017 69 222 221 395
bottle 0.0015 128 298 160 355
bottle 0.0013 128 294 184 397
bottle 0.0010 143 331 173 450
car 0.0073 344 182 376 242
car 0.0021 349 201 375 254
car 0.0011 324 148 371 313
chair 0.0178 0 329 154 497
chair 0.0017 2 327 76 498
chair 0.0015 0 177 165 497
chair 0.0011 293 254 377 427
diningtable 0.3374 -18 336 372 498
diningtable 0.0661 52 398 377 499
diningtable 0.0342 89 299 221 484
diningtable 0.0093 16 265 303 479
diningtable 0.0015 -19 442 322 499
person 0.7594 246 91 358 410
person 0.5797 1 26 256 415
person 0.0080 0 -1 39 82
person 0.0067 116 57 339 420
person 0.0038 254 103 353 262
person 0.0022 32 228 224 460
person 0.0014 140 104 272 409
person 0.0013 -4 127 343 487
pottedplant 0.0012 275 0 305 22
tvmonitor 0.0029 100 21 238 167
