bottle 0.0030 250 102 303 184
bottle 0.0021 215 63 307 206
bottle 0.0019 242 142 302 298
bottle 0.0016 68 221 97 284
bottle 0.0015 226 98 304 338
bottle 0.0011 243 182 301 259
bottle 0.0010 35 181 148 250
cat 0.0297 114 434 179 474
cat 0.0034 79 421 178 477
cat 0.0019 108 432 216 486
chair 0.0279 11 196 302 478
dog 0.0017 60 430 181 476
person 0.3905 31 34 313 450
person 0.0053 95 27 310 243
person 0.0031 33 112 161 320
person 0.0018 68 198 303 479
person 0.0017 32 156 151 261
person 0.0012 24 55 257 272
person 0.0012 220 77 306 438
