bird 0.0012 214 48 253 136
car 0.0020 48 370 136 412
chair 0.1100 129 240 332 426
chair 0.0177 117 113 336 469
chair 0.0044 227 250 335 411
chair 0.0021 103 47 263 383
diningtable 0.0067 -7 374 340 500
diningtable 0.0019 0 247 348 518
person 0.0097 112 70 334 439
pottedplant 0.1593 73 23 244 411
pottedplant 0.0392 85 23 192 271
pottedplant 0.0352 118 367 162 403
pottedplant 0.0066 111 45 161 202
pottedplant 0.0063 212 48 254 140
pottedplant 0.0028 88 104 249 300
pottedplant 0.0023 122 47 159 141
pottedplant 0.0022 142 31 253 286
pottedplant 0.0015 200 40 253 231
