bottle 0.0035 0 75 5 108
bottle 0.0019 132 235 173 263
bottle 0.0012 51 218 63 234
chair 0.8383 321 290 397 374
chair 0.7683 210 280 292 340
chair 0.6317 129 265 212 327
chair 0.6140 16 234 68 300
chair 0.4563 377 275 429 374
chair 0.4457 48 250 129 311
chair 0.3116 132 225 189 264
chair 0.2686 0 236 17 293
chair 0.2565 210 242 267 274
chair 0.2541 355 252 410 286
chair 0.2485 45 221 97 281
chair 0.2071 41 238 96 304
chair 0.1909 -1 326 106 374
chair 0.1880 96 220 132 257
chair 0.1836 124 223 164 262
chair 0.1737 272 245 320 277
chair 0.1506 181 236 224 268
chair 0.1494 84 255 147 315
chair 0.1152 396 254 436 349
chair 0.1024 238 281 317 342
chair 0.0964 348 253 433 364
chair 0.0804 46 249 162 335
chair 0.0801 0 322 57 360
chair 0.0624 0 234 43 295
chair 0.0570 -1 313 211 373
chair 0.0405 166 273 220 331
chair 0.0334 153 231 200 265
chair 0.0329 314 249 368 283
chair 0.0292 26 285 161 374
chair 0.0292 229 242 287 273
chair 0.0288 91 223 116 257
chair 0.0276 95 268 316 332
chair 0.0205 1 342 56 375
chair 0.0205 59 220 100 262
chair 0.0181 55 256 103 307
chair 0.0177 193 240 244 271
chair 0.0159 1 280 271 374
chair 0.0157 268 244 364 280
chair 0.0157 93 237 137 307
chair 0.0153 205 277 351 346
chair 0.0151 0 323 27 351
chair 0.0147 54 258 133 367
chair 0.0136 75 221 111 258
chair 0.0135 262 258 323 340
chair 0.0125 79 257 203 319
chair 0.0109 17 220 103 302
chair 0.0104 33 338 182 372
chair 0.0090 176 277 269 335
chair 0.0088 246 244 306 276
chair 0.0086 260 295 324 346
chair 0.0069 0 225 11 285
chair 0.0068 362 251 439 319
chair 0.0062 386 254 493 353
chair 0.0057 392 263 452 374
chair 0.0056 258 209 379 278
chair 0.0054 47 218 86 252
chair 0.0053 136 276 218 372
chair 0.0046 253 243 281 275
chair 0.0045 0 230 28 283
chair 0.0042 52 217 89 238
chair 0.0037 109 226 156 270
chair 0.0033 285 278 410 349
chair 0.0030 183 237 333 290
chair 0.0030 -1 280 31 358
chair 0.0029 52 218 129 288
chair 0.0029 0 251 8 299
chair 0.0026 204 244 229 270
chair 0.0025 313 290 372 352
chair 0.0023 3 313 40 348
chair 0.0022 124 263 182 316
chair 0.0020 0 292 55 354
chair 0.0020 335 255 414 335
chair 0.0020 20 241 120 333
chair 0.0020 209 339 376 377
chair 0.0020 220 307 292 341
chair 0.0019 75 265 209 375
chair 0.0017 344 298 424 368
chair 0.0017 0 207 13 261
chair 0.0016 333 255 383 285
chair 0.0015 50 219 71 239
chair 0.0013 89 216 132 284
chair 0.0013 326 245 411 288
chair 0.0013 330 350 392 374
chair 0.0013 0 330 9 372
chair 0.0012 39 334 114 374
chair 0.0012 0 246 26 302
chair 0.0012 133 235 158 262
chair 0.0012 169 244 232 322
chair 0.0012 139 295 216 330
chair 0.0012 192 245 220 269
chair 0.0011 0 258 14 293
chair 0.0011 60 213 225 301
chair 0.0010 156 223 408 347
chair 0.0010 369 250 435 285
diningtable 0.1512 0 318 430 380
diningtable 0.1324 70 250 174 315
diningtable 0.0652 33 244 233 317
diningtable 0.0506 224 271 361 343
diningtable 0.0407 -28 264 453 383
diningtable 0.0311 142 265 471 345
diningtable 0.0235 47 270 292 376
diningtable 0.0158 44 261 379 335
diningtable 0.0048 127 328 389 372
diningtable 0.0048 34 215 387 355
diningtable 0.0032 169 233 245 285
diningtable 0.0020 195 340 381 376
diningtable 0.0016 193 233 424 331
diningtable 0.0015 155 275 271 338
pottedplant 0.0024 203 84 226 104
sofa 0.0075 415 257 499 334
sofa 0.0010 396 252 461 328
tvmonitor 0.7546 143 95 197 140
