bottle 0.0201 337 22 350 53
bottle 0.0110 327 25 341 57
bottle 0.0085 332 23 346 55
bottle 0.0029 325 28 343 73
bottle 0.0026 334 19 370 62
bottle 0.0016 342 19 362 54
bottle 0.0014 351 18 378 62
car 0.0019 134 3 186 35
chair 0.2657 -2 34 66 176
chair 0.0838 324 61 432 184
chair 0.0683 -2 99 65 187
chair 0.0589 -2 196 51 354
chair 0.0482 48 36 168 165
chair 0.0469 -3 181 45 276
chair 0.0254 459 163 502 287
chair 0.0171 -4 107 55 253
chair 0.0158 0 -5 48 151
chair 0.0119 -2 274 41 374
chair 0.0081 0 192 84 301
chair 0.0081 289 1 317 52
chair 0.0071 467 160 500 227
chair 0.0069 -4 3 107 166
chair 0.0068 0 191 23 271
chair 0.0067 -2 191 117 366
chair 0.0062 330 101 438 227
chair 0.0047 457 196 503 339
chair 0.0043 0 84 13 181
chair 0.0042 0 33 18 158
chair 0.0034 0 120 43 217
chair 0.0033 481 112 500 226
chair 0.0032 -2 128 90 275
chair 0.0030 0 189 29 326
chair 0.0027 0 269 127 377
chair 0.0026 464 92 503 220
chair 0.0024 0 38 44 119
chair 0.0024 0 131 20 258
chair 0.0024 0 115 15 220
chair 0.0019 334 132 428 204
chair 0.0018 474 181 500 305
chair 0.0018 368 75 441 187
chair 0.0017 348 22 460 180
chair 0.0015 375 277 501 374
chair 0.0013 -5 87 95 210
chair 0.0011 439 229 503 364
chair 0.0011 -1 107 30 182
chair 0.0011 465 178 500 253
chair 0.0010 -1 173 32 247
chair 0.0010 487 150 500 218
chair 0.0010 23 185 107 279
chair 0.0010 0 136 56 182
diningtable 0.4887 -4 115 486 369
diningtable 0.0034 73 213 531 373
diningtable 0.0031 123 41 482 325
diningtable 0.0019 0 127 87 288
diningtable 0.0017 -12 177 294 368
diningtable 0.0013 177 268 467 364
person 0.0796 322 59 412 169
person 0.0077 99 0 141 53
person 0.0012 299 55 396 137
pottedplant 0.0112 16 37 448 273
pottedplant 0.0093 155 38 359 221
pottedplant 0.0041 217 40 355 174
pottedplant 0.0037 274 276 402 354
pottedplant 0.0033 155 47 271 158
pottedplant 0.0016 184 35 280 112
pottedplant 0.0014 287 9 328 62
pottedplant 0.0014 210 40 258 87
pottedplant 0.0010 60 2 114 40
tvmonitor 0.4066 382 4 450 61
tvmonitor 0.0046 1 -3 63 43
tvmonitor 0.0022 61 5 108 37
tvmonitor 0.0013 323 2 388 64
