bottle 0.7077 447 193 472 275
bottle 0.1261 397 175 412 198
bottle 0.0465 408 171 419 199
bottle 0.0312 479 130 501 190
bottle 0.0250 382 175 394 198
bottle 0.0248 411 204 437 280
bottle 0.0140 377 176 391 198
bottle 0.0065 392 172 405 197
bottle 0.0053 463 122 483 187
bottle 0.0048 393 169 420 199
bottle 0.0047 88 238 121 263
bottle 0.0047 415 234 434 281
bottle 0.0043 372 175 386 198
bottle 0.0043 429 204 451 273
bottle 0.0040 422 200 442 280
bottle 0.0039 383 200 434 278
bottle 0.0036 335 255 381 282
bottle 0.0034 433 198 462 271
bottle 0.0033 482 150 499 194
bottle 0.0031 33 226 58 264
bottle 0.0024 329 250 366 280
bottle 0.0023 453 69 465 124
bottle 0.0019 453 132 498 191
bottle 0.0016 422 161 463 198
bottle 0.0016 473 121 499 177
bottle 0.0013 434 170 477 270
chair 0.0128 -1 282 169 376
chair 0.0013 -13 273 332 375
person 0.5496 120 149 166 208
person 0.4607 103 132 215 244
person 0.4502 141 144 196 211
person 0.3404 349 38 377 90
person 0.0343 121 154 189 224
person 0.0298 363 22 385 84
person 0.0125 115 128 199 201
person 0.0077 373 175 387 197
person 0.0076 149 141 193 184
person 0.0063 366 16 387 57
person 0.0033 136 138 246 226
person 0.0032 164 157 201 217
person 0.0031 149 172 194 218
person 0.0028 92 141 161 238
person 0.0022 162 139 199 198
person 0.0020 104 162 157 213
person 0.0017 332 39 368 93
person 0.0017 156 143 213 238
person 0.0013 128 137 191 175
person 0.0011 271 190 287 204
person 0.0010 433 31 447 54
tvmonitor 0.8329 222 119 357 260
tvmonitor 0.5196 99 130 219 250
tvmonitor 0.0139 423 156 468 192
tvmonitor 0.0057 0 191 72 263
tvmonitor 0.0048 92 119 310 273
tvmonitor 0.0042 0 194 35 263
tvmonitor 0.0032 0 221 26 268
tvmonitor 0.0032 22 104 227 242
tvmonitor 0.0032 358 195 428 270
tvmonitor 0.0024 0 235 20 266
tvmonitor 0.0016 3 107 102 227
tvmonitor 0.0013 22 212 77 262
tvmonitor 0.0012 0 159 103 265
tvmonitor 0.0011 0 192 15 252
