bottle 0.0090 273 120 307 167
bottle 0.0034 266 114 321 230
bottle 0.0028 290 123 307 164
bottle 0.0024 275 121 320 184
bottle 0.0010 285 132 323 207
car 0.0015 1 307 50 331
chair 0.0014 -3 81 57 280
chair 0.0010 -1 36 57 188
chair 0.0010 302 220 387 331
person 0.6813 428 186 501 331
person 0.4794 376 213 439 330
person 0.3756 39 53 334 324
person 0.1118 382 199 479 333
person 0.0946 436 184 501 257
person 0.0630 258 113 326 322
person 0.0331 381 254 426 327
person 0.0220 192 89 330 326
person 0.0199 482 186 500 334
person 0.0144 200 49 288 155
person 0.0110 436 247 499 330
person 0.0091 66 48 283 167
person 0.0083 372 165 454 304
person 0.0074 -2 77 60 328
person 0.0073 0 81 57 187
person 0.0070 266 133 388 327
person 0.0062 224 51 288 114
person 0.0044 307 218 421 331
person 0.0042 162 50 315 186
person 0.0039 270 122 328 236
person 0.0036 152 53 408 320
person 0.0034 386 173 504 274
person 0.0034 484 171 500 250
person 0.0027 484 251 500 330
person 0.0020 490 156 500 229
person 0.0018 343 156 444 264
person 0.0018 382 222 426 304
person 0.0018 493 247 500 328
person 0.0015 493 178 500 247
person 0.0015 482 149 500 227
person 0.0013 205 51 268 120
person 0.0012 359 232 418 327
person 0.0012 469 156 500 243
person 0.0011 225 82 316 230
person 0.0011 391 212 437 289
person 0.0010 233 51 284 79
