bicycle 0.2035 261 182 395 492
bicycle 0.0363 25 114 377 494
bicycle 0.0207 319 219 393 486
bicycle 0.0098 2 188 213 491
bicycle 0.0014 293 120 394 361
bicycle 0.0010 355 93 392 229
bicycle 0.0010 335 333 390 497
bottle 0.0159 326 206 391 485
bottle 0.0058 99 175 128 246
bottle 0.0030 29 163 131 260
bottle 0.0018 75 95 151 300
bottle 0.0018 97 115 137 301
bottle 0.0014 102 154 130 278
bottle 0.0013 78 153 115 213
bottle 0.0011 74 155 96 203
bottle 0.0011 269 173 310 239
bottle 0.0010 65 137 132 246
chair 0.0024 272 125 322 185
motorbike 0.0426 238 141 397 486
motorbike 0.0058 313 175 390 442
motorbike 0.0035 267 113 391 375
motorbike 0.0012 232 208 357 403
person 0.2868 148 30 316 497
person 0.2211 66 4 179 213
person 0.0334 21 65 349 497
person 0.0286 30 5 176 421
person 0.0271 187 46 296 163
person 0.0046 160 47 308 281
person 0.0026 85 19 182 341
person 0.0022 174 62 378 376
person 0.0021 22 85 150 317
person 0.0014 63 5 300 267
person 0.0011 284 99 390 341
person 0.0010 354 114 393 249
person 0.0010 51 104 144 259
