boat 0.0020 476 220 499 296
bus 0.0073 0 219 51 294
bus 0.0039 0 113 63 296
bus 0.0027 2 81 186 322
bus 0.0015 0 216 20 304
car 0.8376 162 227 434 349
car 0.8142 2 260 84 306
car 0.6645 75 263 135 300
car 0.6531 118 265 159 297
car 0.2549 0 263 30 307
car 0.0411 46 261 122 301
car 0.0161 49 262 87 302
car 0.0097 0 263 7 314
car 0.0088 0 238 18 310
car 0.0055 136 263 164 294
car 0.0041 101 263 145 296
car 0.0033 11 263 57 303
car 0.0033 482 273 499 294
car 0.0029 0 235 5 310
car 0.0027 459 292 488 311
car 0.0027 486 276 500 307
car 0.0023 461 278 497 311
car 0.0016 471 270 498 300
car 0.0014 490 274 500 295
car 0.0013 0 279 4 314
person 0.0015 395 193 418 274
person 0.0013 462 275 481 305
pottedplant 0.0030 425 159 496 299
pottedplant 0.0013 339 -11 491 290
train 0.0044 0 45 216 323
