boat 0.0095 77 0 411 266
bus 0.4402 107 89 395 273
bus 0.0022 40 202 97 238
bus 0.0010 0 185 17 242
car 0.6904 0 212 17 249
car 0.0152 0 212 35 247
car 0.0071 0 205 15 235
car 0.0010 26 201 95 237
person 0.1148 77 219 86 238
person 0.0945 31 215 43 243
person 0.0108 67 211 87 238
person 0.0079 79 219 91 238
person 0.0059 41 204 50 238
person 0.0044 36 212 47 239
person 0.0036 288 126 314 154
person 0.0033 130 64 438 265
person 0.0030 92 220 101 239
person 0.0026 36 202 79 238
person 0.0024 75 213 89 238
person 0.0023 19 204 30 239
person 0.0022 98 219 110 238
person 0.0017 25 213 35 241
person 0.0013 125 195 142 247
person 0.0013 31 227 41 242
person 0.0012 83 221 93 239
person 0.0011 337 107 357 119
person 0.0010 268 120 294 167
person 0.0010 100 218 118 242
person 0.0010 81 215 98 237
person 0.0010 278 122 331 169
pottedplant 0.0010 103 218 137 252
train 0.0055 97 3 474 273
