bottle 0.0135 460 181 472 215
bottle 0.0074 251 191 277 216
bottle 0.0021 66 185 82 213
bottle 0.0014 278 126 292 139
bottle 0.0012 253 125 275 137
bottle 0.0010 250 126 290 141
cat 0.0010 131 169 161 189
chair 0.7469 320 111 396 205
chair 0.0088 244 137 303 188
chair 0.0075 48 153 95 208
chair 0.0050 405 136 470 217
chair 0.0045 326 108 391 162
chair 0.0038 156 73 201 177
chair 0.0030 329 149 390 205
chair 0.0016 379 100 410 171
chair 0.0012 145 162 190 190
chair 0.0012 131 161 199 201
chair 0.0010 246 188 293 218
dog 0.0195 52 29 95 79
dog 0.0012 55 30 92 58
person 0.0144 256 53 271 77
person 0.0047 51 28 95 84
person 0.0014 157 76 181 118
pottedplant 0.2137 77 182 100 212
pottedplant 0.1697 151 38 168 68
pottedplant 0.0326 57 166 100 213
pottedplant 0.0321 149 36 168 105
pottedplant 0.0170 145 36 176 73
pottedplant 0.0103 430 110 456 163
pottedplant 0.0092 65 179 96 209
pottedplant 0.0072 142 39 163 66
pottedplant 0.0064 416 108 461 194
pottedplant 0.0041 58 185 83 214
pottedplant 0.0032 149 43 189 101
pottedplant 0.0031 176 54 184 68
pottedplant 0.0025 157 41 179 74
pottedplant 0.0022 51 32 94 85
pottedplant 0.0022 177 60 187 72
pottedplant 0.0020 157 70 182 115
pottedplant 0.0018 74 179 125 216
pottedplant 0.0015 121 170 160 198
pottedplant 0.0014 67 191 83 213
pottedplant 0.0011 167 38 187 69
pottedplant 0.0011 161 74 183 102
pottedplant 0.0011 76 162 101 206
pottedplant 0.0010 156 65 201 143
sofa 0.0011 118 166 260 220
tvmonitor 0.0020 159 69 196 110
tvmonitor 0.0011 166 72 188 100
