bicycle 0.0019 482 194 499 257
bicycle 0.0010 489 190 500 250
bird 0.0098 80 32 109 75
bus 0.0667 10 64 151 294
car 0.0158 392 179 492 276
car 0.0043 56 134 106 156
car 0.0041 455 183 503 252
car 0.0019 427 178 485 226
car 0.0018 478 187 500 244
cat 0.0045 80 31 109 74
chair 0.0590 442 196 494 273
chair 0.0096 462 189 499 261
chair 0.0036 479 192 500 256
chair 0.0020 432 190 471 274
chair 0.0010 470 208 498 277
motorbike 0.1207 387 176 421 233
motorbike 0.0097 396 193 485 276
motorbike 0.0044 391 185 439 257
motorbike 0.0028 391 200 416 232
motorbike 0.0015 368 161 478 248
motorbike 0.0010 393 195 431 237
person 0.3717 388 171 422 231
person 0.1962 427 178 464 267
person 0.0900 409 178 479 274
person 0.0146 412 179 458 236
person 0.0129 434 176 469 231
person 0.0068 399 179 439 233
person 0.0042 397 167 427 210
person 0.0033 435 179 457 213
person 0.0030 391 173 417 207
person 0.0024 414 171 427 205
person 0.0019 400 164 479 236
person 0.0017 410 172 440 208
person 0.0015 429 173 492 225
person 0.0010 417 177 449 212
person 0.0010 439 186 476 269
person 0.0010 426 179 440 207
person 0.0010 400 195 422 230
train 0.0237 227 131 359 235
train 0.0095 134 123 408 245
train 0.0015 19 49 456 273
tvmonitor 0.0818 8 64 151 293
