bottle 0.0031 288 281 303 324
bottle 0.0016 428 131 454 233
chair 0.0680 35 231 180 375
chair 0.0079 43 230 113 284
chair 0.0073 38 223 172 289
chair 0.0052 349 146 430 284
chair 0.0017 -2 280 76 381
chair 0.0015 404 240 459 368
chair 0.0012 406 252 430 359
chair 0.0010 378 180 430 284
chair 0.0010 446 226 503 374
diningtable 0.0084 5 268 457 381
diningtable 0.0010 170 246 408 372
diningtable 0.0010 171 187 341 320
person 0.4243 144 165 240 282
person 0.1525 207 60 237 113
person 0.1330 141 168 340 261
person 0.0539 301 12 434 291
person 0.0364 169 167 254 250
person 0.0220 162 174 271 307
person 0.0219 126 178 194 282
person 0.0140 211 169 343 242
person 0.0123 43 185 186 286
person 0.0043 220 69 246 116
person 0.0033 241 174 344 282
person 0.0030 210 58 233 94
person 0.0017 42 220 113 283
person 0.0016 241 171 319 227
person 0.0013 86 166 204 270
sofa 0.5027 141 166 341 280
sofa 0.0680 32 230 183 375
sofa 0.0045 86 188 289 324
sofa 0.0017 166 192 347 323
sofa 0.0011 37 266 339 378
sofa 0.0010 112 154 316 240
tvmonitor 0.0011 486 60 500 157
