bicycle 0.0096 121 16 357 123
bicycle 0.0010 166 4 340 88
boat 0.0010 0 71 89 196
car 0.6527 14 27 475 361
car 0.0122 64 18 461 176
chair 0.0159 154 5 322 105
chair 0.0043 168 4 268 71
chair 0.0012 124 33 259 102
person 0.3719 7 89 32 125
person 0.1924 427 152 466 183
person 0.1252 385 147 453 307
person 0.1243 43 89 61 125
person 0.0726 44 74 80 117
person 0.0601 123 42 191 95
person 0.0553 5 83 37 181
person 0.0470 25 86 45 126
person 0.0331 30 79 49 121
person 0.0296 40 79 77 150
person 0.0232 30 60 134 366
person 0.0184 39 87 65 175
person 0.0182 1 82 23 181
person 0.0132 401 148 458 248
person 0.0095 53 72 80 101
person 0.0091 16 87 39 123
person 0.0090 420 152 490 285
person 0.0088 2 90 24 137
person 0.0084 423 149 451 181
person 0.0070 0 89 6 113
person 0.0064 29 86 79 187
person 0.0055 474 160 488 186
person 0.0051 35 74 48 105
person 0.0048 1 88 17 120
person 0.0045 102 33 214 110
person 0.0042 404 150 455 201
person 0.0037 118 25 259 97
person 0.0034 10 72 54 118
person 0.0031 0 90 14 169
person 0.0031 34 61 108 183
person 0.0027 337 120 458 307
person 0.0025 470 133 499 285
person 0.0025 25 77 106 279
person 0.0022 424 151 465 229
person 0.0020 350 71 370 90
person 0.0020 0 86 11 116
person 0.0018 3 49 37 129
person 0.0017 66 34 249 145
person 0.0014 95 32 166 103
person 0.0014 10 90 40 148
person 0.0013 483 127 499 266
person 0.0013 4 85 80 362
person 0.0013 51 74 92 130
person 0.0012 29 90 51 150
person 0.0010 5 85 69 245
