bicycle 0.0019 0 249 12 380
car 0.0419 0 128 7 154
car 0.0094 0 171 40 221
car 0.0068 0 125 13 151
car 0.0056 -1 141 49 224
car 0.0055 39 117 90 152
car 0.0024 0 135 13 159
car 0.0024 0 137 6 159
car 0.0022 0 118 6 146
car 0.0020 0 136 13 223
car 0.0019 0 118 45 187
car 0.0015 1 119 22 151
car 0.0012 2 119 41 151
motorbike 0.8773 80 161 209 285
motorbike 0.7790 0 177 99 308
motorbike 0.7628 446 128 500 182
motorbike 0.7529 415 138 462 196
motorbike 0.6202 181 160 265 262
motorbike 0.6042 294 153 403 234
motorbike 0.5715 253 141 339 240
motorbike 0.4623 341 139 428 217
motorbike 0.2416 451 113 488 175
motorbike 0.2278 374 155 428 216
motorbike 0.1885 390 133 452 202
motorbike 0.1628 220 146 318 231
motorbike 0.1597 200 156 277 232
motorbike 0.1306 480 127 500 181
motorbike 0.1231 425 124 479 184
motorbike 0.0619 368 138 426 198
motorbike 0.0473 484 115 499 168
motorbike 0.0400 332 139 402 197
motorbike 0.0346 114 158 240 257
motorbike 0.0283 0 179 25 302
motorbike 0.0262 400 127 440 189
motorbike 0.0258 374 131 412 168
motorbike 0.0208 143 164 217 286
motorbike 0.0203 418 123 454 183
motorbike 0.0198 260 144 322 213
motorbike 0.0132 271 138 353 210
motorbike 0.0112 129 163 210 232
motorbike 0.0092 358 132 414 182
motorbike 0.0092 0 159 42 231
motorbike 0.0075 227 161 284 221
motorbike 0.0061 0 139 57 273
motorbike 0.0058 318 179 397 231
motorbike 0.0043 217 171 263 245
motorbike 0.0029 321 140 375 191
motorbike 0.0028 1 176 32 371
motorbike 0.0026 156 159 234 236
motorbike 0.0026 489 122 500 159
motorbike 0.0023 0 163 17 228
motorbike 0.0022 81 174 163 269
motorbike 0.0016 431 154 463 196
motorbike 0.0016 288 159 353 222
motorbike 0.0015 157 182 260 289
motorbike 0.0015 288 177 370 238
motorbike 0.0012 484 151 499 192
motorbike 0.0012 202 191 262 260
motorbike 0.0010 343 144 390 223
motorbike 0.0010 476 123 498 159
person 0.7037 34 119 87 238
person 0.5932 453 109 476 153
person 0.5777 406 118 428 174
person 0.3046 428 117 459 171
person 0.2440 453 111 486 172
person 0.2058 433 114 453 140
person 0.1497 436 112 472 168
person 0.0992 488 113 500 156
person 0.0893 405 117 425 145
person 0.0573 453 109 474 132
person 0.0494 377 131 407 160
person 0.0356 423 114 447 141
person 0.0266 0 122 90 290
person 0.0230 417 113 437 139
person 0.0228 444 112 463 143
person 0.0189 491 108 500 141
person 0.0166 330 139 389 198
person 0.0121 408 121 440 184
person 0.0085 476 110 498 160
person 0.0081 332 141 372 179
person 0.0079 411 114 429 138
person 0.0064 457 110 486 136
person 0.0061 459 119 478 157
person 0.0043 464 113 483 143
person 0.0042 400 128 425 189
person 0.0041 425 121 447 157
person 0.0033 46 115 88 193
person 0.0029 403 127 423 163
person 0.0025 384 131 400 147
person 0.0023 440 120 460 157
person 0.0023 0 229 13 381
person 0.0019 438 114 453 128
person 0.0019 30 118 45 147
person 0.0019 456 107 473 122
person 0.0018 405 101 427 132
person 0.0017 418 108 444 134
person 0.0012 389 127 414 156
person 0.0010 414 122 433 157
person 0.0010 333 140 360 169
person 0.0010 21 128 117 261
pottedplant 0.0042 404 94 423 116
pottedplant 0.0025 403 98 428 132
pottedplant 0.0014 332 2 368 56
pottedplant 0.0013 299 0 369 55
