bottle 0.3081 74 5 316 502
bottle 0.0814 187 177 330 462
bottle 0.0344 84 140 268 433
bottle 0.0245 109 200 228 392
bottle 0.0106 184 182 323 319
bottle 0.0093 254 116 337 205
bottle 0.0048 37 225 333 493
bottle 0.0041 8 356 190 500
bottle 0.0019 83 136 218 331
bottle 0.0017 110 140 322 322
bottle 0.0014 44 361 304 501
bottle 0.0012 122 261 222 368
dog 0.0029 0 357 171 500
person 0.5657 74 1 335 501
person 0.0146 1 424 93 499
person 0.0053 7 213 322 498
person 0.0045 184 183 330 498
person 0.0026 -11 4 237 497
person 0.0015 0 330 125 499
tvmonitor 0.0052 273 122 333 206
