bird 0.1440 485 179 499 234
bird 0.0497 486 150 499 221
bird 0.0140 486 174 500 288
bird 0.0123 286 183 357 228
bird 0.0034 477 176 500 246
bird 0.0031 492 133 499 214
bird 0.0025 482 120 499 225
bird 0.0014 488 172 500 210
bird 0.0014 491 214 500 326
bird 0.0012 480 186 498 219
bird 0.0011 493 247 500 311
bird 0.0011 491 185 499 270
boat 0.0206 241 0 268 12
boat 0.0158 243 0 296 16
boat 0.0121 458 0 494 18
boat 0.0094 146 8 169 19
boat 0.0068 127 7 165 19
boat 0.0054 237 0 260 18
boat 0.0049 237 7 251 26
boat 0.0036 81 0 199 21
boat 0.0026 254 5 299 18
boat 0.0023 160 4 247 21
boat 0.0022 262 3 315 16
boat 0.0016 102 4 166 20
boat 0.0014 140 3 174 22
boat 0.0010 10 -88 512 24
boat 0.0010 229 0 268 25
car 0.0142 455 0 493 18
car 0.0077 485 11 500 24
car 0.0037 343 3 376 12
car 0.0032 380 0 411 9
car 0.0031 464 6 499 22
car 0.0011 362 0 406 9
car 0.0010 481 4 499 23
dog 0.9063 201 106 311 237
dog 0.0605 202 120 253 173
dog 0.0071 278 182 357 231
dog 0.0040 201 114 254 237
dog 0.0010 235 169 359 234
