bicycle 0.8849 207 171 337 320
bicycle 0.8805 24 167 204 324
bicycle 0.8210 320 161 428 293
bicycle 0.6299 461 162 499 280
bicycle 0.0262 475 117 499 275
bicycle 0.0186 304 172 392 318
bicycle 0.0091 104 185 210 324
bicycle 0.0019 354 145 445 280
bicycle 0.0017 481 138 499 201
bicycle 0.0014 81 176 158 322
bicycle 0.0014 261 183 364 312
bicycle 0.0013 478 152 500 239
bicycle 0.0013 18 191 126 331
bicycle 0.0012 419 156 510 287
boat 0.0010 142 -17 526 104
motorbike 0.0016 482 134 500 189
person 0.9294 59 71 237 289
person 0.9141 224 90 353 277
person 0.8936 349 83 444 265
person 0.4453 395 1 425 35
person 0.2102 408 3 444 44
person 0.1405 366 1 399 32
person 0.1400 374 0 417 36
person 0.0713 418 10 441 42
person 0.0668 479 114 499 257
person 0.0402 421 6 455 46
person 0.0133 487 99 500 194
person 0.0126 341 3 367 25
person 0.0107 468 38 487 54
person 0.0062 491 115 499 185
person 0.0053 481 35 500 58
person 0.0039 495 97 500 183
person 0.0032 425 4 478 46
person 0.0032 466 26 497 58
person 0.0022 344 0 384 29
person 0.0020 489 37 500 62
person 0.0015 347 84 444 170
person 0.0015 365 -1 393 21
person 0.0014 457 -84 498 -11
person 0.0013 419 3 450 30
person 0.0012 307 3 393 30
person 0.0011 458 20 490 53
person 0.0010 298 86 422 255
