chair 0.7693 293 239 364 330
chair 0.0490 136 232 266 338
chair 0.0076 223 235 365 335
chair 0.0058 165 242 240 326
chair 0.0049 51 241 190 335
chair 0.0035 53 281 120 333
chair 0.0030 183 250 233 301
chair 0.0024 331 245 363 331
chair 0.0016 278 276 359 337
chair 0.0010 217 279 346 334
diningtable 0.0037 166 242 357 333
person 0.0104 178 132 199 153
person 0.0015 170 128 190 153
pottedplant 0.4070 43 222 260 336
pottedplant 0.0484 429 294 488 334
pottedplant 0.0203 147 229 318 334
pottedplant 0.0184 429 304 465 334
pottedplant 0.0124 219 233 363 332
pottedplant 0.0112 214 232 281 287
pottedplant 0.0087 237 233 278 276
pottedplant 0.0071 150 223 232 326
pottedplant 0.0058 216 231 297 317
pottedplant 0.0045 133 178 184 224
pottedplant 0.0029 180 228 284 298
pottedplant 0.0011 168 294 256 333
pottedplant 0.0011 167 248 250 331
tvmonitor 0.0012 476 62 499 104
tvmonitor 0.0011 426 79 500 337
