bottle 0.0677 46 158 55 185
bottle 0.0329 486 344 499 375
bottle 0.0309 32 148 57 188
bottle 0.0131 413 256 436 307
bottle 0.0122 421 343 461 378
bottle 0.0119 42 159 58 191
bottle 0.0089 415 257 434 285
bottle 0.0088 36 157 48 185
bottle 0.0073 5 133 51 227
bottle 0.0069 21 168 32 196
bottle 0.0057 382 301 489 378
bottle 0.0033 26 166 37 191
bottle 0.0032 45 151 56 175
bottle 0.0026 13 147 41 194
bottle 0.0021 408 257 447 316
bottle 0.0020 471 342 502 379
bottle 0.0015 34 168 45 192
bottle 0.0015 103 167 127 192
bottle 0.0014 488 325 500 374
bottle 0.0014 467 197 481 218
bottle 0.0013 459 194 488 222
bottle 0.0013 23 171 38 206
bottle 0.0011 14 172 33 205
bottle 0.0011 477 198 490 220
bottle 0.0011 89 141 137 218
bottle 0.0010 400 309 457 373
chair 0.1655 -1 188 94 373
chair 0.0311 240 75 332 161
chair 0.0305 186 165 244 254
chair 0.0289 189 167 299 260
chair 0.0206 -3 217 49 375
chair 0.0185 90 280 231 378
chair 0.0155 74 189 157 311
chair 0.0123 16 258 108 374
chair 0.0104 0 140 63 348
chair 0.0084 6 186 77 299
chair 0.0078 26 187 105 330
chair 0.0032 172 283 234 376
chair 0.0030 0 172 36 338
chair 0.0027 223 80 353 202
chair 0.0021 12 241 215 377
chair 0.0020 228 182 295 251
chair 0.0018 149 133 236 301
chair 0.0018 0 283 35 375
chair 0.0017 333 162 367 179
chair 0.0017 49 195 135 337
chair 0.0015 0 199 21 364
chair 0.0015 264 148 418 229
chair 0.0011 315 195 365 241
chair 0.0010 278 188 364 247
diningtable 0.2737 385 187 499 281
diningtable 0.1036 197 159 366 249
diningtable 0.0300 20 143 140 296
diningtable 0.0298 189 166 299 261
diningtable 0.0218 3 162 106 348
diningtable 0.0153 148 156 464 267
diningtable 0.0144 362 279 504 376
diningtable 0.0084 419 155 502 259
diningtable 0.0067 8 151 100 268
diningtable 0.0055 40 157 439 324
diningtable 0.0050 421 203 498 252
diningtable 0.0045 11 192 96 294
diningtable 0.0043 219 178 457 333
diningtable 0.0034 126 143 306 269
diningtable 0.0029 365 169 498 248
diningtable 0.0022 260 177 409 262
diningtable 0.0022 232 142 450 238
diningtable 0.0021 402 203 502 325
diningtable 0.0019 279 197 489 369
diningtable 0.0018 275 166 364 243
diningtable 0.0015 229 156 372 217
diningtable 0.0012 390 256 498 323
diningtable 0.0011 42 171 113 293
person 0.6951 74 82 212 311
person 0.6654 349 128 435 234
person 0.6450 8 130 51 184
person 0.6206 281 235 411 375
person 0.6142 55 118 98 176
person 0.5962 432 110 497 185
person 0.4192 194 289 322 376
person 0.2466 0 130 62 278
person 0.1029 5 133 116 279
person 0.0567 0 127 21 287
person 0.0505 0 120 13 193
person 0.0392 103 81 147 132
person 0.0270 356 159 495 284
person 0.0254 -3 136 47 367
person 0.0238 460 165 502 292
person 0.0235 49 117 136 273
person 0.0233 480 178 500 307
person 0.0230 68 127 160 309
person 0.0212 57 110 138 184
person 0.0187 93 81 153 157
person 0.0097 363 115 498 228
person 0.0093 230 291 380 377
person 0.0085 163 282 271 379
person 0.0076 0 111 8 184
person 0.0075 0 106 37 256
person 0.0074 89 75 234 165
person 0.0071 477 103 501 183
person 0.0061 162 245 372 379
person 0.0058 0 134 17 232
person 0.0054 -3 85 43 172
person 0.0051 0 90 17 176
person 0.0051 204 203 425 370
person 0.0048 1 136 27 191
person 0.0048 385 112 484 193
person 0.0047 261 183 415 325
person 0.0046 252 294 324 373
person 0.0046 112 84 140 119
person 0.0044 130 111 222 315
person 0.0043 13 122 102 184
person 0.0043 66 87 171 197
person 0.0040 469 194 500 334
person 0.0035 427 112 473 174
person 0.0032 187 283 239 374
person 0.0031 491 206 500 287
person 0.0029 320 167 467 321
person 0.0029 -10 128 83 223
person 0.0028 0 160 32 322
person 0.0027 435 191 500 314
person 0.0025 96 88 136 144
person 0.0025 488 112 500 181
person 0.0025 456 115 500 214
person 0.0024 315 196 365 242
person 0.0023 482 119 501 213
person 0.0020 109 78 157 116
person 0.0019 84 126 142 260
person 0.0017 264 225 378 339
person 0.0016 3 128 40 161
person 0.0016 479 91 501 270
person 0.0016 27 138 61 181
person 0.0015 0 142 8 179
person 0.0015 367 127 437 194
person 0.0015 65 124 111 190
person 0.0015 90 72 269 253
person 0.0014 0 139 9 215
person 0.0014 309 139 431 270
person 0.0013 18 137 47 176
person 0.0013 16 146 87 248
person 0.0012 461 131 497 185
person 0.0011 489 189 500 254
person 0.0011 99 78 216 130
person 0.0010 491 132 500 199
person 0.0010 484 196 499 273
person 0.0010 483 214 500 342
person 0.0010 0 91 5 168
pottedplant 0.0011 0 306 32 375
