aeroplane 0.0012 96 133 121 144
boat 0.7714 60 18 289 442
boat 0.0649 30 427 145 465
boat 0.0103 75 431 151 462
boat 0.0056 96 134 121 144
boat 0.0042 38 387 143 464
boat 0.0031 -84 465 0 500
boat 0.0018 254 164 280 177
boat 0.0013 31 311 166 449
boat 0.0011 -11 211 220 470
person 0.6760 55 352 126 441
person 0.1215 75 401 135 457
person 0.0760 86 392 126 445
person 0.0067 79 430 146 461
person 0.0041 64 370 151 455
person 0.0023 160 319 175 341
person 0.0021 58 396 118 448
person 0.0020 73 401 90 439
person 0.0018 52 354 92 438
person 0.0014 64 377 94 439
person 0.0011 175 217 195 241
