bus 0.0393 5 73 297 335
bus 0.0120 301 176 349 236
bus 0.0035 4 120 119 282
bus 0.0027 451 146 504 296
bus 0.0025 362 177 385 201
bus 0.0018 331 169 398 235
bus 0.0017 10 92 176 320
bus 0.0013 279 186 337 230
bus 0.0011 213 126 402 286
bus 0.0010 16 171 95 243
bus 0.0010 317 176 354 222
person 0.6494 365 204 405 293
person 0.1678 311 210 328 257
person 0.0363 310 200 342 254
person 0.0170 323 213 341 255
person 0.0129 458 -10 500 177
person 0.0119 386 203 411 289
person 0.0109 396 207 414 285
person 0.0102 434 -18 504 307
person 0.0101 441 228 463 281
person 0.0077 477 -7 500 119
person 0.0074 357 209 378 255
person 0.0062 331 209 353 247
person 0.0059 350 200 402 265
person 0.0058 342 207 357 242
person 0.0057 315 215 335 258
person 0.0056 378 197 403 244
person 0.0044 325 207 344 241
person 0.0035 412 211 462 294
person 0.0026 332 209 346 237
person 0.0026 380 212 403 281
person 0.0024 394 199 424 294
person 0.0024 278 102 319 180
person 0.0020 321 190 345 241
person 0.0019 374 190 426 288
person 0.0018 449 -2 500 100
person 0.0017 15 169 99 263
person 0.0017 388 -7 502 200
person 0.0017 439 217 480 292
person 0.0015 359 207 390 285
person 0.0012 359 176 400 231
person 0.0011 336 198 439 297
person 0.0010 382 196 402 223
train 0.3199 8 85 321 363
train 0.0139 55 124 334 277
train 0.0044 30 87 382 237
train 0.0026 46 28 479 274
train 0.0025 68 126 346 202
train 0.0012 145 134 334 190
