bottle 0.0031 127 293 202 374
bottle 0.0014 430 220 502 375
bottle 0.0014 132 320 329 377
bottle 0.0012 440 57 503 200
bottle 0.0010 143 -1 243 33
cat 0.3066 140 64 491 353
cat 0.0180 154 55 338 313
cat 0.0052 24 71 361 364
cat 0.0048 222 43 501 251
cat 0.0014 167 207 487 375
dog 0.0084 1 80 181 373
dog 0.0060 297 75 494 266
dog 0.0028 207 56 500 347
dog 0.0022 9 54 323 354
dog 0.0014 432 97 503 352
person 0.0125 0 45 177 369
person 0.0052 -3 26 84 332
person 0.0032 182 4 496 257
person 0.0022 -2 33 52 222
person 0.0022 0 39 29 201
person 0.0021 0 29 18 161
person 0.0010 0 24 13 122
tvmonitor 0.0061 141 -2 253 38
