bottle 0.5081 0 253 50 373
bottle 0.1019 -3 240 179 375
bottle 0.0169 49 210 326 377
bottle 0.0107 153 260 271 375
bottle 0.0096 0 107 65 365
bottle 0.0069 0 327 21 372
bottle 0.0066 0 85 17 380
bottle 0.0052 1 143 209 376
bottle 0.0050 0 198 42 348
bottle 0.0047 115 268 393 375
bottle 0.0047 0 310 35 374
bottle 0.0031 -1 245 44 318
bottle 0.0026 88 217 199 348
bottle 0.0023 0 227 22 335
bottle 0.0019 6 253 90 377
bottle 0.0019 0 185 13 325
bottle 0.0017 108 217 250 371
bottle 0.0012 -36 142 416 371
bottle 0.0011 0 227 8 304
bottle 0.0011 178 276 329 378
bottle 0.0010 0 131 14 281
person 0.5969 20 18 496 372
person 0.0413 0 75 73 329
person 0.0131 0 30 260 376
person 0.0057 0 77 35 363
person 0.0035 286 59 498 377
person 0.0030 2 61 140 380
person 0.0028 0 87 17 353
person 0.0014 441 69 499 380
person 0.0013 0 84 71 212
person 0.0012 377 -18 500 378
person 0.0011 147 5 430 244
