bird 0.4740 199 214 302 470
bird 0.3278 72 27 179 267
bird 0.0920 199 208 265 290
bird 0.0266 35 35 178 388
bird 0.0199 201 210 290 363
bird 0.0126 198 300 335 500
bird 0.0100 63 33 156 152
bird 0.0050 110 23 182 218
bird 0.0042 200 206 251 261
bird 0.0034 99 60 199 324
bird 0.0029 180 213 267 429
bird 0.0026 226 -1 281 36
bird 0.0023 71 24 263 403
bird 0.0017 167 156 276 364
bird 0.0017 183 165 322 268
bird 0.0017 221 233 320 406
bird 0.0016 122 130 317 358
bird 0.0012 163 135 336 221
bird 0.0012 29 46 389 444
bird 0.0011 196 303 270 458
bird 0.0010 226 -1 289 18
