bottle 0.0222 50 111 106 154
bottle 0.0063 56 85 78 113
bottle 0.0020 184 28 305 123
bottle 0.0010 300 89 354 117
cat 0.0015 350 92 434 137
chair 0.0082 465 15 499 180
chair 0.0059 186 33 296 143
chair 0.0051 446 216 500 374
chair 0.0019 263 146 496 375
chair 0.0017 406 167 500 374
chair 0.0016 466 66 499 149
dog 0.6641 54 89 267 199
dog 0.4980 211 134 482 276
dog 0.1534 346 118 499 228
dog 0.1096 243 117 482 216
dog 0.0713 23 93 458 274
dog 0.0568 45 93 171 183
dog 0.0532 48 107 121 158
dog 0.0437 281 86 441 143
dog 0.0271 55 114 102 153
dog 0.0140 81 104 386 206
dog 0.0129 360 97 461 168
dog 0.0106 289 90 363 128
dog 0.0096 240 162 410 280
dog 0.0075 105 112 522 365
dog 0.0048 254 138 437 202
dog 0.0039 54 92 162 143
dog 0.0035 374 104 500 370
dog 0.0031 353 92 428 135
dog 0.0029 375 118 459 195
dog 0.0025 139 85 445 174
dog 0.0020 264 147 497 375
dog 0.0019 31 73 148 156
dog 0.0018 323 92 472 192
dog 0.0018 207 121 381 251
dog 0.0015 56 104 110 134
dog 0.0013 55 85 78 112
dog 0.0012 141 103 289 192
dog 0.0011 294 88 345 118
dog 0.0010 278 138 458 242
person 0.0243 0 1 83 157
person 0.0053 378 123 499 371
person 0.0033 0 -28 83 331
person 0.0019 -1 -1 162 150
person 0.0014 53 45 470 212
person 0.0012 476 1 500 137
person 0.0012 448 177 499 373
person 0.0010 20 54 159 167
sofa 0.0658 5 93 465 305
sofa 0.0028 24 50 444 219
tvmonitor 0.1166 297 3 403 105
tvmonitor 0.0188 302 1 399 52
tvmonitor 0.0062 468 13 500 148
tvmonitor 0.0021 307 47 396 103
tvmonitor 0.0017 485 5 499 61
tvmonitor 0.0010 336 1 410 44
