boat 0.7400 249 201 323 234
boat 0.7010 0 117 21 192
boat 0.3357 478 178 500 202
boat 0.2949 446 187 475 205
boat 0.1416 482 148 499 201
boat 0.0470 0 153 19 191
boat 0.0201 248 205 289 233
boat 0.0103 488 105 500 192
boat 0.0074 446 184 491 225
boat 0.0073 487 137 499 182
boat 0.0072 0 73 28 197
boat 0.0060 -2 119 45 191
boat 0.0051 447 175 482 206
boat 0.0038 273 202 296 229
boat 0.0037 0 109 13 180
boat 0.0033 479 185 501 212
boat 0.0027 451 186 503 205
boat 0.0026 468 132 500 204
boat 0.0026 279 202 321 229
boat 0.0025 462 243 499 273
boat 0.0024 -6 138 291 224
boat 0.0024 478 98 499 196
boat 0.0021 484 171 500 269
boat 0.0020 0 170 19 197
boat 0.0018 445 149 496 197
boat 0.0017 453 167 506 205
boat 0.0015 463 176 498 265
boat 0.0015 494 101 499 182
boat 0.0013 452 108 500 212
boat 0.0011 465 212 500 278
boat 0.0011 445 251 499 279
person 0.0051 307 204 322 227
person 0.0030 279 203 300 228
person 0.0028 265 199 304 230
