cow 0.7306 273 87 402 167
cow 0.0699 369 93 407 128
cow 0.0067 314 89 404 144
cow 0.0020 253 85 349 160
cow 0.0010 282 80 405 129
dog 0.0030 1 90 43 156
horse 0.3414 -2 86 43 199
horse 0.2196 445 68 474 125
horse 0.1431 195 76 232 171
horse 0.0148 0 92 40 154
horse 0.0054 448 88 470 124
horse 0.0016 0 106 26 189
horse 0.0014 0 68 33 142
person 0.5610 445 44 475 118
person 0.5171 192 64 234 166
person 0.0957 195 61 233 121
person 0.0163 447 42 476 82
person 0.0162 -2 28 41 154
person 0.0070 198 62 230 94
person 0.0060 0 17 16 148
person 0.0032 0 53 27 164
person 0.0016 0 68 7 141
person 0.0015 -4 -165 96 -27
person 0.0014 485 44 501 120
