bottle 0.0023 209 225 249 307
chair 0.0071 55 194 105 331
chair 0.0014 335 181 442 332
chair 0.0012 77 131 243 334
chair 0.0010 -1 182 73 331
diningtable 0.0040 198 252 312 336
diningtable 0.0014 228 275 326 334
person 0.7374 297 69 392 330
person 0.6993 -2 53 76 327
person 0.6943 79 0 251 332
person 0.3229 232 73 307 299
person 0.2059 215 174 301 291
person 0.1245 246 72 307 193
person 0.1141 374 89 456 320
person 0.0276 282 63 357 153
person 0.0276 0 56 26 320
person 0.0244 254 75 300 146
person 0.0197 -2 55 65 202
person 0.0135 278 75 314 141
person 0.0110 188 42 302 329
person 0.0098 219 59 249 132
person 0.0091 263 75 295 115
person 0.0088 254 69 356 324
person 0.0079 0 58 37 183
person 0.0078 0 59 17 181
person 0.0077 290 70 324 143
person 0.0064 264 74 317 167
person 0.0041 149 30 264 313
person 0.0035 265 69 346 197
person 0.0031 211 60 258 177
person 0.0029 61 105 85 163
person 0.0022 284 77 307 127
person 0.0017 -4 98 41 338
person 0.0016 75 106 94 163
person 0.0016 240 67 289 120
person 0.0015 278 79 299 110
person 0.0014 27 42 100 331
person 0.0014 189 152 229 188
person 0.0013 452 35 504 332
person 0.0013 232 61 256 117
person 0.0012 0 36 13 137
person 0.0012 0 154 16 316
person 0.0010 102 13 232 215
person 0.0010 0 72 10 152
pottedplant 0.0555 206 245 254 330
pottedplant 0.0095 203 262 302 335
pottedplant 0.0027 214 239 249 304
pottedplant 0.0021 209 280 276 333
pottedplant 0.0010 315 264 372 334
tvmonitor 0.0018 364 33 437 114
