bottle 0.4112 86 276 119 357
bottle 0.0135 102 270 126 348
bottle 0.0076 125 257 160 350
bottle 0.0048 72 236 221 365
bottle 0.0033 172 232 188 285
bottle 0.0033 0 157 12 222
bottle 0.0027 97 246 141 345
bottle 0.0027 114 265 148 346
bottle 0.0022 106 248 167 339
bottle 0.0021 79 246 129 352
bottle 0.0018 77 290 134 367
bottle 0.0017 111 276 128 340
chair 0.0169 210 158 500 378
chair 0.0071 163 199 404 376
chair 0.0046 0 174 58 335
chair 0.0040 318 216 500 376
chair 0.0020 0 194 37 318
diningtable 0.0808 -1 206 378 384
diningtable 0.0049 18 172 313 331
diningtable 0.0048 0 248 229 388
diningtable 0.0010 52 284 363 381
diningtable 0.0010 51 287 162 371
person 0.5598 9 134 126 301
person 0.4876 186 127 320 330
person 0.3222 279 91 501 372
person 0.0532 175 147 404 354
person 0.0363 -1 142 81 338
person 0.0234 106 130 287 276
person 0.0148 -3 162 41 338
person 0.0146 171 277 352 377
person 0.0144 42 135 137 236
person 0.0135 0 147 13 289
person 0.0104 98 201 424 380
person 0.0102 204 128 321 245
person 0.0089 361 124 389 168
person 0.0076 119 160 225 272
person 0.0070 394 88 502 372
person 0.0062 0 151 20 338
person 0.0057 32 133 239 282
person 0.0053 245 151 316 284
person 0.0041 1 131 69 261
person 0.0024 265 161 317 251
person 0.0016 170 131 297 209
person 0.0013 398 86 500 235
person 0.0013 0 154 17 231
person 0.0013 226 170 308 332
person 0.0012 0 181 6 263
person 0.0011 230 155 379 305
person 0.0011 225 207 394 368
person 0.0010 16 135 97 236
person 0.0010 352 116 395 175
person 0.0010 91 110 225 256
pottedplant 0.7487 123 85 201 165
pottedplant 0.0868 189 141 232 166
pottedplant 0.0241 435 0 499 89
pottedplant 0.0166 125 248 156 289
pottedplant 0.0117 188 142 238 189
pottedplant 0.0111 74 254 117 298
pottedplant 0.0108 0 152 12 215
pottedplant 0.0094 157 132 265 203
pottedplant 0.0052 173 124 233 172
pottedplant 0.0049 4 326 52 362
pottedplant 0.0030 71 238 151 314
pottedplant 0.0029 158 91 202 161
pottedplant 0.0025 34 213 256 351
pottedplant 0.0024 157 313 190 356
pottedplant 0.0023 69 226 198 293
pottedplant 0.0022 74 247 122 347
pottedplant 0.0019 122 131 143 168
pottedplant 0.0019 190 145 213 163
pottedplant 0.0018 115 247 160 313
pottedplant 0.0014 183 136 212 164
pottedplant 0.0012 122 123 156 166
pottedplant 0.0012 193 135 248 176
pottedplant 0.0010 137 97 184 163
pottedplant 0.0010 117 93 151 165
pottedplant 0.0010 143 83 205 140
sofa 0.1025 147 143 475 362
sofa 0.0199 13 155 365 353
sofa 0.0094 52 151 285 292
sofa 0.0024 119 250 497 380
tvmonitor 0.0035 0 93 19 152
