bottle 0.0281 196 100 240 194
bottle 0.0060 249 176 268 214
bottle 0.0048 206 134 231 189
bottle 0.0039 285 205 314 259
bottle 0.0014 235 174 252 216
bottle 0.0012 188 175 418 298
bottle 0.0011 461 164 500 377
chair 0.0290 15 186 69 292
chair 0.0083 0 185 33 293
chair 0.0049 1 187 66 361
chair 0.0014 41 92 103 173
chair 0.0013 16 188 62 244
chair 0.0012 0 162 35 379
chair 0.0010 200 337 365 374
diningtable 0.7185 140 178 499 377
diningtable 0.0177 -43 120 468 378
diningtable 0.0111 102 138 435 321
diningtable 0.0040 39 94 103 174
diningtable 0.0031 -9 251 441 378
diningtable 0.0020 175 305 493 372
diningtable 0.0017 206 336 414 372
diningtable 0.0017 146 96 426 230
diningtable 0.0011 165 123 508 265
diningtable 0.0010 162 258 408 369
person 0.7362 289 59 401 205
person 0.6907 187 97 245 173
person 0.6742 376 73 462 244
person 0.5675 36 81 205 322
person 0.5041 250 88 326 183
person 0.4725 431 49 500 277
person 0.3161 -2 281 155 374
person 0.0621 264 89 316 157
person 0.0554 397 73 459 174
person 0.0395 265 75 368 188
person 0.0228 450 79 500 352
person 0.0221 190 98 290 183
person 0.0214 154 90 246 200
person 0.0184 387 64 503 363
person 0.0173 439 41 500 172
person 0.0145 71 75 211 237
person 0.0131 21 181 71 286
person 0.0087 93 93 241 342
person 0.0085 29 129 96 279
person 0.0075 52 90 113 179
person 0.0074 2 281 80 371
person 0.0060 397 76 488 210
person 0.0060 6 185 124 365
person 0.0051 40 165 65 215
person 0.0048 14 99 135 310
person 0.0034 0 216 37 374
person 0.0031 0 171 25 255
person 0.0030 0 238 12 378
person 0.0028 19 174 67 240
person 0.0027 472 51 500 312
person 0.0026 307 62 385 163
person 0.0026 130 85 209 226
person 0.0025 299 72 466 257
person 0.0024 228 89 308 156
person 0.0024 7 93 412 359
person 0.0020 0 83 18 283
person 0.0019 57 73 155 198
person 0.0019 35 146 74 225
person 0.0018 201 94 267 150
person 0.0016 477 123 500 388
person 0.0016 0 -1 40 303
person 0.0014 267 73 341 154
person 0.0013 0 188 19 378
person 0.0013 0 18 31 195
person 0.0013 9 92 71 278
person 0.0012 118 92 299 225
person 0.0011 0 11 72 228
person 0.0010 -19 276 282 375
person 0.0010 0 291 31 373
tvmonitor 0.0157 0 191 20 241
tvmonitor 0.0071 0 183 30 278
tvmonitor 0.0056 32 77 65 108
tvmonitor 0.0013 14 53 72 148
