car 0.3559 119 187 143 231
chair 0.0029 98 27 507 351
person 0.0236 297 0 364 56
person 0.0231 293 0 476 84
person 0.0228 116 78 144 241
person 0.0092 372 0 500 90
person 0.0059 125 -1 283 61
person 0.0046 443 0 499 109
person 0.0038 318 -5 498 225
person 0.0037 355 1 451 63
person 0.0027 433 -8 499 206
person 0.0025 305 0 433 53
person 0.0023 417 0 497 64
person 0.0013 376 2 455 42
tvmonitor 0.4410 135 32 346 201
tvmonitor 0.0270 294 0 479 85
tvmonitor 0.0124 116 36 444 268
tvmonitor 0.0123 325 71 495 234
tvmonitor 0.0112 286 -4 500 216
tvmonitor 0.0079 211 50 344 179
tvmonitor 0.0045 118 0 286 175
tvmonitor 0.0032 472 79 500 225
tvmonitor 0.0013 448 21 501 224
