aeroplane 0.0013 81 96 109 110
cow 0.8621 150 152 207 248
cow 0.8202 245 154 359 291
cow 0.7640 106 133 140 187
cow 0.5612 137 133 168 179
cow 0.1152 296 189 364 268
cow 0.0380 169 134 197 154
cow 0.0342 181 141 227 190
cow 0.0327 129 135 152 183
cow 0.0274 143 134 203 174
cow 0.0214 172 137 210 169
cow 0.0202 67 168 113 202
cow 0.0188 146 132 191 161
cow 0.0150 160 138 222 225
cow 0.0137 170 133 194 144
cow 0.0119 140 130 167 151
cow 0.0090 104 134 124 181
cow 0.0070 142 130 165 141
cow 0.0056 117 143 141 182
cow 0.0048 164 134 195 168
cow 0.0042 134 147 157 188
cow 0.0036 138 127 200 206
cow 0.0033 328 188 370 257
cow 0.0029 158 139 210 193
cow 0.0028 187 152 218 201
cow 0.0026 246 154 307 272
cow 0.0025 119 131 145 172
cow 0.0022 118 130 139 149
cow 0.0018 161 132 189 149
cow 0.0015 103 131 127 158
cow 0.0014 80 97 109 110
cow 0.0014 149 131 175 150
cow 0.0014 120 131 139 139
cow 0.0012 152 130 183 145
cow 0.0012 323 180 363 235
cow 0.0010 136 130 177 233
diningtable 0.0010 -3 309 403 500
pottedplant 0.0010 20 345 143 494
sheep 0.0074 312 193 364 259
sheep 0.0037 323 183 362 237
sheep 0.0025 339 209 375 260
