bottle 0.4802 183 203 301 498
bottle 0.2386 198 146 253 314
bottle 0.1902 186 56 263 461
bottle 0.0547 181 127 282 341
bottle 0.0303 180 202 258 417
bottle 0.0106 113 67 320 501
bottle 0.0095 199 127 249 241
bottle 0.0075 290 256 376 499
bottle 0.0061 213 143 304 388
bottle 0.0047 221 213 298 320
bottle 0.0046 278 236 323 496
bottle 0.0019 221 383 233 425
bottle 0.0012 262 250 306 333
bottle 0.0011 204 315 282 479
person 0.6490 -5 1 336 502
person 0.0051 222 393 236 427
person 0.0031 232 397 252 432
pottedplant 0.0011 307 334 374 497
