bottle 0.0031 491 106 499 150
chair 0.2471 412 68 497 210
chair 0.2046 377 69 497 273
chair 0.0457 4 108 221 363
chair 0.0239 420 154 501 294
chair 0.0073 369 75 476 198
chair 0.0056 343 127 490 306
chair 0.0044 70 225 352 372
chair 0.0034 431 105 497 258
chair 0.0031 0 173 151 360
chair 0.0029 366 117 450 243
chair 0.0027 374 172 485 288
chair 0.0022 452 175 500 287
chair 0.0022 379 135 419 176
chair 0.0020 379 182 503 355
chair 0.0020 377 135 438 223
chair 0.0015 0 83 149 305
chair 0.0012 353 107 445 195
person 0.5943 302 181 427 337
person 0.5207 272 74 346 209
person 0.5007 192 93 282 212
person 0.2878 192 127 299 317
person 0.2010 109 83 205 248
person 0.1817 5 89 217 352
person 0.1689 298 126 408 290
person 0.1514 78 93 294 353
person 0.1344 12 85 162 272
person 0.0627 258 116 381 338
person 0.0548 157 92 295 251
person 0.0240 314 178 393 279
person 0.0232 169 110 401 346
person 0.0200 229 87 346 315
person 0.0186 192 95 255 174
person 0.0156 113 93 249 295
person 0.0146 191 138 257 218
person 0.0126 286 122 379 244
person 0.0083 206 122 288 242
person 0.0080 272 85 422 209
person 0.0074 56 165 420 375
person 0.0050 329 163 476 328
person 0.0047 306 128 375 209
person 0.0046 272 75 341 147
person 0.0031 269 120 341 287
person 0.0028 202 94 272 150
person 0.0016 326 136 400 251
person 0.0015 297 169 370 315
person 0.0013 293 119 410 196
person 0.0012 293 96 483 266
person 0.0011 64 91 148 245
person 0.0010 343 128 446 261
person 0.0010 250 139 310 273
person 0.0010 152 129 261 230
sofa 0.1645 1 115 321 362
sofa 0.0178 117 124 454 364
tvmonitor 0.1397 359 75 410 126
tvmonitor 0.0039 380 136 416 175
tvmonitor 0.0014 335 64 440 155
