bird 0.5848 213 97 267 242
bird 0.0463 221 98 256 136
bird 0.0205 220 100 261 181
bird 0.0064 252 107 284 144
bird 0.0051 237 102 272 137
bird 0.0036 245 104 288 230
bird 0.0036 242 105 276 173
bird 0.0033 223 47 256 76
bird 0.0030 215 98 251 159
bird 0.0026 258 110 354 269
bird 0.0025 183 55 258 130
bird 0.0020 189 96 237 242
bird 0.0017 246 105 318 252
bird 0.0017 228 116 280 252
bird 0.0016 218 167 253 239
bird 0.0015 251 105 270 136
bird 0.0014 158 85 282 261
bird 0.0011 206 92 251 199
bird 0.0010 219 42 266 112
