bicycle 0.4486 24 276 62 311
bicycle 0.0128 25 257 45 307
bicycle 0.0025 251 277 273 290
bicycle 0.0023 36 282 62 307
boat 0.0064 323 -1 502 301
bottle 0.0035 280 19 303 97
bus 0.0011 220 19 485 295
car 0.9218 305 285 484 345
car 0.0634 462 252 489 264
car 0.0038 461 245 498 265
car 0.0012 402 259 459 281
car 0.0010 251 277 274 290
chair 0.0010 95 297 133 334
motorbike 0.0020 251 277 274 289
person 0.0156 26 256 44 306
person 0.0155 482 124 500 166
person 0.0014 488 119 499 209
pottedplant 0.0406 0 173 22 263
pottedplant 0.0047 212 137 243 272
pottedplant 0.0044 0 165 11 239
pottedplant 0.0040 0 209 22 292
pottedplant 0.0038 117 107 167 293
pottedplant 0.0033 175 131 216 267
pottedplant 0.0028 252 277 274 289
pottedplant 0.0021 326 155 382 227
pottedplant 0.0020 128 88 161 228
pottedplant 0.0018 180 150 242 283
pottedplant 0.0018 126 -15 235 320
pottedplant 0.0016 320 165 395 286
pottedplant 0.0013 120 10 182 298
pottedplant 0.0011 232 13 497 326
