bottle 0.0016 309 322 465 375
cat 0.2521 186 142 244 187
cat 0.0102 193 141 286 193
cat 0.0033 170 124 290 206
cat 0.0011 129 94 358 240
chair 0.0147 -35 4 492 421
chair 0.0113 344 139 499 261
chair 0.0112 3 83 329 374
chair 0.0058 0 217 121 378
chair 0.0024 462 215 500 378
chair 0.0020 0 138 164 372
chair 0.0014 411 163 501 260
chair 0.0011 0 181 35 382
diningtable 0.3323 -7 152 463 379
dog 0.3199 52 155 214 216
dog 0.0656 33 130 230 254
dog 0.0475 106 162 208 204
dog 0.0427 14 154 149 219
dog 0.0374 73 139 295 212
dog 0.0076 -2 82 230 377
dog 0.0033 111 146 246 197
dog 0.0031 15 130 314 329
dog 0.0024 183 139 243 186
dog 0.0018 0 133 177 326
person 0.0154 250 34 273 61
pottedplant 0.6389 278 96 353 175
pottedplant 0.0042 282 130 349 187
pottedplant 0.0030 285 92 403 180
pottedplant 0.0029 361 0 498 158
pottedplant 0.0024 281 125 312 189
pottedplant 0.0022 294 100 343 159
pottedplant 0.0019 347 78 497 160
pottedplant 0.0010 258 102 379 208
sofa 0.8700 313 135 500 258
sofa 0.1515 8 138 437 373
sofa 0.0333 -10 102 380 255
sofa 0.0038 338 135 494 191
sofa 0.0014 98 115 328 223
