aeroplane 0.0015 424 113 503 171
bus 0.0042 449 136 499 173
car 0.0055 0 119 18 145
car 0.0037 485 164 499 203
car 0.0035 485 157 500 185
car 0.0018 0 90 19 143
car 0.0010 264 41 302 59
car 0.0010 483 165 497 187
person 0.0221 459 162 469 177
person 0.0099 475 161 484 180
person 0.0067 477 163 486 182
person 0.0058 456 157 479 180
person 0.0046 473 157 494 183
person 0.0038 465 162 475 177
person 0.0038 478 162 494 189
person 0.0036 452 158 471 177
person 0.0015 0 93 20 144
person 0.0012 210 93 265 171
person 0.0011 298 127 321 167
train 0.4499 67 45 452 317
train 0.0235 0 84 117 318
train 0.0204 0 115 112 227
train 0.0194 422 133 502 175
train 0.0090 384 136 503 192
train 0.0069 0 166 21 216
train 0.0058 0 121 21 218
train 0.0044 -1 71 233 327
train 0.0039 1 145 97 208
train 0.0037 -1 96 122 184
train 0.0030 443 135 499 164
train 0.0025 298 107 493 201
train 0.0021 0 138 72 242
train 0.0020 -3 152 28 223
train 0.0016 -3 95 70 151
train 0.0016 393 125 497 166
train 0.0014 445 141 504 191
train 0.0014 0 167 71 214
train 0.0012 411 144 485 184
train 0.0012 0 170 12 214
train 0.0012 3 94 205 210
