bicycle 0.0034 4 0 209 316
bottle 0.8193 40 180 107 289
bottle 0.2771 3 17 148 291
bottle 0.1256 436 1 499 99
bottle 0.0704 383 1 501 171
bottle 0.0166 465 0 499 77
bottle 0.0105 480 -2 500 69
bottle 0.0066 34 166 155 298
bottle 0.0062 339 4 500 243
bottle 0.0054 476 3 500 107
bottle 0.0043 41 192 82 271
bottle 0.0036 40 185 77 240
bottle 0.0023 444 3 500 186
bottle 0.0015 42 175 96 236
bottle 0.0014 9 10 99 134
bottle 0.0012 37 145 121 254
bottle 0.0010 491 -9 500 62
person 0.0032 288 1 500 207
train 0.0017 11 1 225 309
