bottle 0.0012 126 262 251 377
chair 0.0474 355 261 499 375
chair 0.0134 443 183 502 364
chair 0.0112 335 80 498 376
chair 0.0110 258 28 402 226
chair 0.0086 409 43 502 370
chair 0.0067 39 178 175 373
chair 0.0056 204 30 469 374
chair 0.0044 0 27 117 369
chair 0.0033 57 143 372 377
chair 0.0031 312 26 412 157
chair 0.0015 23 63 198 346
chair 0.0010 388 86 499 274
chair 0.0010 155 16 424 235
diningtable 0.0035 442 201 500 315
diningtable 0.0017 426 109 499 379
person 0.3129 85 106 388 373
person 0.0063 36 -34 477 398
person 0.0047 182 82 480 376
person 0.0035 358 169 499 370
person 0.0031 30 87 261 369
person 0.0012 379 -50 502 315
