bottle 0.0928 36 287 119 395
bottle 0.0604 0 293 76 415
bottle 0.0598 77 289 153 366
bottle 0.0169 -2 308 86 498
bottle 0.0111 14 291 167 497
bottle 0.0109 0 391 105 501
bottle 0.0097 291 120 312 161
bottle 0.0097 82 292 123 363
bottle 0.0075 268 -2 312 57
bottle 0.0065 56 289 161 431
bottle 0.0054 65 268 188 392
bottle 0.0054 6 286 95 370
bottle 0.0042 101 289 153 346
bottle 0.0042 153 313 289 481
bottle 0.0038 54 311 103 416
bottle 0.0026 13 271 282 483
bottle 0.0025 12 444 56 500
bottle 0.0018 261 -1 301 36
bottle 0.0015 58 279 143 346
bottle 0.0013 111 284 275 411
bottle 0.0012 9 285 117 450
bottle 0.0011 159 358 264 455
bottle 0.0011 162 440 373 503
bottle 0.0010 387 0 414 76
diningtable 0.0019 -3 393 390 506
diningtable 0.0010 144 435 369 502
dog 0.0424 36 314 302 498
dog 0.0193 230 277 410 501
dog 0.0118 52 342 193 497
dog 0.0020 156 355 266 483
person 0.2348 -3 7 293 493
person 0.2068 139 278 410 504
person 0.0931 66 308 311 493
person 0.0119 148 316 275 478
person 0.0053 60 5 309 328
person 0.0037 158 313 286 399
person 0.0030 1 188 278 444
person 0.0029 0 7 147 317
person 0.0028 57 218 380 467
person 0.0027 120 275 310 420
person 0.0026 116 95 424 490
person 0.0025 9 289 226 499
person 0.0015 4 -2 132 67
