bottle 0.0335 -1 184 41 251
bottle 0.0273 23 212 85 287
bottle 0.0233 42 201 88 251
bottle 0.0190 112 74 145 188
bottle 0.0175 0 172 15 238
bottle 0.0166 0 48 32 163
bottle 0.0113 53 204 84 236
bottle 0.0081 15 207 99 334
bottle 0.0055 41 212 78 271
bottle 0.0052 25 235 69 284
bottle 0.0045 0 168 28 226
bottle 0.0040 55 179 100 234
bottle 0.0031 34 164 100 259
bottle 0.0031 35 202 107 295
bottle 0.0028 0 192 23 259
bottle 0.0024 70 163 110 222
bottle 0.0022 57 194 82 227
bottle 0.0021 89 185 148 221
bottle 0.0017 -3 196 46 351
bottle 0.0015 0 156 11 217
bottle 0.0014 6 175 39 219
bottle 0.0012 14 182 41 210
bottle 0.0012 74 161 106 198
bottle 0.0012 2 210 62 303
bottle 0.0012 7 167 111 299
bottle 0.0011 31 116 128 245
bottle 0.0010 7 48 149 310
bottle 0.0010 324 298 366 341
chair 0.1509 410 227 502 375
chair 0.0231 418 228 500 308
chair 0.0032 0 230 78 374
chair 0.0025 408 109 503 342
chair 0.0010 283 93 496 356
person 0.0067 478 130 500 179
person 0.0041 -2 48 35 230
person 0.0033 -1 8 128 225
person 0.0027 4 212 108 375
person 0.0025 465 130 502 196
person 0.0018 0 251 69 373
person 0.0015 -1 38 63 255
person 0.0011 -1 63 19 276
person 0.0011 172 330 181 354
tvmonitor 0.8551 134 7 358 190
tvmonitor 0.0318 0 0 126 146
tvmonitor 0.0181 412 117 501 219
tvmonitor 0.0164 357 98 406 188
tvmonitor 0.0133 393 111 442 195
tvmonitor 0.0068 24 227 460 363
tvmonitor 0.0033 394 118 422 192
tvmonitor 0.0032 405 109 479 187
tvmonitor 0.0025 352 2 411 134
tvmonitor 0.0020 367 114 414 221
tvmonitor 0.0019 400 103 434 174
tvmonitor 0.0015 399 107 501 286
tvmonitor 0.0014 401 128 434 225
tvmonitor 0.0012 409 115 442 177
tvmonitor 0.0011 364 98 462 213
