bottle 0.0436 202 228 260 320
bottle 0.0234 220 252 261 322
bottle 0.0172 174 191 254 323
bottle 0.0152 130 163 309 435
bottle 0.0056 178 202 267 398
bottle 0.0052 190 186 254 260
bottle 0.0033 166 110 262 361
bottle 0.0033 260 281 303 329
bottle 0.0021 182 216 240 307
bottle 0.0011 191 193 239 228
bottle 0.0011 4 269 78 362
chair 0.0034 50 254 307 446
chair 0.0016 4 267 75 371
chair 0.0016 330 346 391 448
person 0.3041 69 161 272 439
person 0.2082 55 27 264 321
person 0.0066 132 170 281 348
person 0.0051 63 151 229 322
person 0.0033 125 44 287 380
person 0.0031 32 91 207 375
person 0.0016 169 186 310 403
person 0.0013 67 139 190 271
person 0.0011 187 168 268 307
person 0.0010 47 282 313 445
