aeroplane 0.4621 2 42 219 122
aeroplane 0.1747 85 135 335 215
aeroplane 0.0176 99 145 239 214
aeroplane 0.0132 31 132 440 242
aeroplane 0.0073 -17 41 369 140
aeroplane 0.0034 -3 45 252 184
aeroplane 0.0014 -1 49 62 165
aeroplane 0.0010 3 86 266 283
bird 0.1182 274 212 345 268
bird 0.0481 373 264 396 282
bird 0.0430 407 222 434 249
bird 0.0378 219 140 310 191
bird 0.0150 311 202 344 222
bird 0.0084 387 261 408 277
bird 0.0078 291 204 350 251
bird 0.0062 368 263 402 289
bird 0.0047 295 201 343 231
bird 0.0046 237 160 278 196
bird 0.0034 354 234 429 268
bird 0.0028 377 260 402 278
bird 0.0026 247 179 269 196
bird 0.0026 121 128 271 196
bird 0.0025 344 222 434 257
bird 0.0021 248 198 359 272
bird 0.0019 200 137 287 175
boat 0.0839 388 263 456 315
boat 0.0200 92 140 272 212
boat 0.0191 330 52 355 129
boat 0.0085 52 120 405 211
boat 0.0077 387 260 450 292
boat 0.0063 459 72 499 103
boat 0.0052 166 125 363 198
boat 0.0040 22 119 490 265
boat 0.0025 -38 29 463 234
boat 0.0023 485 75 499 100
boat 0.0018 340 220 434 254
boat 0.0012 382 260 413 285
boat 0.0011 291 208 441 259
boat 0.0011 132 49 400 197
dog 0.0624 407 221 435 250
person 0.8583 297 58 352 175
person 0.8555 269 57 309 156
person 0.0702 0 73 21 165
person 0.0196 224 139 305 183
person 0.0175 121 132 281 207
person 0.0145 0 52 41 369
person 0.0115 0 70 38 175
person 0.0111 408 222 435 250
person 0.0093 0 53 170 390
person 0.0075 0 70 12 153
person 0.0065 0 49 86 390
person 0.0048 249 55 343 156
person 0.0041 316 54 354 129
person 0.0027 0 56 19 385
person 0.0020 389 262 407 277
person 0.0015 105 153 201 212
person 0.0010 1 24 217 251
pottedplant 0.0041 388 262 459 316
