aeroplane 0.1359 151 180 217 218
aeroplane 0.0240 152 178 307 220
aeroplane 0.0025 175 152 313 216
aeroplane 0.0020 202 187 309 216
aeroplane 0.0013 140 171 241 213
aeroplane 0.0013 423 193 439 210
aeroplane 0.0011 122 178 198 216
aeroplane 0.0011 179 182 249 216
bird 0.0701 142 255 172 271
boat 0.0033 195 162 314 217
boat 0.0019 152 149 412 217
boat 0.0014 423 193 438 210
car 0.1487 153 181 212 216
car 0.0069 167 186 255 218
car 0.0013 162 196 230 216
person 0.0079 426 194 435 208
person 0.0011 144 184 182 216
person 0.0010 424 193 442 212
