bicycle 0.7897 279 257 349 297
bicycle 0.0114 308 261 353 294
bicycle 0.0033 279 262 321 295
bicycle 0.0010 309 257 332 291
boat 0.0019 44 -8 481 316
bus 0.0023 150 241 226 276
bus 0.0019 160 235 250 285
bus 0.0014 188 238 239 288
car 0.0979 144 251 195 274
car 0.0062 141 254 168 272
car 0.0016 157 250 220 278
car 0.0013 149 253 177 273
car 0.0012 168 252 195 272
car 0.0010 326 195 377 217
chair 0.0070 380 1 501 100
person 0.5691 287 231 335 293
person 0.0052 193 253 229 288
person 0.0012 303 239 342 290
tvmonitor 0.0016 370 5 497 256
