cat 0.0107 1 5 81 185
cat 0.0037 -1 5 118 245
chair 0.0026 0 81 158 378
chair 0.0011 -5 39 349 370
chair 0.0010 -7 171 274 377
dog 0.3789 32 45 377 168
dog 0.0569 35 7 478 283
dog 0.0196 173 45 435 201
dog 0.0157 -2 20 297 225
dog 0.0046 143 48 321 166
dog 0.0030 20 44 267 128
dog 0.0012 77 55 234 117
dog 0.0011 -1 5 168 202
person 0.0195 0 6 137 356
person 0.0163 62 59 494 376
person 0.0034 1 11 289 277
person 0.0012 0 5 89 256
sofa 0.2014 16 55 497 376
sofa 0.0061 63 197 505 377
tvmonitor 0.0046 65 197 500 379
