bicycle 0.0121 180 186 481 378
bicycle 0.0013 300 209 462 374
bottle 0.1509 350 305 383 373
bottle 0.0034 279 203 448 374
bottle 0.0018 268 80 339 173
bottle 0.0016 283 88 328 152
bottle 0.0016 243 51 387 339
bottle 0.0012 261 88 365 276
car 0.7443 0 120 97 176
car 0.0930 -2 117 110 216
car 0.0683 0 158 119 246
car 0.0096 29 117 101 157
car 0.0033 27 186 119 235
car 0.0031 0 113 11 177
car 0.0026 53 119 102 149
car 0.0023 0 101 6 156
car 0.0019 0 116 26 172
car 0.0018 0 107 6 135
car 0.0015 70 124 154 184
chair 0.0062 67 266 260 376
chair 0.0033 60 230 431 374
motorbike 0.0139 129 179 489 378
motorbike 0.0012 100 94 375 375
person 0.6469 165 51 362 376
person 0.0028 244 35 411 376
person 0.0010 82 40 308 372
