bird 0.0639 395 315 493 367
bird 0.0432 107 227 185 268
bird 0.0152 458 252 500 314
bird 0.0114 386 245 445 266
bird 0.0078 393 319 465 354
bird 0.0032 462 258 501 360
bird 0.0030 475 256 499 309
bird 0.0026 -1 234 53 280
bird 0.0022 150 224 259 265
bird 0.0022 394 262 500 362
bird 0.0012 409 296 494 354
boat 0.0016 12 34 420 189
boat 0.0011 0 218 50 286
bottle 0.0012 170 227 247 261
bus 0.0010 0 87 67 225
car 0.9199 226 140 452 235
car 0.9179 41 134 237 230
car 0.1384 487 186 500 211
car 0.0921 444 183 491 211
car 0.0457 471 185 499 211
car 0.0166 462 191 492 212
car 0.0124 446 179 482 200
car 0.0108 492 196 500 215
car 0.0055 452 192 479 210
car 0.0049 0 147 50 233
car 0.0039 0 174 33 231
car 0.0036 439 184 471 209
car 0.0024 418 179 481 209
car 0.0018 468 197 488 213
car 0.0014 8 133 122 224
car 0.0013 0 197 26 232
car 0.0012 38 135 435 255
car 0.0012 462 175 498 206
car 0.0010 12 107 225 203
car 0.0010 457 197 483 213
cat 0.0024 219 221 346 284
dog 0.0084 109 222 239 266
dog 0.0031 215 223 303 278
dog 0.0027 119 230 195 261
dog 0.0018 172 224 240 264
sheep 0.0071 208 221 344 283
