boat 0.5799 40 43 100 66
boat 0.1156 38 28 98 63
boat 0.0871 -1 45 48 63
boat 0.0654 54 48 106 64
boat 0.0499 135 46 160 56
boat 0.0488 106 46 137 57
boat 0.0416 383 61 412 71
boat 0.0232 38 50 73 64
boat 0.0208 0 45 20 61
boat 0.0197 0 36 80 66
boat 0.0192 33 53 89 66
boat 0.0153 0 48 28 58
boat 0.0105 0 36 12 60
boat 0.0104 0 45 8 57
boat 0.0079 143 48 170 56
boat 0.0079 0 47 16 57
boat 0.0077 198 50 219 57
boat 0.0075 382 57 455 71
boat 0.0067 0 33 6 58
boat 0.0056 92 45 131 60
boat 0.0045 30 44 68 60
boat 0.0043 60 36 103 61
boat 0.0043 382 55 418 71
boat 0.0043 130 45 201 59
boat 0.0040 161 48 207 57
boat 0.0038 71 50 103 62
boat 0.0036 403 55 463 66
boat 0.0034 39 32 74 61
boat 0.0033 92 38 142 62
boat 0.0032 119 46 143 56
boat 0.0027 445 58 475 67
boat 0.0026 393 62 418 70
boat 0.0025 0 15 5 61
boat 0.0025 42 55 67 64
boat 0.0024 459 59 470 67
boat 0.0023 -1 52 44 69
boat 0.0023 41 45 55 59
boat 0.0022 195 47 224 59
boat 0.0021 132 43 154 55
boat 0.0021 13 47 49 59
boat 0.0020 218 50 251 58
boat 0.0020 114 49 137 56
boat 0.0020 98 48 125 57
boat 0.0018 -2 8 38 66
boat 0.0018 153 46 226 59
boat 0.0018 42 59 99 70
boat 0.0017 157 48 186 56
boat 0.0017 456 57 472 65
boat 0.0016 6 51 34 59
boat 0.0016 434 56 472 64
boat 0.0016 64 51 91 62
boat 0.0015 182 48 209 56
boat 0.0015 93 49 113 58
boat 0.0015 40 49 59 62
boat 0.0014 229 49 263 58
boat 0.0014 16 50 75 67
boat 0.0013 -2 15 85 74
boat 0.0013 429 57 477 69
boat 0.0012 82 50 106 60
boat 0.0011 0 48 13 68
boat 0.0010 0 37 29 59
