bird 0.0115 200 37 323 235
bird 0.0031 104 39 352 243
bird 0.0029 249 40 327 200
bird 0.0016 200 40 311 87
chair 0.0047 154 156 294 292
chair 0.0028 12 89 54 198
chair 0.0027 -1 116 55 223
chair 0.0019 12 119 54 169
chair 0.0017 83 92 333 302
chair 0.0011 0 155 140 292
chair 0.0011 19 120 62 210
dog 0.0040 257 42 332 78
person 0.4797 51 60 118 167
person 0.2261 -1 59 37 142
person 0.0529 -1 62 40 211
person 0.0490 130 69 187 100
person 0.0190 58 73 108 228
person 0.0174 0 51 28 111
person 0.0146 11 70 48 162
person 0.0133 204 39 330 86
person 0.0121 0 61 22 168
person 0.0104 48 65 88 163
person 0.0068 48 58 112 121
person 0.0058 0 35 18 95
person 0.0053 259 42 331 79
person 0.0031 22 62 82 150
person 0.0029 373 15 400 70
person 0.0028 -6 56 63 156
person 0.0023 -2 34 34 98
person 0.0020 184 41 287 101
person 0.0019 11 70 82 209
person 0.0018 240 37 335 164
person 0.0018 44 94 94 217
person 0.0013 365 244 400 300
person 0.0012 0 34 8 92
person 0.0011 46 64 83 121
person 0.0010 383 13 400 59
person 0.0010 30 76 114 264
person 0.0010 66 61 132 211
person 0.0010 4 58 53 116
sheep 0.0536 104 82 188 226
sheep 0.0201 73 81 255 234
sheep 0.0135 37 73 344 278
sheep 0.0084 214 42 332 85
sheep 0.0038 199 35 330 169
sheep 0.0030 79 85 145 220
sheep 0.0012 258 44 328 166
sheep 0.0010 143 55 315 254
sheep 0.0010 253 44 323 79
train 0.0014 20 39 350 216
train 0.0010 -8 206 277 302
