aeroplane 0.1526 22 83 499 320
aeroplane 0.0166 237 69 496 239
aeroplane 0.0040 428 116 501 203
aeroplane 0.0035 365 75 500 179
aeroplane 0.0022 435 137 498 184
aeroplane 0.0021 287 71 487 162
aeroplane 0.0013 427 80 502 136
aeroplane 0.0011 430 148 492 172
aeroplane 0.0011 56 116 322 237
bird 0.0042 47 176 379 329
boat 0.0082 74 25 489 295
boat 0.0065 227 70 501 265
boat 0.0040 47 187 277 315
boat 0.0033 53 166 162 247
boat 0.0022 435 146 499 191
boat 0.0013 56 147 218 257
boat 0.0012 76 144 150 200
boat 0.0010 425 150 500 218
chair 0.0077 429 143 502 223
chair 0.0024 338 74 475 182
chair 0.0016 324 93 499 239
