bottle 0.3514 246 365 361 488
bottle 0.0305 70 400 257 493
bottle 0.0224 271 22 478 470
bottle 0.0079 290 86 460 339
bottle 0.0052 135 380 413 489
bottle 0.0035 277 363 431 491
bottle 0.0035 267 269 357 402
bottle 0.0026 249 212 378 415
bottle 0.0022 28 340 487 504
bottle 0.0020 313 25 481 259
bottle 0.0019 291 252 348 363
bottle 0.0016 361 94 490 476
bottle 0.0015 225 259 393 468
bottle 0.0012 7 422 115 493
bottle 0.0012 32 152 283 452
bottle 0.0011 101 158 469 468
diningtable 0.0047 8 380 474 496
diningtable 0.0014 28 276 482 504
person 0.1768 289 33 484 482
person 0.1692 13 31 494 480
person 0.0090 11 75 282 476
person 0.0048 12 177 55 283
person 0.0041 -1 119 54 456
person 0.0016 13 130 72 346
person 0.0016 325 65 479 349
person 0.0014 -4 54 112 465
