bus 0.7131 84 68 326 290
bus 0.6913 374 102 503 216
bus 0.4664 20 108 89 204
bus 0.0622 1 94 69 218
bus 0.0284 28 119 130 206
bus 0.0237 0 62 40 225
bus 0.0148 311 105 402 203
bus 0.0132 72 115 156 198
bus 0.0122 88 93 227 272
bus 0.0098 377 108 446 209
bus 0.0071 452 100 504 205
bus 0.0069 99 115 181 216
bus 0.0057 338 147 414 214
bus 0.0043 104 128 163 184
bus 0.0039 37 125 99 193
bus 0.0031 172 83 308 273
bus 0.0027 175 123 233 188
bus 0.0024 124 130 182 201
bus 0.0023 110 102 222 209
bus 0.0021 0 78 21 231
bus 0.0020 143 127 220 185
bus 0.0019 20 103 73 168
bus 0.0018 4 116 95 247
bus 0.0016 157 101 251 232
bus 0.0015 8 120 71 185
bus 0.0013 119 137 239 224
bus 0.0011 313 115 358 198
bus 0.0010 323 128 450 215
bus 0.0010 473 111 500 201
car 0.6372 314 160 354 213
car 0.5320 344 168 382 213
car 0.0104 341 156 409 214
car 0.0067 317 160 349 193
car 0.0028 281 161 352 209
car 0.0015 330 142 381 210
person 0.0894 124 123 168 167
person 0.0166 135 125 165 157
person 0.0079 102 118 178 210
person 0.0045 105 129 162 182
person 0.0032 182 128 227 181
person 0.0024 129 127 155 159
person 0.0020 126 134 177 197
person 0.0015 170 143 219 191
person 0.0010 217 142 268 199
