dog 0.5144 26 150 277 348
dog 0.4390 177 49 466 202
dog 0.2123 126 95 386 238
dog 0.0639 13 94 415 356
dog 0.0366 117 96 313 189
dog 0.0344 15 196 157 344
dog 0.0203 89 248 261 352
dog 0.0151 171 56 372 144
dog 0.0123 298 50 469 141
dog 0.0110 125 30 495 293
dog 0.0057 376 49 492 137
dog 0.0055 334 57 474 252
dog 0.0042 243 151 384 238
dog 0.0042 108 120 278 299
dog 0.0035 66 63 277 228
dog 0.0028 219 75 445 314
dog 0.0024 181 59 315 111
dog 0.0023 127 156 391 339
dog 0.0021 108 109 235 192
dog 0.0021 238 185 383 320
dog 0.0014 207 76 377 210
dog 0.0013 59 226 355 359
dog 0.0012 229 52 407 176
dog 0.0012 368 42 501 200
person 0.0010 10 24 278 354
sofa 0.0729 -1 94 431 357
