bird 0.0084 140 40 162 60
bird 0.0048 232 12 244 22
bird 0.0020 134 37 167 67
bird 0.0013 230 11 247 27
car 0.0014 1 176 67 204
person 0.7446 51 216 134 333
person 0.0406 146 124 190 217
person 0.0240 132 101 205 246
person 0.0113 90 227 140 329
person 0.0071 76 216 108 242
person 0.0069 74 217 127 276
person 0.0062 176 119 243 219
person 0.0048 188 149 229 197
person 0.0047 145 100 190 180
person 0.0045 139 83 278 255
person 0.0041 144 81 222 196
person 0.0039 71 216 115 255
person 0.0039 59 215 73 238
person 0.0031 158 139 230 211
person 0.0030 78 101 264 290
person 0.0017 151 246 177 305
person 0.0012 47 173 152 296
person 0.0011 152 143 200 248
person 0.0010 104 224 151 304
person 0.0010 116 233 146 283
train 0.3866 43 94 490 309
train 0.0328 2 34 321 329
train 0.0103 319 149 499 247
train 0.0048 121 99 270 297
train 0.0030 201 122 505 252
train 0.0020 -12 72 222 283
train 0.0010 402 159 502 245
