bicycle 0.0034 377 3 502 137
bottle 0.0186 376 3 498 130
bottle 0.0182 377 -1 500 292
bottle 0.0122 380 51 455 121
bottle 0.0046 452 3 500 315
bottle 0.0016 462 49 500 227
bottle 0.0013 374 21 464 190
chair 0.0037 376 0 502 121
dog 0.7547 104 141 246 335
dog 0.0755 215 93 378 310
dog 0.0175 103 142 222 243
dog 0.0022 137 204 241 330
dog 0.0013 249 100 379 230
person 0.3755 216 93 384 327
person 0.1095 398 4 500 328
person 0.0398 64 89 385 335
person 0.0165 106 129 294 334
person 0.0062 263 30 498 330
person 0.0041 461 7 500 334
person 0.0029 0 -16 71 342
person 0.0029 107 136 238 242
person 0.0013 239 75 423 257
person 0.0012 381 1 500 114
