bottle 0.4772 58 141 126 278
bottle 0.2565 69 141 186 281
bottle 0.2126 48 180 103 280
bottle 0.0311 55 80 228 284
bottle 0.0270 78 129 148 253
bottle 0.0166 68 122 125 223
bottle 0.0152 58 144 106 237
bottle 0.0105 52 198 90 269
bottle 0.0089 21 53 143 290
bottle 0.0083 82 150 125 239
bottle 0.0071 61 212 99 281
bottle 0.0060 106 144 173 261
bottle 0.0030 67 189 112 274
bottle 0.0026 0 160 66 279
bottle 0.0021 58 200 150 283
bottle 0.0018 39 188 78 260
bottle 0.0016 57 170 92 255
bottle 0.0015 24 122 132 195
bottle 0.0013 35 140 104 206
bottle 0.0012 9 128 99 267
cat 0.0633 208 2 497 281
chair 0.0068 215 37 502 287
dog 0.0078 215 37 502 288
person 0.3908 1 26 129 278
person 0.2128 110 59 257 275
person 0.1744 137 59 233 166
person 0.1438 0 24 75 168
person 0.1225 196 -2 508 285
person 0.0360 63 23 410 282
person 0.0191 12 46 249 222
person 0.0146 0 39 69 293
person 0.0050 102 69 220 195
person 0.0043 113 18 357 209
person 0.0041 127 65 195 158
person 0.0022 0 14 43 259
person 0.0019 151 59 228 123
person 0.0019 0 145 63 276
person 0.0017 147 46 290 198
person 0.0016 0 30 23 290
person 0.0015 150 85 193 159
person 0.0014 53 144 300 280
person 0.0010 65 88 199 261
