bird 0.0106 134 31 144 39
boat 0.0046 419 72 501 145
boat 0.0010 419 110 499 140
bus 0.6347 17 66 457 278
bus 0.0096 253 79 425 251
bus 0.0062 138 98 401 216
bus 0.0036 370 124 451 218
bus 0.0027 351 91 461 264
bus 0.0022 -1 125 45 182
bus 0.0021 376 125 432 183
bus 0.0014 -2 125 64 209
bus 0.0011 344 117 433 199
car 0.0010 376 124 428 179
person 0.5947 294 124 342 181
person 0.4281 449 151 468 215
person 0.0987 450 152 467 186
person 0.0241 283 129 323 176
person 0.0229 262 127 287 184
person 0.0167 265 169 285 189
person 0.0087 296 123 326 163
person 0.0086 314 126 357 182
person 0.0058 363 148 396 183
person 0.0054 297 126 356 219
person 0.0047 253 128 277 183
person 0.0039 360 125 420 194
person 0.0037 303 103 408 214
person 0.0034 296 137 327 195
person 0.0027 231 82 396 256
person 0.0023 332 113 430 233
person 0.0022 164 105 352 237
person 0.0020 264 154 288 190
person 0.0020 270 134 315 189
person 0.0017 455 155 478 219
person 0.0017 345 139 401 192
person 0.0016 283 114 356 270
person 0.0015 437 153 462 198
person 0.0014 434 132 485 194
person 0.0013 325 126 381 185
person 0.0012 297 89 440 262
person 0.0012 446 157 491 222
person 0.0011 434 149 475 209
person 0.0010 242 114 328 228
person 0.0010 473 195 487 218
person 0.0010 299 98 360 179
