bottle 0.0076 109 323 131 370
chair 0.5480 1 274 109 411
chair 0.3094 379 319 500 499
chair 0.0545 419 457 499 500
chair 0.0265 2 267 104 350
chair 0.0193 0 322 79 500
chair 0.0177 -1 338 238 499
chair 0.0151 0 305 33 506
chair 0.0137 410 407 499 499
chair 0.0131 287 368 496 498
chair 0.0117 -2 247 132 511
chair 0.0077 0 326 20 482
chair 0.0067 363 265 499 448
chair 0.0065 48 273 100 345
chair 0.0058 108 323 158 366
chair 0.0037 0 411 211 499
chair 0.0026 60 276 205 425
chair 0.0025 0 415 65 499
chair 0.0024 0 287 12 449
chair 0.0022 454 318 500 502
chair 0.0021 0 378 17 502
chair 0.0018 458 450 499 500
chair 0.0016 21 258 154 433
chair 0.0014 382 374 467 500
chair 0.0014 7 337 121 418
chair 0.0013 0 341 16 426
chair 0.0013 483 304 500 503
chair 0.0012 319 457 509 499
chair 0.0012 0 263 23 450
chair 0.0012 393 474 500 499
chair 0.0011 0 365 32 451
chair 0.0011 -2 82 95 443
diningtable 0.0262 -28 353 498 500
diningtable 0.0184 415 446 499 501
diningtable 0.0179 -1 338 238 500
diningtable 0.0084 387 400 496 499
diningtable 0.0045 272 382 503 501
pottedplant 0.0032 0 259 9 405
pottedplant 0.0025 0 215 14 427
sofa 0.7773 170 250 493 411
sofa 0.1107 1 396 236 498
sofa 0.0079 11 332 489 491
sofa 0.0031 273 264 497 507
sofa 0.0011 -4 193 485 486
