bottle 0.0013 121 166 201 236
chair 0.5311 180 143 223 197
chair 0.3523 300 132 335 157
chair 0.3391 120 163 172 193
chair 0.2792 0 233 85 374
chair 0.2237 290 236 435 376
chair 0.0899 415 141 450 171
chair 0.0854 9 240 172 375
chair 0.0829 -2 196 42 359
chair 0.0665 424 139 498 296
chair 0.0617 318 136 343 160
chair 0.0498 0 101 62 167
chair 0.0385 326 136 347 157
chair 0.0379 120 160 188 207
chair 0.0369 329 77 455 271
chair 0.0285 377 130 452 287
chair 0.0227 353 103 445 209
chair 0.0209 196 292 308 375
chair 0.0200 296 130 323 150
chair 0.0199 0 227 19 361
chair 0.0184 -1 144 31 315
chair 0.0181 131 148 206 198
chair 0.0159 434 90 499 253
chair 0.0146 183 142 222 171
chair 0.0144 405 138 438 165
chair 0.0138 31 294 179 377
chair 0.0126 352 226 431 370
chair 0.0108 23 273 113 374
chair 0.0107 -2 124 54 336
chair 0.0098 0 192 30 263
chair 0.0097 190 140 236 177
chair 0.0096 333 136 353 158
chair 0.0079 391 153 487 326
chair 0.0077 197 52 402 269
chair 0.0072 19 114 70 165
chair 0.0069 319 165 339 198
chair 0.0067 117 167 192 236
chair 0.0062 285 120 353 198
chair 0.0057 319 151 342 190
chair 0.0057 404 135 457 258
chair 0.0055 215 137 241 157
chair 0.0055 460 127 499 284
chair 0.0053 400 132 444 196
chair 0.0048 154 150 221 210
chair 0.0048 352 146 458 358
chair 0.0047 326 133 353 171
chair 0.0045 248 84 401 226
chair 0.0042 2 181 110 354
chair 0.0036 310 299 448 379
chair 0.0034 181 114 294 220
chair 0.0034 320 159 352 200
chair 0.0033 431 146 455 170
chair 0.0033 315 146 360 211
chair 0.0032 -3 89 94 174
chair 0.0028 0 89 45 142
chair 0.0028 210 137 241 173
chair 0.0028 131 166 160 191
chair 0.0026 301 111 383 221
chair 0.0025 480 128 500 281
chair 0.0024 303 138 337 197
chair 0.0024 25 307 91 375
chair 0.0024 121 122 246 228
chair 0.0020 142 160 184 194
chair 0.0019 190 139 224 160
chair 0.0019 54 89 221 267
chair 0.0018 295 121 339 168
chair 0.0018 202 144 223 173
chair 0.0018 0 112 43 156
chair 0.0016 405 221 436 367
chair 0.0015 458 279 504 377
chair 0.0015 0 199 60 291
chair 0.0014 317 141 339 171
chair 0.0014 189 141 251 200
chair 0.0014 0 130 49 174
chair 0.0013 293 121 321 139
chair 0.0013 183 163 223 207
chair 0.0012 0 99 16 164
chair 0.0012 320 161 337 185
chair 0.0012 320 129 342 149
chair 0.0010 194 136 222 146
chair 0.0010 289 150 329 210
chair 0.0010 -1 174 55 263
chair 0.0010 308 170 334 207
diningtable 0.3500 97 206 439 376
diningtable 0.0231 1 130 62 177
diningtable 0.0170 -2 169 272 370
diningtable 0.0077 71 237 199 371
diningtable 0.0044 104 193 334 330
diningtable 0.0035 55 143 266 305
diningtable 0.0033 95 151 220 279
diningtable 0.0024 0 124 63 241
diningtable 0.0021 172 120 451 342
diningtable 0.0019 0 95 75 178
diningtable 0.0013 120 189 238 352
diningtable 0.0013 27 202 181 361
person 0.8180 210 82 328 222
person 0.6086 8 95 172 357
person 0.5404 316 73 447 261
person 0.0252 16 237 186 376
person 0.0141 111 247 184 363
person 0.0116 0 144 28 317
person 0.0077 305 131 437 373
person 0.0038 292 92 414 207
person 0.0030 92 141 229 269
person 0.0016 0 111 84 330
person 0.0015 180 80 433 261
person 0.0013 71 214 192 353
person 0.0013 116 199 224 361
person 0.0011 329 99 375 207
