aeroplane 0.1236 393 32 501 80
aeroplane 0.0777 324 34 502 100
aeroplane 0.0434 448 26 502 69
aeroplane 0.0323 420 47 498 79
aeroplane 0.0252 466 25 499 50
aeroplane 0.0107 437 65 499 96
aeroplane 0.0079 481 43 500 74
aeroplane 0.0074 385 52 501 97
aeroplane 0.0067 455 49 500 81
aeroplane 0.0066 402 37 480 67
aeroplane 0.0056 445 40 503 95
aeroplane 0.0036 476 27 499 43
aeroplane 0.0034 412 19 499 64
aeroplane 0.0020 455 74 500 99
aeroplane 0.0020 488 48 499 75
aeroplane 0.0015 472 49 499 71
aeroplane 0.0015 394 41 454 77
aeroplane 0.0014 475 27 500 66
aeroplane 0.0014 425 56 504 113
aeroplane 0.0013 334 14 501 77
aeroplane 0.0010 329 54 500 124
boat 0.0048 -3 71 94 206
boat 0.0019 -4 91 50 220
bottle 0.0021 54 258 78 289
bottle 0.0020 408 354 455 376
car 0.0042 443 77 498 101
car 0.0013 489 54 499 76
car 0.0013 312 41 495 130
cat 0.5805 211 154 287 229
cat 0.0018 207 159 253 222
cat 0.0018 193 93 317 227
cat 0.0013 241 158 293 223
cat 0.0010 224 136 319 227
chair 0.0109 -1 92 112 351
chair 0.0018 297 95 345 238
chair 0.0017 210 151 320 236
chair 0.0014 -3 109 50 242
chair 0.0013 0 195 36 368
chair 0.0012 127 70 426 280
chair 0.0011 229 80 404 255
chair 0.0011 0 218 77 372
chair 0.0010 -3 153 52 286
diningtable 0.0024 109 97 429 290
dog 0.0021 213 154 268 209
person 0.0166 475 115 498 155
person 0.0034 191 5 212 26
person 0.0027 465 109 503 180
person 0.0020 478 115 500 189
person 0.0020 0 163 40 246
person 0.0019 0 177 18 233
person 0.0019 -3 135 49 265
person 0.0015 485 116 500 154
person 0.0014 186 -4 227 41
person 0.0012 190 8 204 26
person 0.0010 475 101 500 239
pottedplant 0.4393 354 102 499 305
pottedplant 0.0152 431 101 500 289
pottedplant 0.0080 337 132 451 273
pottedplant 0.0062 391 164 496 309
pottedplant 0.0058 457 133 503 298
pottedplant 0.0029 346 160 419 270
pottedplant 0.0018 474 151 500 308
pottedplant 0.0013 463 192 500 293
sofa 0.0019 84 93 375 287
tvmonitor 0.6405 30 -4 195 99
tvmonitor 0.0204 183 1 230 75
tvmonitor 0.0127 -1 93 94 253
tvmonitor 0.0110 -1 55 48 107
tvmonitor 0.0098 58 -7 185 64
tvmonitor 0.0043 43 38 187 114
tvmonitor 0.0014 136 0 239 89
tvmonitor 0.0012 0 177 39 234
tvmonitor 0.0011 3 34 135 111
tvmonitor 0.0010 -1 109 40 251
tvmonitor 0.0010 0 63 30 112
