cow 0.6694 295 25 371 67
cow 0.6691 8 25 51 86
cow 0.5677 439 22 474 48
cow 0.5415 188 64 354 192
cow 0.4176 372 21 411 43
cow 0.4114 73 33 203 114
cow 0.3827 138 18 168 38
cow 0.3766 97 18 121 37
cow 0.2299 178 15 198 35
cow 0.2101 255 28 297 70
cow 0.0599 162 114 295 200
cow 0.0163 200 128 276 199
cow 0.0155 227 19 237 30
cow 0.0082 261 26 294 47
cow 0.0053 145 15 175 35
cow 0.0039 266 25 291 36
cow 0.0030 133 19 155 37
cow 0.0030 64 26 136 114
cow 0.0026 99 19 158 39
cow 0.0023 341 20 408 53
cow 0.0018 461 23 474 47
cow 0.0016 268 22 375 117
cow 0.0016 1 26 17 86
cow 0.0015 437 10 478 53
cow 0.0014 93 12 128 36
cow 0.0011 151 80 267 192
cow 0.0010 206 36 356 138
person 0.0015 -1 -65 38 -14
sheep 0.4114 71 31 202 114
sheep 0.1691 255 27 297 71
sheep 0.1185 154 119 277 200
sheep 0.0428 97 18 122 36
sheep 0.0413 131 15 183 60
sheep 0.0172 81 21 137 79
sheep 0.0164 124 45 203 111
sheep 0.0122 228 19 237 30
sheep 0.0084 123 15 191 86
sheep 0.0039 147 18 172 34
sheep 0.0037 154 18 168 31
sheep 0.0034 170 16 202 40
sheep 0.0031 210 125 292 195
sheep 0.0019 70 28 122 110
sheep 0.0019 140 22 167 42
sheep 0.0015 152 73 203 111
sheep 0.0014 231 124 274 193
sheep 0.0013 167 14 195 33
sheep 0.0010 154 17 186 35
