aeroplane 0.3739 63 136 431 231
aeroplane 0.2016 344 203 417 230
aeroplane 0.0353 438 209 498 233
aeroplane 0.0108 400 206 489 233
aeroplane 0.0066 372 209 418 228
aeroplane 0.0027 364 203 453 231
aeroplane 0.0025 106 172 364 231
aeroplane 0.0023 0 50 478 223
aeroplane 0.0023 368 199 421 225
aeroplane 0.0018 456 195 500 232
aeroplane 0.0015 300 195 417 231
aeroplane 0.0010 1 182 86 213
bus 0.0183 350 200 416 232
bus 0.0018 405 208 449 233
car 0.0117 445 213 487 232
car 0.0104 351 207 411 231
car 0.0062 327 211 391 231
car 0.0052 408 208 484 233
car 0.0017 384 210 417 227
car 0.0013 341 215 377 230
person 0.3203 204 208 218 232
person 0.1299 314 211 323 230
person 0.0528 310 211 321 231
person 0.0438 200 209 214 231
person 0.0081 336 211 348 229
person 0.0065 308 216 316 229
person 0.0060 161 192 252 232
person 0.0058 310 209 330 229
person 0.0024 267 214 278 231
person 0.0023 210 207 223 230
person 0.0023 304 206 404 229
person 0.0021 195 195 221 231
person 0.0017 131 187 295 234
person 0.0017 308 206 317 230
person 0.0014 181 206 226 230
person 0.0011 124 218 132 228
