bicycle 0.0282 417 183 503 371
bicycle 0.0017 460 191 501 370
bottle 0.0084 0 274 58 375
bottle 0.0015 74 235 104 267
bottle 0.0012 487 215 500 370
bottle 0.0012 0 277 29 375
cat 0.0023 384 201 411 255
cat 0.0011 0 268 20 374
chair 0.2676 204 119 247 176
chair 0.2173 287 119 340 184
chair 0.1806 177 129 209 173
chair 0.1269 -3 128 48 370
chair 0.1249 92 140 145 216
chair 0.1028 150 128 188 168
chair 0.0872 348 152 414 233
chair 0.0858 60 128 107 228
chair 0.0730 244 124 289 187
chair 0.0718 343 119 393 170
chair 0.0678 231 173 343 340
chair 0.0496 134 122 172 165
chair 0.0460 155 123 217 177
chair 0.0370 346 125 403 215
chair 0.0328 250 165 339 277
chair 0.0266 287 149 340 188
chair 0.0244 135 127 190 187
chair 0.0236 116 115 171 185
chair 0.0222 185 203 332 373
chair 0.0195 265 156 341 226
chair 0.0194 41 161 104 240
chair 0.0189 251 133 338 202
chair 0.0152 289 197 341 343
chair 0.0152 162 125 205 161
chair 0.0123 274 117 380 190
chair 0.0101 231 111 297 178
chair 0.0097 188 128 230 174
chair 0.0094 352 144 401 197
chair 0.0076 261 175 334 215
chair 0.0069 9 158 99 275
chair 0.0064 355 143 450 245
chair 0.0063 149 127 172 162
chair 0.0057 165 266 312 376
chair 0.0054 179 127 204 158
chair 0.0049 351 120 436 192
chair 0.0043 318 122 382 171
chair 0.0039 63 141 158 236
chair 0.0035 211 115 245 144
chair 0.0033 14 110 112 238
chair 0.0032 0 141 97 368
chair 0.0031 106 167 356 344
chair 0.0030 -2 272 56 377
chair 0.0027 201 144 245 180
chair 0.0027 -1 170 29 368
chair 0.0027 358 128 404 176
chair 0.0026 91 108 140 182
chair 0.0023 454 209 503 371
chair 0.0022 338 119 383 154
chair 0.0022 269 169 377 342
chair 0.0022 130 150 188 203
chair 0.0022 156 117 185 159
chair 0.0022 241 115 347 179
chair 0.0021 201 184 318 301
chair 0.0020 130 123 156 177
chair 0.0020 107 150 167 211
chair 0.0020 124 127 161 202
chair 0.0019 282 136 393 231
chair 0.0019 374 171 433 255
chair 0.0018 328 159 416 269
chair 0.0017 428 145 487 271
chair 0.0017 474 164 501 329
chair 0.0017 0 173 41 292
chair 0.0017 484 192 500 349
chair 0.0015 216 124 274 181
chair 0.0013 0 214 17 373
chair 0.0013 210 110 270 159
chair 0.0012 179 122 222 164
chair 0.0012 286 156 333 209
chair 0.0012 350 171 396 228
chair 0.0011 401 190 496 366
chair 0.0010 444 152 472 204
chair 0.0010 0 113 73 251
chair 0.0010 383 181 413 254
chair 0.0010 196 116 237 158
chair 0.0010 81 111 190 208
chair 0.0010 151 111 177 142
chair 0.0010 257 218 331 359
chair 0.0010 0 211 50 335
diningtable 0.3243 14 185 316 374
diningtable 0.0129 59 176 312 298
diningtable 0.0092 227 114 290 180
diningtable 0.0061 205 110 312 188
diningtable 0.0035 242 114 346 190
diningtable 0.0021 131 113 241 187
diningtable 0.0018 298 116 383 156
diningtable 0.0014 247 168 418 344
diningtable 0.0012 49 155 281 253
diningtable 0.0010 100 121 221 209
diningtable 0.0010 324 151 504 360
person 0.1156 -3 107 44 361
person 0.0112 -2 98 71 263
person 0.0068 0 101 62 166
person 0.0052 0 59 27 332
person 0.0037 0 86 20 149
person 0.0028 0 102 35 159
person 0.0017 0 110 22 170
person 0.0017 0 91 22 252
person 0.0016 0 117 36 275
person 0.0015 17 107 61 151
person 0.0011 134 87 154 119
pottedplant 0.4948 396 93 466 202
pottedplant 0.2197 431 93 466 139
pottedplant 0.0814 403 133 460 198
pottedplant 0.0683 479 89 496 129
pottedplant 0.0150 421 133 501 336
pottedplant 0.0149 444 91 468 132
pottedplant 0.0149 464 157 503 243
pottedplant 0.0145 474 197 500 236
pottedplant 0.0134 484 154 499 201
pottedplant 0.0130 469 151 499 206
pottedplant 0.0130 469 89 502 132
pottedplant 0.0120 427 90 469 192
pottedplant 0.0109 371 125 464 213
pottedplant 0.0081 486 90 500 128
pottedplant 0.0079 481 155 500 230
pottedplant 0.0075 416 139 490 207
pottedplant 0.0067 400 134 471 242
pottedplant 0.0056 474 90 490 126
pottedplant 0.0046 408 160 454 202
pottedplant 0.0046 484 105 499 131
pottedplant 0.0044 412 85 460 140
pottedplant 0.0043 362 104 452 188
pottedplant 0.0041 458 147 504 299
pottedplant 0.0032 438 150 498 262
pottedplant 0.0031 489 190 499 229
pottedplant 0.0030 489 67 500 127
pottedplant 0.0030 473 178 501 277
pottedplant 0.0027 490 159 500 220
pottedplant 0.0026 420 150 472 315
pottedplant 0.0023 476 20 500 136
pottedplant 0.0021 386 98 433 170
pottedplant 0.0020 385 73 478 161
pottedplant 0.0018 425 178 488 287
pottedplant 0.0018 443 91 485 190
pottedplant 0.0016 437 101 464 178
pottedplant 0.0015 382 117 493 278
pottedplant 0.0015 481 57 499 129
pottedplant 0.0014 462 90 484 129
pottedplant 0.0014 428 81 462 126
pottedplant 0.0013 481 189 500 220
pottedplant 0.0013 422 170 464 270
pottedplant 0.0013 448 135 469 183
pottedplant 0.0013 485 200 500 239
pottedplant 0.0013 458 102 500 199
pottedplant 0.0012 459 81 502 149
pottedplant 0.0011 491 108 500 140
pottedplant 0.0011 388 123 449 183
pottedplant 0.0010 454 98 469 129
pottedplant 0.0010 490 154 500 191
sofa 0.1613 292 119 385 185
sofa 0.0092 352 146 427 196
sofa 0.0075 308 120 418 221
sofa 0.0064 290 150 345 189
sofa 0.0034 349 131 467 259
sofa 0.0021 283 136 377 215
sofa 0.0017 152 110 178 131
sofa 0.0011 141 104 175 135
sofa 0.0010 155 105 176 126
tvmonitor 0.0168 228 84 255 110
tvmonitor 0.0033 319 75 367 111
tvmonitor 0.0019 273 96 296 114
tvmonitor 0.0018 211 112 248 141
