aeroplane 0.0059 12 136 123 176
boat 0.6607 365 121 496 238
boat 0.3435 242 125 390 243
boat 0.3200 122 132 259 212
boat 0.2330 -1 136 155 222
boat 0.1470 254 194 391 247
boat 0.1269 91 121 441 220
boat 0.0833 243 161 358 234
boat 0.0679 126 173 267 215
boat 0.0620 241 173 316 210
boat 0.0343 366 172 455 223
boat 0.0296 227 112 498 227
boat 0.0170 7 135 132 189
boat 0.0169 5 182 150 221
boat 0.0151 151 128 256 165
boat 0.0135 253 215 367 247
boat 0.0117 119 152 354 212
boat 0.0106 295 151 473 234
boat 0.0089 241 179 324 230
boat 0.0081 247 142 330 217
boat 0.0065 -7 132 280 206
boat 0.0041 244 200 313 230
boat 0.0040 360 184 434 217
boat 0.0036 369 121 472 165
boat 0.0036 123 179 194 210
boat 0.0034 456 227 502 375
boat 0.0032 238 123 376 190
boat 0.0026 372 133 396 157
boat 0.0025 -1 162 102 223
boat 0.0025 437 173 503 381
boat 0.0024 360 180 481 247
boat 0.0024 53 194 150 220
boat 0.0022 24 135 113 173
boat 0.0022 33 147 198 209
boat 0.0021 285 131 366 233
boat 0.0020 445 142 495 210
boat 0.0019 140 127 315 194
boat 0.0017 364 135 433 222
boat 0.0017 431 123 500 189
boat 0.0016 291 184 379 235
boat 0.0016 279 173 420 246
boat 0.0014 179 180 253 208
boat 0.0013 315 126 468 183
boat 0.0013 489 158 500 202
boat 0.0012 110 143 213 195
boat 0.0011 334 131 433 169
boat 0.0011 272 224 345 248
boat 0.0011 26 142 179 180
boat 0.0010 489 130 500 186
person 0.0024 374 132 393 155
