bottle 0.0130 32 333 92 374
bus 0.8873 171 81 344 263
bus 0.8624 8 81 125 213
bus 0.0060 0 115 13 150
bus 0.0022 23 96 108 148
bus 0.0019 6 93 61 156
bus 0.0011 0 69 71 178
car 0.1584 234 79 257 92
car 0.0788 267 71 287 92
car 0.0267 0 123 6 152
car 0.0228 0 120 12 148
car 0.0227 283 70 311 88
car 0.0198 265 79 288 100
car 0.0069 263 71 295 98
car 0.0068 243 76 270 92
car 0.0066 34 333 93 373
car 0.0063 165 106 176 138
car 0.0047 247 82 270 94
car 0.0033 249 73 282 98
car 0.0031 254 75 277 92
car 0.0028 230 75 264 95
car 0.0025 253 82 279 97
car 0.0024 271 63 311 84
car 0.0023 223 79 243 89
car 0.0017 220 79 236 87
car 0.0012 273 73 308 90
car 0.0012 340 90 379 117
car 0.0011 0 100 14 147
car 0.0011 238 70 270 88
car 0.0010 273 59 308 76
person 0.0260 42 40 73 70
person 0.0255 30 45 51 97
person 0.0143 30 37 70 80
person 0.0035 36 43 58 67
person 0.0034 55 42 80 66
person 0.0030 46 45 80 79
person 0.0025 30 45 53 73
person 0.0021 39 37 66 61
person 0.0020 17 50 104 167
person 0.0019 32 44 75 104
person 0.0018 27 39 79 141
person 0.0011 50 39 93 72
person 0.0010 26 117 54 143
train 0.0092 358 114 501 278
train 0.0030 361 143 500 217
