bird 0.0019 114 57 284 377
bird 0.0015 321 12 487 248
cat 0.0012 201 0 242 23
chair 0.0172 275 193 502 375
chair 0.0035 311 32 499 310
chair 0.0014 412 262 498 375
cow 0.0253 434 7 500 123
cow 0.0098 313 1 460 141
cow 0.0032 365 6 501 195
cow 0.0016 208 11 486 182
cow 0.0014 45 8 197 144
dog 0.0046 284 95 503 366
person 0.0058 201 -2 241 23
pottedplant 0.0020 200 0 242 22
sheep 0.3874 115 54 365 382
sheep 0.1350 131 40 282 150
sheep 0.1188 432 0 501 122
sheep 0.0664 131 33 196 129
sheep 0.0516 164 45 313 107
sheep 0.0250 178 44 338 144
sheep 0.0218 277 211 506 373
sheep 0.0165 122 36 320 269
sheep 0.0158 298 0 399 89
sheep 0.0131 314 7 498 244
sheep 0.0107 226 47 338 109
sheep 0.0098 432 28 499 217
sheep 0.0078 331 2 492 143
sheep 0.0075 223 0 404 101
sheep 0.0063 183 10 340 106
sheep 0.0060 454 3 499 82
sheep 0.0048 451 37 500 121
sheep 0.0032 181 47 275 96
sheep 0.0028 196 133 485 372
sheep 0.0025 484 3 500 53
sheep 0.0021 468 1 499 45
sheep 0.0017 128 78 291 203
sheep 0.0016 331 0 443 62
sheep 0.0015 245 46 307 100
sheep 0.0015 107 31 226 188
sheep 0.0014 18 -4 313 357
sheep 0.0013 88 18 197 132
sheep 0.0013 440 1 491 56
sheep 0.0013 474 40 500 119
sheep 0.0013 480 2 500 83
sheep 0.0011 383 0 498 65
sheep 0.0010 197 17 493 285
sheep 0.0010 204 0 242 23
sheep 0.0010 450 341 498 375
