bicycle 0.0469 220 1 320 85
chair 0.8677 108 189 221 361
chair 0.8460 288 190 389 359
chair 0.7714 391 163 503 315
chair 0.7210 0 157 89 322
chair 0.5507 256 156 331 302
chair 0.3864 161 154 213 194
chair 0.3594 166 157 222 273
chair 0.3074 189 163 275 305
chair 0.2348 278 152 338 195
chair 0.1552 273 149 337 259
chair 0.0869 447 163 500 300
chair 0.0853 0 148 50 309
chair 0.0747 146 172 222 327
chair 0.0347 381 162 457 298
chair 0.0347 183 157 251 268
chair 0.0277 29 155 151 284
chair 0.0260 189 174 349 315
chair 0.0245 314 175 470 301
chair 0.0214 0 57 34 306
chair 0.0211 160 154 213 232
chair 0.0197 473 156 500 306
chair 0.0151 238 163 304 300
chair 0.0125 60 169 223 292
chair 0.0121 0 102 18 260
chair 0.0110 0 145 25 342
chair 0.0103 419 174 438 202
chair 0.0099 303 151 342 191
chair 0.0089 309 185 396 288
chair 0.0089 158 161 186 191
chair 0.0086 221 152 340 207
chair 0.0073 102 188 191 310
chair 0.0072 173 176 235 305
chair 0.0072 0 157 27 238
chair 0.0066 -2 60 120 315
chair 0.0065 188 162 222 248
chair 0.0062 215 183 288 323
chair 0.0055 266 156 317 196
chair 0.0049 173 151 258 190
chair 0.0047 123 184 207 281
chair 0.0045 109 157 237 270
chair 0.0036 277 159 330 225
chair 0.0034 363 195 429 295
chair 0.0030 0 171 14 335
chair 0.0024 136 163 205 252
chair 0.0021 180 155 209 190
chair 0.0021 404 156 487 265
chair 0.0020 145 144 249 218
chair 0.0018 412 165 459 215
chair 0.0018 372 198 446 261
chair 0.0017 0 151 8 231
chair 0.0017 462 325 500 375
chair 0.0017 45 189 136 245
chair 0.0017 472 161 500 236
chair 0.0017 196 158 247 195
chair 0.0016 258 143 396 276
chair 0.0016 349 188 407 303
chair 0.0015 280 175 353 321
chair 0.0013 256 187 299 273
chair 0.0013 0 152 17 222
chair 0.0013 173 141 283 181
chair 0.0012 246 159 314 223
chair 0.0012 290 154 318 189
chair 0.0012 443 138 476 170
chair 0.0011 124 181 191 239
chair 0.0010 40 179 183 262
chair 0.0010 247 149 346 182
chair 0.0010 277 158 303 192
diningtable 0.4335 83 186 397 344
diningtable 0.1995 295 187 476 324
diningtable 0.1851 143 171 329 325
diningtable 0.0581 231 159 396 330
diningtable 0.0279 55 183 233 324
diningtable 0.0256 214 186 342 317
diningtable 0.0062 177 160 295 275
diningtable 0.0060 19 172 158 307
diningtable 0.0028 297 200 399 360
diningtable 0.0015 202 201 283 330
diningtable 0.0011 250 197 315 329
person 0.0034 0 45 49 272
person 0.0031 0 52 16 263
pottedplant 0.0665 228 162 279 218
pottedplant 0.0638 309 105 341 149
pottedplant 0.0579 450 139 479 171
pottedplant 0.0131 204 158 325 256
pottedplant 0.0061 214 161 274 255
pottedplant 0.0056 238 158 296 261
pottedplant 0.0046 220 3 319 93
pottedplant 0.0021 172 118 208 165
pottedplant 0.0020 167 139 213 189
pottedplant 0.0020 458 133 483 163
pottedplant 0.0018 243 175 268 223
pottedplant 0.0017 268 132 300 147
pottedplant 0.0014 0 48 25 244
