cat 0.0307 193 3 491 293
cat 0.0139 26 61 302 356
cat 0.0047 156 8 358 276
cat 0.0044 48 89 211 230
chair 0.0073 423 130 501 235
chair 0.0062 343 125 494 308
chair 0.0056 22 49 345 361
chair 0.0054 417 133 502 322
chair 0.0053 325 180 392 278
chair 0.0050 329 181 383 234
chair 0.0012 0 111 84 388
chair 0.0010 364 143 502 461
diningtable 0.0178 16 187 499 466
pottedplant 0.0626 3 99 155 412
pottedplant 0.0473 20 85 212 283
pottedplant 0.0398 38 89 131 249
pottedplant 0.0318 38 129 172 345
pottedplant 0.0243 56 342 143 431
pottedplant 0.0201 160 15 318 293
pottedplant 0.0180 29 341 152 476
pottedplant 0.0140 14 92 318 411
pottedplant 0.0042 64 32 350 322
pottedplant 0.0041 0 213 142 480
pottedplant 0.0033 57 201 154 390
pottedplant 0.0027 69 221 142 344
pottedplant 0.0027 -3 67 101 351
pottedplant 0.0022 326 184 393 290
pottedplant 0.0019 199 109 331 285
pottedplant 0.0016 50 285 154 445
pottedplant 0.0014 56 163 138 305
pottedplant 0.0013 166 76 398 326
pottedplant 0.0012 325 171 465 308
pottedplant 0.0012 21 146 144 270
pottedplant 0.0011 50 90 112 196
sofa 0.0629 330 131 497 326
sofa 0.0481 15 155 503 457
sofa 0.0100 22 72 344 383
