aeroplane 0.2627 27 239 346 332
aeroplane 0.0529 158 241 338 321
aeroplane 0.0390 23 212 360 301
aeroplane 0.0080 270 302 324 324
aeroplane 0.0070 189 238 304 275
aeroplane 0.0048 12 216 369 446
aeroplane 0.0028 207 237 285 265
aeroplane 0.0026 279 294 337 325
aeroplane 0.0015 129 231 303 287
aeroplane 0.0014 256 276 336 329
aeroplane 0.0011 262 247 371 326
aeroplane 0.0011 114 257 298 313
boat 0.0580 -6 275 367 495
boat 0.0182 1 345 193 497
boat 0.0038 9 257 300 412
car 0.0053 16 316 63 337
car 0.0024 10 312 82 342
car 0.0012 30 315 101 340
car 0.0011 -19 -7 373 316
cat 0.0013 -2 -2 385 281
chair 0.0137 1 357 192 499
sofa 0.0019 -11 5 367 283
train 0.1493 12 246 336 333
train 0.0170 2 259 137 332
train 0.0020 0 236 118 297
train 0.0018 90 262 274 325
train 0.0017 0 226 205 323
