bottle 0.0023 0 307 29 374
bottle 0.0022 482 217 500 301
chair 0.0048 7 76 217 304
chair 0.0018 8 115 109 273
chair 0.0016 -2 118 55 276
dog 0.6109 188 82 407 317
dog 0.5838 126 213 234 349
dog 0.0172 261 94 414 273
dog 0.0068 119 181 292 342
dog 0.0063 188 82 299 283
dog 0.0049 154 93 327 336
dog 0.0016 105 134 235 333
dog 0.0010 168 51 354 260
dog 0.0010 192 84 285 203
pottedplant 0.0020 0 117 32 246
tvmonitor 0.0183 9 71 215 279
tvmonitor 0.0176 25 1 263 121
tvmonitor 0.0039 263 0 425 130
tvmonitor 0.0028 0 108 30 240
tvmonitor 0.0021 0 121 26 188
tvmonitor 0.0019 19 -7 232 76
tvmonitor 0.0016 2 13 322 244
tvmonitor 0.0014 4 90 128 269
tvmonitor 0.0013 26 18 140 88
tvmonitor 0.0013 71 100 211 242
tvmonitor 0.0010 259 8 342 131
