sheep 0.6583 224 143 300 193
sheep 0.5441 164 122 187 148
sheep 0.1796 224 158 268 189
sheep 0.1306 264 143 300 185
sheep 0.0242 225 162 251 187
sheep 0.0109 224 150 246 171
sheep 0.0092 264 144 301 165
sheep 0.0060 224 150 256 179
sheep 0.0057 324 143 333 151
sheep 0.0043 275 145 300 175
sheep 0.0035 236 147 285 186
sheep 0.0034 222 147 272 170
sheep 0.0029 225 150 245 161
sheep 0.0025 231 165 294 191
sheep 0.0021 264 161 296 190
sheep 0.0019 226 130 301 174
sheep 0.0013 284 148 302 184
sheep 0.0010 323 140 335 154
