bus 0.8305 311 117 445 230
bus 0.4452 24 46 409 297
bus 0.2566 460 166 492 239
bus 0.1173 455 155 499 208
bus 0.0304 368 133 443 223
bus 0.0279 382 168 444 226
bus 0.0185 37 43 234 285
bus 0.0132 350 158 399 244
bus 0.0043 39 108 146 199
bus 0.0031 439 174 456 196
bus 0.0029 311 122 395 194
bus 0.0025 400 164 449 211
bus 0.0025 159 108 453 264
bus 0.0023 474 146 500 206
bus 0.0020 35 62 154 242
bus 0.0019 469 174 499 218
bus 0.0018 50 93 181 178
bus 0.0014 433 173 466 199
bus 0.0013 328 131 410 223
bus 0.0012 68 62 226 203
bus 0.0011 40 128 125 163
car 0.0026 0 220 7 240
car 0.0021 471 172 495 234
car 0.0017 440 174 455 196
car 0.0011 451 170 494 213
person 0.8267 462 173 483 242
person 0.7688 362 173 387 249
person 0.2948 347 151 400 243
person 0.0847 0 198 8 237
person 0.0282 468 169 490 245
person 0.0115 0 217 9 235
person 0.0056 0 209 13 236
person 0.0040 0 177 6 235
person 0.0034 367 175 387 196
person 0.0029 98 85 196 177
person 0.0020 464 199 481 238
person 0.0019 125 96 157 135
person 0.0011 352 171 377 248
person 0.0011 363 178 411 242
person 0.0011 374 182 397 245
person 0.0010 325 146 343 190
person 0.0010 0 189 4 224
