aeroplane 0.7278 0 15 155 96
aeroplane 0.5699 11 57 495 227
aeroplane 0.0591 0 46 137 107
aeroplane 0.0272 327 90 373 125
aeroplane 0.0157 1 -1 139 51
aeroplane 0.0153 -2 55 74 102
aeroplane 0.0122 1 28 83 92
aeroplane 0.0120 1 -5 78 35
aeroplane 0.0111 19 234 503 381
aeroplane 0.0055 295 83 402 146
aeroplane 0.0047 48 25 146 80
aeroplane 0.0033 245 127 479 216
aeroplane 0.0028 -11 68 346 194
aeroplane 0.0028 0 27 47 80
aeroplane 0.0025 6 0 193 73
aeroplane 0.0024 0 1 44 39
aeroplane 0.0023 119 144 446 227
aeroplane 0.0022 -2 42 222 157
aeroplane 0.0021 338 103 370 121
aeroplane 0.0018 0 3 89 64
aeroplane 0.0017 13 11 297 92
aeroplane 0.0016 0 43 15 94
aeroplane 0.0014 0 28 37 62
aeroplane 0.0014 3 64 45 105
aeroplane 0.0013 205 55 462 202
aeroplane 0.0012 9 72 34 109
aeroplane 0.0012 0 11 62 55
bird 0.0176 18 238 62 252
bird 0.0014 1 237 64 264
car 0.0025 216 359 248 374
chair 0.0018 277 255 502 375
person 0.0027 22 86 28 111
