boat 0.0035 276 130 309 143
bottle 0.0022 209 341 341 376
chair 0.5550 391 263 498 374
chair 0.0116 0 308 50 375
chair 0.0089 0 217 49 374
chair 0.0019 131 82 166 139
chair 0.0014 384 125 501 374
chair 0.0011 0 141 80 376
diningtable 0.3836 12 129 504 371
diningtable 0.0045 -26 256 444 373
pottedplant 0.5833 77 22 112 54
pottedplant 0.0061 168 0 462 139
pottedplant 0.0037 79 0 115 52
pottedplant 0.0036 199 3 388 87
pottedplant 0.0014 7 10 118 74
pottedplant 0.0013 201 31 383 136
sofa 0.1123 15 111 503 367
tvmonitor 0.0444 188 2 407 93
tvmonitor 0.0132 162 -1 468 143
