bottle 0.0361 137 -2 219 112
bottle 0.0096 -1 102 112 203
bottle 0.0017 0 5 115 196
bottle 0.0012 -3 84 35 209
bottle 0.0010 0 111 31 182
cat 0.0018 3 100 113 202
chair 0.0106 0 5 73 129
dog 0.1096 100 100 421 371
dog 0.0269 0 112 171 370
dog 0.0041 218 98 407 249
dog 0.0040 2 100 117 219
dog 0.0011 20 7 480 303
dog 0.0010 48 92 377 268
person 0.0697 16 91 416 372
person 0.0610 2 102 220 368
person 0.0184 -2 119 82 374
person 0.0047 26 110 295 291
person 0.0046 -2 84 127 328
person 0.0042 390 287 497 373
person 0.0026 1 220 74 367
person 0.0021 -1 123 42 365
person 0.0019 365 313 420 376
person 0.0016 364 258 417 374
person 0.0014 0 14 425 254
person 0.0013 383 105 498 386
person 0.0011 376 310 459 373
tvmonitor 0.0019 377 176 500 371
