bird 0.7158 132 177 239 255
bird 0.5489 346 454 363 494
bird 0.0429 152 193 237 395
bird 0.0378 315 453 364 492
bird 0.0312 126 377 153 420
bird 0.0278 155 202 241 262
bird 0.0170 132 174 164 215
bird 0.0147 130 173 202 232
bird 0.0107 131 190 239 307
bird 0.0082 153 291 189 316
bird 0.0079 137 380 158 423
bird 0.0074 172 248 234 385
bird 0.0067 -2 315 16 335
bird 0.0060 395 396 439 494
bird 0.0051 150 360 233 396
bird 0.0028 152 285 189 338
bird 0.0025 398 452 437 499
bird 0.0024 0 309 20 326
bird 0.0024 122 370 140 409
bird 0.0021 154 262 205 383
bird 0.0019 249 472 268 491
bird 0.0018 177 225 236 266
bird 0.0016 221 366 288 499
bird 0.0016 306 451 344 479
bird 0.0015 310 449 327 469
bird 0.0011 222 289 235 331
bird 0.0010 134 393 147 422
boat 0.0054 -4 295 78 500
boat 0.0044 151 360 231 396
pottedplant 0.0092 -2 296 112 502
pottedplant 0.0025 8 457 81 499
pottedplant 0.0010 7 433 135 499
