bottle 0.0035 120 254 189 311
bottle 0.0024 110 238 204 331
bottle 0.0018 85 225 341 374
bottle 0.0017 77 223 237 341
bottle 0.0010 191 239 394 375
cat 0.0082 26 11 483 357
cat 0.0026 251 260 366 372
cat 0.0012 142 232 436 376
dog 0.2876 4 1 313 370
dog 0.0524 254 245 439 375
dog 0.0065 -1 0 256 194
dog 0.0027 49 67 471 368
dog 0.0020 293 71 409 180
dog 0.0018 -2 49 79 359
dog 0.0015 65 190 404 373
dog 0.0014 143 206 327 366
dog 0.0010 -5 5 147 352
person 0.1963 280 102 454 356
person 0.0138 284 95 422 265
person 0.0113 102 80 467 366
person 0.0093 442 32 504 369
person 0.0060 295 97 415 185
person 0.0034 280 244 445 371
person 0.0031 296 65 466 197
person 0.0017 0 227 114 375
person 0.0014 304 66 492 290
person 0.0013 375 44 503 365
