bicycle 0.0109 0 300 21 335
bicycle 0.0015 1 315 18 334
bird 0.0028 -1 -5 116 193
chair 0.6869 144 295 198 405
motorbike 0.0031 0 278 23 335
person 0.7882 0 255 24 334
person 0.0214 14 257 28 332
person 0.0040 22 264 34 318
person 0.0027 213 20 306 291
person 0.0016 238 28 307 187
pottedplant 0.0098 172 248 193 299
pottedplant 0.0027 164 33 307 332
pottedplant 0.0023 174 240 203 303
pottedplant 0.0019 141 239 161 295
pottedplant 0.0010 164 240 200 333
train 0.0035 216 27 308 333
train 0.0010 -7 -7 145 215
