bottle 0.0043 284 30 350 125
chair 0.0115 139 112 360 253
chair 0.0020 133 135 277 247
chair 0.0019 256 105 352 237
chair 0.0013 333 -4 500 344
person 0.1368 136 110 279 242
person 0.0638 143 52 346 230
person 0.0126 252 28 357 189
person 0.0035 265 28 348 128
person 0.0034 146 92 326 190
person 0.0022 139 110 256 189
person 0.0016 266 86 355 219
person 0.0014 267 107 344 179
pottedplant 0.0054 285 31 352 124
pottedplant 0.0013 275 31 361 179
sofa 0.5301 140 97 355 248
sofa 0.0063 -5 213 503 334
