bus 0.8019 1 94 107 288
bus 0.4512 84 37 422 373
bus 0.0154 32 79 227 286
bus 0.0052 1 99 54 286
bus 0.0045 401 165 496 234
bus 0.0033 206 39 447 316
bus 0.0022 302 152 499 267
bus 0.0016 52 112 122 278
car 0.5415 76 35 421 379
car 0.2757 403 169 499 263
car 0.0042 305 168 499 273
car 0.0015 65 14 415 146
car 0.0010 368 166 499 227
person 0.0960 243 77 332 146
person 0.0638 222 73 301 149
person 0.0506 279 87 345 146
person 0.0390 412 83 437 148
person 0.0164 312 87 348 147
person 0.0079 211 60 405 221
person 0.0066 152 58 328 182
person 0.0043 197 75 276 153
person 0.0021 202 31 366 144
person 0.0019 415 84 459 150
person 0.0017 429 85 461 130
person 0.0017 288 103 330 146
person 0.0017 191 16 465 289
person 0.0016 271 29 351 135
person 0.0015 295 36 328 73
person 0.0012 273 62 390 174
person 0.0011 112 20 409 149
person 0.0010 91 53 391 261
