bird 0.0031 143 224 235 307
bird 0.0028 156 280 221 332
bird 0.0021 123 34 376 245
bird 0.0011 154 285 195 327
boat 0.0468 0 88 24 174
boat 0.0066 0 112 30 193
boat 0.0037 374 107 428 128
boat 0.0032 0 95 45 169
boat 0.0027 369 19 499 373
boat 0.0026 -3 109 40 233
boat 0.0025 0 118 19 176
boat 0.0015 0 173 41 236
boat 0.0013 0 83 13 163
boat 0.0011 0 238 33 280
bottle 0.0010 145 37 188 124
cat 0.0779 184 30 385 238
cat 0.0028 213 51 489 250
cat 0.0019 275 87 426 251
cat 0.0010 311 147 376 243
diningtable 0.0017 82 219 454 381
diningtable 0.0015 8 302 473 380
dog 0.2231 142 227 237 331
dog 0.0861 186 31 383 249
dog 0.0138 155 269 235 333
dog 0.0021 277 86 404 249
dog 0.0015 306 115 381 243
dog 0.0012 177 251 238 316
horse 0.0027 157 274 212 331
person 0.0013 338 19 496 371
