boat 0.5073 160 162 244 184
boat 0.4287 465 136 499 169
boat 0.2439 250 160 313 179
boat 0.1660 310 160 385 179
boat 0.0797 333 77 496 173
boat 0.0562 2 140 233 184
boat 0.0560 163 150 265 180
boat 0.0405 228 155 398 182
boat 0.0404 155 171 228 187
boat 0.0349 378 126 493 173
boat 0.0282 208 152 335 177
boat 0.0184 439 93 500 162
boat 0.0176 320 140 386 174
boat 0.0162 100 147 194 174
boat 0.0153 159 154 228 178
boat 0.0146 73 152 253 183
boat 0.0146 302 152 475 183
boat 0.0133 382 147 493 178
boat 0.0110 278 146 392 179
boat 0.0103 149 176 212 188
boat 0.0082 121 136 188 169
boat 0.0071 -3 153 173 190
boat 0.0071 458 90 497 129
boat 0.0065 460 115 501 166
boat 0.0060 129 146 176 170
boat 0.0058 112 161 225 186
boat 0.0052 86 129 204 173
boat 0.0048 219 163 266 180
boat 0.0048 131 153 179 179
boat 0.0045 167 140 288 170
boat 0.0039 202 163 314 182
boat 0.0039 199 147 283 176
boat 0.0038 253 148 317 173
boat 0.0037 469 88 499 159
boat 0.0035 159 139 231 173
boat 0.0033 191 142 436 189
boat 0.0032 -16 110 290 184
boat 0.0031 380 152 451 176
boat 0.0030 429 143 500 177
boat 0.0027 472 134 499 158
boat 0.0027 240 137 325 176
boat 0.0025 111 132 356 179
boat 0.0024 263 158 332 182
boat 0.0020 489 129 499 161
boat 0.0019 181 168 253 182
boat 0.0019 2 142 68 176
boat 0.0018 236 167 305 184
boat 0.0018 185 173 250 186
boat 0.0017 75 90 448 196
boat 0.0016 113 152 166 174
boat 0.0016 245 132 389 176
boat 0.0015 121 126 189 156
boat 0.0015 173 166 222 183
boat 0.0015 474 145 500 175
boat 0.0014 483 135 502 164
boat 0.0014 216 142 267 169
boat 0.0012 349 76 464 131
boat 0.0012 304 166 399 183
boat 0.0012 333 151 380 175
boat 0.0011 202 170 286 184
boat 0.0011 211 106 472 178
boat 0.0010 399 82 463 160
boat 0.0010 140 177 193 186
boat 0.0010 407 65 502 166
bottle 0.0328 302 249 344 312
car 0.0010 7 90 34 102
chair 0.0058 420 162 502 330
chair 0.0031 323 166 503 335
chair 0.0018 440 273 500 333
chair 0.0016 378 273 501 334
chair 0.0013 480 273 500 332
diningtable 0.0070 18 176 499 324
diningtable 0.0037 323 167 501 334
person 0.0297 450 94 465 123
person 0.0059 467 89 498 135
person 0.0035 478 85 499 122
person 0.0031 435 88 466 132
person 0.0021 450 89 485 123
person 0.0019 423 80 474 143
person 0.0018 412 89 442 133
person 0.0017 388 79 465 148
person 0.0013 418 92 438 127
