bicycle 0.0028 0 250 17 308
bus 0.8220 52 97 471 306
bus 0.0253 461 127 498 192
bus 0.0217 486 127 499 194
bus 0.0127 12 110 290 297
bus 0.0058 274 109 452 293
bus 0.0041 354 126 465 230
bus 0.0034 487 92 500 134
bus 0.0020 407 153 461 209
bus 0.0017 391 160 468 232
bus 0.0011 486 86 500 178
car 0.0140 354 193 467 263
car 0.0031 0 185 16 313
car 0.0022 323 165 466 296
car 0.0021 383 202 467 245
car 0.0020 131 175 162 196
car 0.0013 182 104 272 135
car 0.0012 487 130 499 191
person 0.4915 369 171 402 209
person 0.0420 373 170 422 211
person 0.0256 487 139 499 195
person 0.0240 354 167 395 213
person 0.0239 0 206 12 314
person 0.0158 402 168 435 207
person 0.0133 67 172 89 201
person 0.0115 333 146 380 214
person 0.0112 419 167 435 204
person 0.0089 360 143 458 251
person 0.0060 177 176 199 206
person 0.0042 152 175 183 209
person 0.0038 0 212 7 298
person 0.0038 366 162 398 198
person 0.0034 260 127 422 234
person 0.0033 397 163 464 228
person 0.0030 142 174 175 206
person 0.0029 59 173 99 205
person 0.0027 362 169 440 228
person 0.0027 411 157 456 207
person 0.0023 266 117 464 305
person 0.0022 479 218 486 249
person 0.0020 310 172 348 239
person 0.0018 379 168 406 202
person 0.0016 28 161 102 231
person 0.0016 185 171 200 200
person 0.0016 0 244 9 319
person 0.0015 486 121 500 181
person 0.0015 318 147 369 232
person 0.0014 182 177 216 209
person 0.0013 162 178 202 216
person 0.0012 388 160 431 204
person 0.0010 291 138 385 270
person 0.0010 289 184 318 222
pottedplant 0.0510 345 6 372 67
pottedplant 0.0019 10 13 58 30
