bus 0.0049 0 168 53 215
car 0.0027 0 160 54 213
chair 0.0335 464 186 499 237
chair 0.0055 391 243 461 353
chair 0.0044 447 226 499 359
chair 0.0021 393 240 455 293
chair 0.0017 457 161 500 251
chair 0.0010 369 269 488 375
person 0.0038 397 87 461 340
person 0.0021 297 144 329 223
person 0.0017 109 181 136 228
sofa 0.0016 446 213 500 359
train 0.1395 -10 87 432 224
train 0.0217 97 118 369 206
train 0.0064 305 123 386 188
train 0.0060 12 135 330 224
train 0.0055 -10 0 485 208
train 0.0034 -1 164 56 216
train 0.0033 281 113 408 200
train 0.0024 214 124 413 218
train 0.0020 288 129 339 215
train 0.0015 440 105 499 244
