bicycle 0.0737 42 159 118 228
bicycle 0.0174 25 143 122 256
bicycle 0.0065 39 171 107 284
bicycle 0.0040 47 147 161 238
bicycle 0.0037 370 134 443 184
bicycle 0.0026 357 127 414 179
bicycle 0.0024 385 137 455 206
bicycle 0.0022 404 144 443 190
bicycle 0.0018 8 120 130 222
bicycle 0.0014 78 251 241 379
bicycle 0.0014 6 59 140 258
bicycle 0.0013 62 166 106 212
bicycle 0.0010 67 150 132 215
bottle 0.3232 277 190 293 241
bottle 0.2725 161 333 186 375
bottle 0.2687 292 190 306 241
bottle 0.2151 213 191 228 245
bottle 0.0692 304 192 317 238
bottle 0.0276 305 205 320 249
bottle 0.0123 219 199 235 252
bottle 0.0105 303 222 321 259
bottle 0.0079 271 188 309 239
bottle 0.0071 214 192 226 219
bottle 0.0035 286 173 339 237
bottle 0.0033 283 196 304 245
bottle 0.0030 206 169 237 252
bottle 0.0026 272 180 353 266
bottle 0.0026 269 189 288 242
bottle 0.0023 204 192 219 247
bottle 0.0023 280 190 293 222
bottle 0.0021 299 213 323 271
bottle 0.0021 165 139 273 262
bottle 0.0016 328 224 346 256
bottle 0.0016 215 195 243 285
bottle 0.0012 287 185 305 221
bottle 0.0012 290 177 317 223
bottle 0.0012 301 189 315 224
bottle 0.0010 165 183 196 228
bottle 0.0010 266 214 333 290
chair 0.4607 19 242 99 372
chair 0.3674 346 241 453 373
chair 0.2128 71 238 159 374
chair 0.1003 220 269 448 378
chair 0.0670 225 315 412 377
chair 0.0441 48 199 110 294
chair 0.0366 56 186 181 371
chair 0.0267 36 201 129 358
chair 0.0161 430 194 461 250
chair 0.0159 432 310 499 374
chair 0.0155 -2 211 66 350
chair 0.0125 403 233 457 361
chair 0.0113 346 300 439 373
chair 0.0107 218 234 343 374
chair 0.0107 -1 219 36 345
chair 0.0105 417 166 463 247
chair 0.0074 364 131 399 172
chair 0.0071 65 237 122 359
chair 0.0061 7 296 115 379
chair 0.0061 47 166 138 303
chair 0.0059 35 213 101 326
chair 0.0059 26 282 161 375
chair 0.0048 442 201 471 252
chair 0.0047 94 226 202 372
chair 0.0046 434 173 468 243
chair 0.0041 37 250 84 329
chair 0.0041 477 159 500 208
chair 0.0035 420 192 464 280
chair 0.0033 44 172 112 263
chair 0.0032 465 161 502 220
chair 0.0026 -3 -1 132 291
chair 0.0025 149 216 267 363
chair 0.0024 378 206 474 363
chair 0.0023 378 140 411 184
chair 0.0023 299 200 439 377
chair 0.0022 333 266 412 369
chair 0.0022 456 194 500 262
chair 0.0022 418 228 500 374
chair 0.0021 351 134 430 202
chair 0.0021 54 205 109 250
chair 0.0020 0 210 11 257
chair 0.0019 430 150 483 205
chair 0.0018 433 196 491 270
chair 0.0018 372 135 394 168
chair 0.0016 0 210 19 334
chair 0.0015 226 268 310 371
chair 0.0015 71 194 142 345
chair 0.0014 463 163 494 203
chair 0.0014 327 224 434 339
chair 0.0013 483 171 501 232
chair 0.0013 319 163 348 203
chair 0.0012 52 149 164 262
chair 0.0012 408 153 450 234
chair 0.0012 347 138 367 157
chair 0.0012 71 313 193 378
chair 0.0011 433 154 455 198
chair 0.0010 122 249 189 366
chair 0.0010 24 332 164 376
chair 0.0010 361 308 500 375
diningtable 0.2562 150 215 357 373
diningtable 0.0394 210 227 420 378
diningtable 0.0152 221 216 337 349
diningtable 0.0098 162 196 296 345
diningtable 0.0056 253 215 335 298
diningtable 0.0019 42 256 336 380
diningtable 0.0011 190 200 272 317
person 0.7528 197 118 287 220
person 0.6848 81 131 194 365
person 0.5107 259 158 430 363
person 0.1662 311 157 426 311
person 0.0631 90 130 193 246
person 0.0444 326 154 406 262
person 0.0205 176 155 285 354
person 0.0149 331 155 373 232
person 0.0110 138 146 236 358
person 0.0068 239 195 341 326
person 0.0059 195 106 291 303
person 0.0051 407 144 456 203
person 0.0043 38 150 137 297
person 0.0041 346 163 444 289
person 0.0039 430 147 455 195
person 0.0036 131 133 195 230
person 0.0035 -4 191 36 341
person 0.0034 230 211 380 375
person 0.0033 344 179 457 359
person 0.0030 334 144 376 194
person 0.0025 409 147 437 192
person 0.0025 332 146 398 221
person 0.0023 325 163 367 268
person 0.0022 201 185 264 327
person 0.0022 305 142 379 226
person 0.0021 309 161 355 223
person 0.0019 338 150 369 183
person 0.0019 211 125 331 340
person 0.0019 118 122 211 317
person 0.0017 392 150 450 237
person 0.0016 290 158 346 207
person 0.0016 0 180 14 287
person 0.0014 -3 155 92 354
person 0.0014 410 157 445 225
person 0.0014 344 133 435 212
person 0.0013 392 139 443 187
person 0.0013 -5 4 122 159
person 0.0013 280 167 348 243
person 0.0011 254 175 329 271
person 0.0011 163 193 247 345
person 0.0010 339 136 375 177
person 0.0010 432 147 452 176
pottedplant 0.0078 40 174 106 282
pottedplant 0.0021 16 166 101 318
