bicycle 0.0125 17 106 156 292
bicycle 0.0090 196 73 378 287
bicycle 0.0022 404 173 499 332
bicycle 0.0016 217 15 274 106
bicycle 0.0014 191 33 294 130
car 0.0013 0 156 29 191
car 0.0012 464 122 499 162
motorbike 0.3665 96 114 494 445
motorbike 0.1424 35 50 386 360
motorbike 0.0419 47 100 294 310
motorbike 0.0411 21 67 187 286
motorbike 0.0227 116 52 359 265
motorbike 0.0199 260 80 473 398
motorbike 0.0106 187 68 423 348
motorbike 0.0074 107 30 261 242
motorbike 0.0032 28 118 153 208
motorbike 0.0030 321 148 497 366
motorbike 0.0017 115 153 363 411
motorbike 0.0015 58 17 210 157
motorbike 0.0012 123 14 238 150
motorbike 0.0010 3 48 145 226
person 0.4652 233 40 345 185
person 0.0391 189 48 354 252
person 0.0167 336 67 393 182
person 0.0151 103 28 220 226
person 0.0084 272 41 345 143
person 0.0078 239 35 334 121
person 0.0049 126 19 206 149
person 0.0041 280 40 379 176
person 0.0034 115 54 274 251
person 0.0029 279 39 333 110
person 0.0021 324 60 392 261
person 0.0018 192 47 326 156
person 0.0017 29 40 180 235
person 0.0017 325 26 439 290
pottedplant 0.0033 13 73 157 373
