bottle 0.8195 325 149 351 206
bottle 0.7551 87 98 106 165
bottle 0.6886 38 107 74 216
bottle 0.3988 71 235 175 372
bottle 0.2493 6 95 70 214
bottle 0.1027 79 183 92 225
bottle 0.0950 427 158 439 194
bottle 0.0246 19 161 45 223
bottle 0.0243 82 88 106 223
bottle 0.0228 1 239 149 374
bottle 0.0217 7 153 53 227
bottle 0.0174 52 123 78 229
bottle 0.0154 48 155 69 228
bottle 0.0121 65 105 90 175
bottle 0.0100 74 185 88 227
bottle 0.0095 95 96 114 166
bottle 0.0085 1 110 43 275
bottle 0.0083 62 164 78 227
bottle 0.0067 43 104 76 168
bottle 0.0061 37 131 60 212
bottle 0.0060 418 156 439 212
bottle 0.0060 25 125 68 225
bottle 0.0059 63 116 96 224
bottle 0.0054 348 5 435 81
bottle 0.0049 77 96 110 176
bottle 0.0045 0 283 62 372
bottle 0.0044 12 130 186 376
bottle 0.0043 58 114 82 179
bottle 0.0042 40 76 71 159
bottle 0.0042 121 236 142 270
bottle 0.0039 15 77 102 296
bottle 0.0020 89 224 171 317
bottle 0.0020 39 118 64 187
bottle 0.0018 55 259 138 373
bottle 0.0017 46 108 145 229
bottle 0.0015 56 157 74 222
bottle 0.0015 323 157 343 195
bottle 0.0014 429 156 441 211
bottle 0.0013 68 169 84 227
bottle 0.0012 11 144 72 253
bottle 0.0011 31 158 62 221
bottle 0.0010 14 160 34 228
bottle 0.0010 260 2 426 67
person 0.7069 13 24 454 371
person 0.4712 0 90 39 216
person 0.2843 6 93 70 217
person 0.0500 0 105 79 354
person 0.0473 312 117 356 233
person 0.0306 -2 118 173 373
person 0.0281 0 94 21 233
person 0.0104 1 65 47 327
person 0.0088 0 141 33 365
person 0.0074 0 117 18 371
person 0.0064 0 74 33 165
person 0.0025 0 166 13 338
person 0.0018 246 84 414 270
person 0.0016 18 49 210 300
person 0.0013 10 73 64 156
person 0.0012 0 118 11 264
person 0.0011 42 77 76 155
pottedplant 0.0032 38 6 107 90
