bird 0.0126 412 187 499 261
bird 0.0011 415 186 463 227
boat 0.0086 12 129 107 155
boat 0.0063 420 145 459 160
boat 0.0029 46 131 108 151
boat 0.0022 12 4 503 162
car 0.8173 40 152 456 358
car 0.3115 0 186 96 270
car 0.0012 3 128 108 154
car 0.0011 -11 188 170 278
car 0.0011 80 154 346 260
diningtable 0.0014 -1 36 482 162
person 0.0199 184 167 243 198
person 0.0031 459 12 489 48
person 0.0030 218 229 281 258
person 0.0020 200 174 229 200
person 0.0016 220 130 236 145
person 0.0016 273 163 348 204
person 0.0015 277 132 292 143
person 0.0010 202 131 225 147
