cat 0.0020 1 247 63 282
chair 0.0199 289 189 343 264
chair 0.0104 235 186 342 271
chair 0.0031 208 180 370 303
chair 0.0020 0 257 122 375
chair 0.0019 241 182 300 238
chair 0.0012 205 178 312 258
chair 0.0012 277 188 358 299
diningtable 0.0422 -37 249 446 374
diningtable 0.0075 30 294 497 380
diningtable 0.0019 38 318 378 374
dog 0.0021 1 245 75 283
person 0.0040 0 233 63 299
person 0.0036 0 185 66 345
person 0.0011 -1 203 169 362
pottedplant 0.5908 334 77 385 138
pottedplant 0.4877 237 165 261 192
pottedplant 0.0336 278 176 292 190
pottedplant 0.0170 236 143 269 194
pottedplant 0.0158 335 70 390 193
pottedplant 0.0142 333 88 357 135
pottedplant 0.0047 272 167 292 191
pottedplant 0.0039 240 157 264 183
pottedplant 0.0037 450 38 499 150
pottedplant 0.0027 238 169 280 192
pottedplant 0.0024 332 93 348 133
pottedplant 0.0021 243 122 280 159
pottedplant 0.0018 256 166 293 193
pottedplant 0.0015 337 90 367 128
pottedplant 0.0014 327 21 393 281
pottedplant 0.0012 245 157 277 189
pottedplant 0.0010 404 297 433 330
pottedplant 0.0010 366 180 501 362
sofa 0.5036 -8 181 319 358
sofa 0.0285 -25 239 447 380
sofa 0.0281 1 183 251 292
sofa 0.0054 335 175 501 297
sofa 0.0037 122 173 391 322
sofa 0.0036 0 227 124 373
sofa 0.0023 31 172 546 365
sofa 0.0010 189 183 343 275
tvmonitor 0.0051 0 111 13 201
tvmonitor 0.0037 0 15 10 122
tvmonitor 0.0029 0 143 18 201
tvmonitor 0.0025 0 108 9 177
tvmonitor 0.0011 0 135 8 198
tvmonitor 0.0010 255 126 282 157
