aeroplane 0.0019 5 20 15 29
bicycle 0.0159 140 202 165 247
bicycle 0.0015 146 218 166 244
bird 0.0066 4 299 50 393
bird 0.0010 134 280 168 328
boat 0.0018 36 158 356 491
cow 0.0392 6 299 63 407
cow 0.0313 196 354 263 409
cow 0.0100 23 289 93 421
cow 0.0094 181 335 267 432
cow 0.0077 215 358 331 452
cow 0.0047 42 258 128 430
cow 0.0045 131 310 299 463
cow 0.0041 271 362 331 440
cow 0.0037 52 299 91 414
cow 0.0037 62 266 319 477
cow 0.0031 21 269 201 494
cow 0.0028 134 285 169 320
cow 0.0020 286 247 333 286
cow 0.0010 2 299 42 383
dog 0.0011 133 288 161 318
horse 0.0708 20 231 331 493
horse 0.0287 35 220 191 455
horse 0.0225 7 298 59 396
horse 0.0044 44 252 128 415
horse 0.0036 4 357 350 499
horse 0.0031 14 272 80 404
horse 0.0027 89 250 217 389
horse 0.0023 133 286 174 324
horse 0.0020 50 285 188 405
person 0.8003 141 189 165 242
person 0.0027 35 274 86 398
person 0.0019 10 298 50 385
person 0.0016 149 191 173 243
person 0.0016 40 270 73 336
person 0.0011 141 190 163 213
sheep 0.0012 196 361 327 499
