boat 0.0452 413 184 450 207
boat 0.0293 489 196 500 234
boat 0.0106 42 110 489 380
boat 0.0084 390 150 447 205
boat 0.0068 429 98 463 216
boat 0.0052 379 182 422 213
boat 0.0040 412 161 452 209
boat 0.0031 481 191 500 226
boat 0.0016 384 166 431 203
boat 0.0015 469 193 500 235
car 0.8934 66 206 111 242
car 0.7155 167 154 183 169
car 0.3758 119 115 144 132
car 0.2781 377 192 415 216
car 0.2660 3 129 39 151
car 0.0867 415 188 448 206
car 0.0718 0 131 17 150
car 0.0285 72 130 94 141
car 0.0239 0 133 10 153
car 0.0233 54 131 77 143
car 0.0110 17 129 42 148
car 0.0078 171 360 199 375
car 0.0040 394 201 415 216
car 0.0033 70 204 110 226
car 0.0032 119 116 133 133
car 0.0027 7 126 36 140
car 0.0021 119 111 142 125
car 0.0019 63 216 98 242
car 0.0015 393 190 438 211
car 0.0014 169 148 185 163
car 0.0012 88 131 101 140
car 0.0012 77 128 98 138
car 0.0011 171 152 192 168
car 0.0011 88 205 110 236
car 0.0010 53 129 84 149
car 0.0010 55 128 75 138
train 0.0011 374 183 417 225
