bird 0.0019 213 0 278 29
bottle 0.1338 175 221 208 277
bottle 0.0089 179 234 203 271
bottle 0.0085 170 223 197 259
bottle 0.0047 183 225 207 258
bottle 0.0043 170 219 204 319
bottle 0.0022 165 224 193 278
bottle 0.0021 175 235 197 292
bottle 0.0016 195 221 211 247
bottle 0.0011 184 232 207 293
chair 0.0035 0 287 51 382
dog 0.0719 178 222 208 283
dog 0.0033 168 217 205 321
dog 0.0018 110 174 221 363
person 0.8032 114 172 202 494
person 0.0322 128 187 207 370
person 0.0148 173 226 209 330
person 0.0016 166 223 188 261
