bicycle 0.1710 289 25 380 161
bicycle 0.0806 190 293 364 376
bicycle 0.0152 272 5 372 90
bicycle 0.0100 286 4 417 105
bicycle 0.0078 319 53 378 134
bicycle 0.0056 219 4 373 186
bicycle 0.0048 0 -4 116 138
bicycle 0.0044 288 68 365 148
bicycle 0.0041 161 213 392 373
bicycle 0.0023 313 8 388 124
bicycle 0.0016 351 81 378 130
bird 0.0014 365 120 390 141
boat 0.0784 416 147 468 185
boat 0.0017 415 149 489 199
bottle 0.0340 139 299 215 375
bottle 0.0136 135 67 147 87
bottle 0.0015 488 265 500 380
bottle 0.0011 129 62 149 85
car 0.0695 177 27 196 41
car 0.0311 168 26 197 44
car 0.0125 281 8 351 77
car 0.0078 0 164 14 288
car 0.0076 152 24 195 51
car 0.0062 166 28 205 62
car 0.0050 0 134 17 348
car 0.0043 222 7 369 144
car 0.0039 316 9 439 91
car 0.0033 278 31 340 73
car 0.0031 181 24 224 45
car 0.0022 206 22 359 90
car 0.0018 281 51 311 70
car 0.0017 272 43 325 71
car 0.0016 355 11 429 68
car 0.0016 197 26 220 41
car 0.0014 262 34 346 92
car 0.0013 159 25 183 46
car 0.0012 147 17 185 46
car 0.0010 262 3 336 62
car 0.0010 0 -2 10 44
chair 0.7501 392 72 454 152
chair 0.0170 416 150 465 188
chair 0.0129 283 59 376 173
chair 0.0050 82 181 311 371
chair 0.0041 288 83 359 153
chair 0.0036 164 178 384 374
chair 0.0034 222 20 365 202
chair 0.0029 86 165 176 352
chair 0.0023 365 122 390 141
chair 0.0023 288 90 333 145
chair 0.0020 176 76 232 161
chair 0.0018 264 168 327 207
chair 0.0017 341 61 379 93
chair 0.0016 322 17 380 115
chair 0.0016 265 166 344 233
chair 0.0011 349 87 384 136
chair 0.0011 178 90 213 143
chair 0.0010 407 3 462 58
chair 0.0010 299 56 459 150
chair 0.0010 303 8 455 124
chair 0.0010 1 374 79 434
chair 0.0010 401 71 472 189
chair 0.0010 250 145 342 258
motorbike 0.0450 103 177 376 374
motorbike 0.0252 118 285 379 376
person 0.8014 83 56 258 354
person 0.3445 193 52 210 88
person 0.0497 0 -14 17 112
person 0.0256 458 168 499 374
person 0.0185 0 110 15 301
person 0.0170 0 163 13 272
person 0.0138 181 59 209 122
person 0.0098 135 67 147 87
person 0.0092 0 -7 29 130
person 0.0085 0 -3 22 55
person 0.0046 0 76 50 378
person 0.0045 0 -1 9 85
person 0.0040 183 48 222 141
person 0.0038 0 168 8 251
person 0.0036 82 57 246 193
person 0.0036 151 57 224 143
person 0.0029 0 114 28 333
person 0.0029 181 55 204 87
person 0.0016 104 59 397 355
person 0.0016 176 46 216 98
person 0.0014 150 31 257 170
person 0.0014 77 85 183 352
person 0.0013 160 59 207 102
person 0.0013 0 148 21 259
person 0.0011 0 -8 9 41
person 0.0011 199 3 281 190
person 0.0010 0 -3 38 300
person 0.0010 171 71 237 181
pottedplant 0.0025 310 7 418 101
pottedplant 0.0012 345 15 383 92
sheep 0.0016 66 194 367 374
sheep 0.0012 362 120 390 143
