bicycle 0.0334 132 70 182 107
bicycle 0.0262 121 78 173 114
bicycle 0.0086 149 66 192 98
bicycle 0.0049 391 58 452 103
bicycle 0.0021 58 34 85 61
bicycle 0.0019 125 86 152 113
bicycle 0.0011 157 70 179 92
bus 0.3634 255 6 462 90
bus 0.0239 86 7 156 64
bus 0.0028 53 0 175 68
bus 0.0010 249 19 368 90
car 0.0586 86 13 204 69
car 0.0231 78 7 155 64
car 0.0189 253 6 415 84
car 0.0175 92 38 152 65
car 0.0141 150 29 204 59
car 0.0134 284 24 449 91
car 0.0130 133 25 205 50
car 0.0064 356 41 461 95
car 0.0051 149 37 198 75
car 0.0045 0 42 18 97
car 0.0033 97 36 195 74
car 0.0033 267 59 295 79
car 0.0032 51 32 133 61
car 0.0021 59 34 88 61
car 0.0020 0 35 16 65
car 0.0016 265 64 314 94
car 0.0016 345 47 421 92
car 0.0014 1 31 30 62
car 0.0013 216 23 377 98
car 0.0013 98 47 144 63
car 0.0012 62 42 118 63
car 0.0012 471 49 499 88
car 0.0011 154 28 207 45
car 0.0010 38 18 103 61
car 0.0010 62 30 156 70
motorbike 0.8608 384 97 463 196
motorbike 0.7950 297 104 378 194
motorbike 0.7185 103 107 205 208
motorbike 0.6941 256 94 320 185
motorbike 0.0540 100 93 168 190
motorbike 0.0236 291 89 345 185
motorbike 0.0210 335 107 380 191
motorbike 0.0104 152 111 206 204
motorbike 0.0096 391 49 451 98
motorbike 0.0092 150 66 200 111
motorbike 0.0092 136 71 181 103
motorbike 0.0049 59 34 82 60
motorbike 0.0047 124 80 179 117
motorbike 0.0042 491 40 499 178
motorbike 0.0019 486 24 499 219
motorbike 0.0012 259 64 310 104
motorbike 0.0012 419 101 461 188
motorbike 0.0010 494 57 500 138
person 0.7490 393 59 465 181
person 0.7485 311 69 380 178
person 0.7083 265 71 321 155
person 0.6966 153 40 179 80
person 0.6622 444 41 474 117
person 0.6215 147 74 208 192
person 0.3653 421 39 450 77
person 0.1197 421 39 463 101
person 0.1063 264 71 318 114
person 0.0984 151 52 194 105
person 0.0939 143 70 200 122
person 0.0913 112 92 194 200
person 0.0658 202 38 218 63
person 0.0498 410 31 452 83
person 0.0424 392 45 469 116
person 0.0391 266 69 366 176
person 0.0347 488 52 500 92
person 0.0341 124 74 185 116
person 0.0268 445 39 472 80
person 0.0209 149 72 180 115
person 0.0193 486 52 500 118
person 0.0192 322 71 381 134
person 0.0172 121 69 196 157
person 0.0170 162 75 209 138
person 0.0139 451 42 488 83
person 0.0133 138 32 182 74
person 0.0132 468 46 499 91
person 0.0114 283 68 343 156
person 0.0092 147 59 176 92
person 0.0092 156 72 176 94
person 0.0086 492 53 500 133
person 0.0078 393 40 450 95
person 0.0072 141 83 177 124
person 0.0069 492 50 500 80
person 0.0063 432 40 452 62
person 0.0056 60 34 82 60
person 0.0054 433 48 468 170
person 0.0053 449 41 469 64
person 0.0048 299 71 362 126
person 0.0046 108 35 217 131
person 0.0040 287 69 315 95
person 0.0037 493 28 500 87
person 0.0037 277 66 335 109
person 0.0029 293 80 338 130
person 0.0027 306 79 347 158
person 0.0025 484 41 499 86
person 0.0023 149 89 171 118
person 0.0022 336 96 378 182
person 0.0022 310 94 323 117
person 0.0022 195 40 225 67
person 0.0021 128 93 174 182
person 0.0019 307 83 345 125
person 0.0019 106 80 166 179
person 0.0018 2 31 30 63
person 0.0017 167 92 210 178
person 0.0016 458 42 477 79
person 0.0015 145 77 187 160
person 0.0014 419 48 442 84
person 0.0014 16 33 35 59
person 0.0014 303 71 351 107
person 0.0013 236 79 268 110
person 0.0013 423 27 430 39
person 0.0013 120 85 161 154
person 0.0012 0 39 15 63
person 0.0012 424 38 447 57
person 0.0012 451 49 491 128
person 0.0011 158 56 179 90
person 0.0010 164 66 200 111
