bicycle 0.0061 141 148 452 353
bottle 0.0940 250 246 281 335
bottle 0.0501 209 227 250 326
bottle 0.0450 197 230 258 362
bottle 0.0060 133 169 171 241
bottle 0.0058 387 324 419 349
bottle 0.0057 221 234 327 331
bottle 0.0048 68 274 167 368
bottle 0.0044 363 324 425 366
bottle 0.0044 130 204 157 232
bottle 0.0042 175 222 310 353
bottle 0.0034 219 224 245 298
bottle 0.0024 327 323 440 370
bottle 0.0020 460 328 499 373
bottle 0.0018 205 234 230 318
bottle 0.0017 178 191 271 322
bottle 0.0014 400 331 475 370
bottle 0.0013 146 165 179 238
bottle 0.0012 124 294 159 366
bottle 0.0011 409 337 449 367
bottle 0.0011 383 328 444 366
chair 0.5595 72 -3 221 130
chair 0.0310 415 0 500 69
chair 0.0175 6 1 99 124
chair 0.0109 148 70 460 361
chair 0.0053 74 -3 151 111
chair 0.0037 124 -6 224 102
chair 0.0024 103 -2 183 101
chair 0.0024 426 21 500 172
chair 0.0014 240 2 498 253
chair 0.0010 179 247 280 372
diningtable 0.0193 88 -4 260 121
diningtable 0.0070 139 241 333 371
diningtable 0.0054 194 241 273 371
diningtable 0.0054 72 -65 338 109
diningtable 0.0046 132 181 458 356
diningtable 0.0036 67 251 448 373
diningtable 0.0027 25 -82 249 93
diningtable 0.0025 428 37 500 186
diningtable 0.0023 0 190 308 369
diningtable 0.0019 32 306 439 371
diningtable 0.0019 137 -4 338 118
person 0.7973 0 121 92 368
person 0.4137 217 6 455 345
person 0.0336 0 121 189 372
person 0.0263 245 -2 447 202
person 0.0074 72 -3 146 113
person 0.0037 175 88 367 306
person 0.0028 0 109 18 382
person 0.0017 0 119 41 371
person 0.0016 107 -176 209 115
person 0.0010 35 32 398 333
