bird 0.7771 38 298 78 353
bird 0.2463 384 251 431 307
bird 0.1032 61 92 308 260
bird 0.0732 7 173 306 374
bird 0.0279 152 30 176 56
bird 0.0075 125 25 176 57
bird 0.0032 -17 53 321 342
bird 0.0025 46 306 74 345
bird 0.0013 220 227 458 373
bird 0.0012 154 173 312 265
bird 0.0010 123 193 347 374
bottle 0.0031 37 69 479 382
bottle 0.0016 353 32 482 202
bottle 0.0015 137 151 380 306
car 0.0018 369 3 499 63
chair 0.0079 0 0 77 131
chair 0.0023 1 4 169 106
chair 0.0010 0 2 57 87
person 0.0358 373 2 465 148
person 0.0218 373 1 433 113
person 0.0052 62 36 302 231
person 0.0039 33 29 481 371
person 0.0011 261 3 472 149
person 0.0010 57 71 389 290
person 0.0010 371 38 500 199
