boat 0.0169 5 13 264 323
boat 0.0040 -1 17 116 352
boat 0.0032 265 257 312 283
boat 0.0021 15 123 121 262
boat 0.0012 19 184 108 216
boat 0.0010 20 89 153 313
chair 0.0042 304 253 323 282
person 0.0032 52 36 65 93
person 0.0028 168 236 182 251
person 0.0014 122 230 141 251
pottedplant 0.0031 293 256 313 281
pottedplant 0.0031 269 255 316 282
pottedplant 0.0011 303 254 322 279
train 0.8577 112 202 242 310
train 0.0083 113 202 181 303
train 0.0036 49 180 228 320
train 0.0030 156 218 246 286
train 0.0022 16 177 109 215
train 0.0022 60 92 264 333
