boat 0.1831 27 50 130 81
boat 0.0076 -26 6 411 286
boat 0.0068 110 55 155 114
boat 0.0053 40 65 124 82
boat 0.0048 108 50 211 138
boat 0.0041 108 57 135 106
boat 0.0031 110 32 255 157
boat 0.0019 24 30 132 96
boat 0.0015 103 45 284 240
boat 0.0012 67 60 149 90
bottle 0.0012 166 229 186 262
bottle 0.0010 169 222 199 268
bus 0.8217 129 0 502 290
bus 0.0097 -20 61 490 404
bus 0.0010 315 17 500 280
car 0.0037 223 103 501 278
car 0.0031 347 72 370 91
car 0.0013 343 70 372 104
car 0.0010 0 192 18 274
motorbike 0.0017 0 182 20 277
person 0.8757 221 168 277 370
person 0.8697 24 122 80 271
person 0.8400 156 164 224 372
person 0.5850 0 124 26 274
person 0.0552 159 166 200 255
person 0.0161 133 150 192 366
person 0.0091 10 123 56 277
person 0.0085 0 170 17 282
person 0.0084 186 171 255 372
person 0.0062 0 124 20 210
person 0.0038 234 39 341 156
person 0.0025 52 102 351 352
person 0.0025 167 146 210 220
person 0.0023 116 118 272 334
person 0.0018 400 333 412 348
person 0.0017 168 26 366 182
person 0.0016 186 159 294 316
person 0.0016 243 46 318 122
person 0.0013 168 162 209 200
person 0.0011 153 159 243 245
person 0.0011 201 170 329 369
