bicycle 0.0068 47 226 123 303
bicycle 0.0026 43 208 97 289
bottle 0.0370 1 -2 130 360
bus 0.0183 246 117 365 321
bus 0.0142 0 -3 130 332
bus 0.0107 366 87 498 309
bus 0.0102 478 107 499 305
bus 0.0040 229 21 385 351
bus 0.0031 240 86 481 327
bus 0.0018 437 97 500 314
bus 0.0017 280 139 402 312
bus 0.0012 252 155 357 262
car 0.0011 480 213 499 285
person 0.7033 388 193 445 337
person 0.2613 384 201 420 335
person 0.0515 484 171 500 289
person 0.0201 414 191 447 316
person 0.0042 494 197 500 281
person 0.0041 471 118 500 292
person 0.0037 359 153 468 309
person 0.0023 205 24 352 337
person 0.0020 416 193 444 250
person 0.0017 388 196 444 266
person 0.0017 226 58 304 299
person 0.0015 246 115 285 234
person 0.0014 480 213 499 279
person 0.0013 426 202 449 282
person 0.0010 399 194 436 221
train 0.0137 241 106 375 323
train 0.0038 42 41 380 363
train 0.0023 323 108 503 347
train 0.0012 328 183 468 336
tvmonitor 0.0440 154 148 205 197
tvmonitor 0.0070 238 103 380 318
tvmonitor 0.0043 73 71 260 285
tvmonitor 0.0027 144 129 217 231
tvmonitor 0.0015 105 51 412 353
tvmonitor 0.0013 0 1 130 282
tvmonitor 0.0011 235 35 293 294
