bicycle 0.0035 2 92 480 334
bird 0.0028 67 48 253 132
bottle 0.0153 273 120 322 241
bottle 0.0095 287 118 306 167
bottle 0.0072 273 117 314 190
bottle 0.0022 292 131 323 215
bottle 0.0012 212 51 285 112
chair 0.0654 0 79 58 220
chair 0.0155 0 86 62 332
diningtable 0.0053 293 109 491 298
dog 0.0015 56 52 245 147
person 0.8162 430 185 499 330
person 0.6713 38 49 339 326
person 0.5635 378 213 434 330
person 0.1787 382 197 483 329
person 0.1392 439 184 499 255
person 0.0473 486 186 500 332
person 0.0419 383 251 424 326
person 0.0249 273 123 323 301
person 0.0117 492 248 499 327
person 0.0093 388 184 443 301
person 0.0068 181 93 375 329
person 0.0050 487 163 500 255
person 0.0049 64 46 281 162
person 0.0048 392 176 498 270
person 0.0030 484 254 499 328
person 0.0028 439 247 499 330
person 0.0027 306 218 436 330
person 0.0024 239 97 327 301
person 0.0022 469 245 499 329
person 0.0022 266 130 395 331
person 0.0018 492 153 499 233
person 0.0014 494 221 499 306
person 0.0013 321 148 466 310
person 0.0012 493 258 500 292
person 0.0012 483 104 500 271
person 0.0011 376 161 458 261
