bird 0.0010 493 236 500 309
boat 0.8167 0 2 243 245
boat 0.0371 243 124 267 148
boat 0.0125 -4 -13 94 250
boat 0.0122 0 208 70 240
boat 0.0119 9 161 223 234
boat 0.0116 0 207 31 240
boat 0.0113 244 138 268 149
boat 0.0084 244 103 266 150
boat 0.0050 116 -24 241 238
boat 0.0030 5 201 178 235
boat 0.0029 0 150 35 239
boat 0.0027 0 5 49 235
boat 0.0025 24 31 117 230
boat 0.0023 -1 169 70 240
boat 0.0013 29 191 226 231
person 0.1225 150 173 169 203
person 0.1063 129 173 149 195
person 0.0423 112 171 140 193
person 0.0176 93 176 120 193
person 0.0174 153 174 189 229
person 0.0131 165 172 179 194
person 0.0116 106 175 129 193
person 0.0081 94 165 180 222
person 0.0065 0 173 31 241
person 0.0059 146 173 174 224
person 0.0048 163 172 180 211
person 0.0043 149 170 167 191
person 0.0041 50 171 100 193
person 0.0034 127 169 193 230
person 0.0029 167 176 199 228
person 0.0022 111 170 131 189
person 0.0018 39 165 97 187
person 0.0017 180 200 194 231
person 0.0017 60 133 107 175
person 0.0016 127 170 152 220
person 0.0015 115 163 148 195
person 0.0012 89 175 107 191
person 0.0012 54 109 87 160
person 0.0010 176 169 190 194
