boat 0.0011 0 5 23 82
bottle 0.0029 318 314 422 374
bottle 0.0011 0 6 22 83
chair 0.0441 439 141 499 311
chair 0.0208 467 152 500 321
chair 0.0140 25 156 192 277
chair 0.0100 19 186 103 307
chair 0.0086 0 196 66 343
chair 0.0076 398 127 495 315
chair 0.0062 483 186 499 324
chair 0.0062 481 260 500 373
chair 0.0048 0 178 186 375
chair 0.0045 0 271 68 375
chair 0.0031 0 230 126 375
chair 0.0025 452 109 501 264
chair 0.0024 321 116 495 370
chair 0.0021 481 132 500 286
chair 0.0018 54 265 193 375
chair 0.0017 319 316 411 374
chair 0.0017 2 148 86 318
chair 0.0014 0 158 44 324
chair 0.0010 18 140 145 251
diningtable 0.0151 14 185 499 391
sofa 0.5317 24 109 515 346
sofa 0.0027 22 31 512 254
sofa 0.0025 40 123 464 241
