bottle 0.0113 10 299 23 331
bottle 0.0078 202 255 213 290
bottle 0.0043 216 249 229 292
bottle 0.0032 54 276 66 311
bottle 0.0019 206 248 226 292
bottle 0.0012 211 231 235 307
bottle 0.0011 186 93 274 427
cat 0.8539 171 56 253 103
cat 0.0291 172 55 211 92
cat 0.0034 163 58 309 107
cat 0.0015 189 99 276 385
cat 0.0012 158 41 303 171
chair 0.1322 27 440 179 500
chair 0.0318 5 275 70 498
chair 0.0126 18 383 178 501
chair 0.0086 15 269 173 507
chair 0.0038 -3 463 50 499
chair 0.0025 19 275 109 471
chair 0.0016 21 340 81 495
chair 0.0012 -9 453 85 499
chair 0.0011 -8 368 98 500
person 0.0012 199 398 227 433
pottedplant 0.0036 0 213 45 282
pottedplant 0.0021 1 204 66 312
