bicycle 0.4676 156 188 363 379
bicycle 0.1162 175 250 333 375
bicycle 0.0035 218 299 335 375
bicycle 0.0029 159 215 302 352
bicycle 0.0019 193 182 321 332
bicycle 0.0017 221 235 381 370
bicycle 0.0016 224 255 307 372
bicycle 0.0015 -25 192 348 374
bottle 0.0103 274 123 364 182
bottle 0.0050 258 101 373 209
bottle 0.0014 259 133 347 200
bottle 0.0011 179 71 314 184
bottle 0.0010 231 208 279 301
chair 0.0213 0 72 82 245
chair 0.0154 0 80 41 239
chair 0.0089 -1 42 126 369
chair 0.0013 346 243 499 364
chair 0.0012 320 151 421 292
diningtable 0.0015 -29 219 297 377
dog 0.0036 279 123 375 182
person 0.6377 155 25 375 369
person 0.2466 0 41 86 229
person 0.2210 150 -1 249 194
person 0.1555 172 21 335 190
person 0.0687 0 57 43 228
person 0.0431 249 70 381 343
person 0.0150 -1 53 131 400
person 0.0068 142 22 307 277
person 0.0044 160 -2 260 114
person 0.0042 275 95 379 269
person 0.0041 0 36 73 126
person 0.0039 0 15 23 224
person 0.0035 0 31 37 155
person 0.0031 19 69 112 259
person 0.0030 220 21 381 234
person 0.0018 237 28 324 179
person 0.0017 0 32 17 153
person 0.0017 7 3 196 346
person 0.0012 142 -1 208 168
person 0.0011 0 36 34 103
person 0.0010 252 3 366 155
tvmonitor 0.0081 0 226 149 370
