sheep 0.8929 415 131 501 209
sheep 0.8765 433 95 498 140
sheep 0.8531 268 95 325 147
sheep 0.8430 277 130 397 217
sheep 0.8218 97 165 228 252
sheep 0.8074 195 147 286 225
sheep 0.6961 333 111 406 165
sheep 0.2276 413 129 446 159
sheep 0.2211 154 152 195 181
sheep 0.2200 330 112 356 134
sheep 0.2019 141 157 236 234
sheep 0.1337 330 111 368 141
sheep 0.0629 422 86 500 174
sheep 0.0628 321 106 405 209
sheep 0.0335 414 133 460 166
sheep 0.0201 98 183 144 221
sheep 0.0170 152 152 229 186
sheep 0.0153 264 94 299 124
sheep 0.0138 194 148 279 189
sheep 0.0112 414 132 480 181
sheep 0.0108 265 97 289 117
sheep 0.0106 440 125 500 180
sheep 0.0101 482 160 500 205
sheep 0.0097 273 128 339 197
sheep 0.0069 97 182 179 241
sheep 0.0068 432 93 462 121
sheep 0.0063 277 107 387 157
sheep 0.0055 270 106 325 183
sheep 0.0054 287 98 325 131
sheep 0.0053 473 125 499 196
sheep 0.0053 431 94 453 114
sheep 0.0049 268 106 374 200
sheep 0.0038 461 96 499 131
sheep 0.0034 482 98 499 134
sheep 0.0033 441 158 502 210
sheep 0.0028 320 114 390 152
sheep 0.0027 309 111 362 147
sheep 0.0026 418 132 453 150
sheep 0.0025 181 166 247 230
sheep 0.0023 115 155 185 195
sheep 0.0021 356 111 406 143
sheep 0.0016 136 159 205 212
sheep 0.0016 430 92 486 123
sheep 0.0014 151 153 176 181
sheep 0.0014 168 6 212 29
sheep 0.0013 272 122 322 165
sheep 0.0012 329 108 361 127
sheep 0.0012 490 95 500 132
sheep 0.0011 301 98 325 117
sheep 0.0011 99 186 126 217
sheep 0.0011 470 171 499 208
sheep 0.0010 406 126 451 180
sheep 0.0010 409 122 467 159
sheep 0.0010 332 110 398 136
sheep 0.0010 135 214 203 248
