bicycle 0.0049 84 0 399 122
bicycle 0.0024 127 9 304 99
car 0.6971 31 21 483 369
car 0.0043 50 -8 476 214
car 0.0022 7 109 45 182
car 0.0014 74 17 346 125
motorbike 0.0019 34 24 198 369
person 0.2932 8 90 31 126
person 0.2124 422 148 460 183
person 0.0774 43 89 62 121
person 0.0764 44 74 82 124
person 0.0698 28 84 50 124
person 0.0659 125 44 191 95
person 0.0654 8 83 52 126
person 0.0503 4 84 39 181
person 0.0461 372 145 456 304
person 0.0349 50 71 80 103
person 0.0283 33 86 58 122
person 0.0177 42 85 71 130
person 0.0120 1 84 22 182
person 0.0104 28 54 158 367
person 0.0098 52 73 78 91
person 0.0092 395 146 471 272
person 0.0087 2 92 22 133
person 0.0082 30 75 49 109
person 0.0078 351 73 371 91
person 0.0071 101 36 196 110
person 0.0063 432 154 485 185
person 0.0054 16 87 38 122
person 0.0052 0 90 7 112
person 0.0051 15 82 62 179
person 0.0051 405 149 460 198
person 0.0050 85 34 155 110
person 0.0049 23 93 46 129
person 0.0044 0 88 14 120
person 0.0036 36 56 125 178
person 0.0032 38 82 68 173
person 0.0032 35 74 50 96
person 0.0031 70 33 167 156
person 0.0027 3 50 38 129
person 0.0025 132 36 236 96
person 0.0025 10 101 32 134
person 0.0024 5 94 29 144
person 0.0024 47 62 107 112
person 0.0022 436 152 464 181
person 0.0020 28 79 95 189
person 0.0019 5 86 25 118
person 0.0019 0 89 16 154
person 0.0018 112 36 250 134
person 0.0017 39 95 57 130
person 0.0017 249 222 296 260
person 0.0015 33 37 181 199
person 0.0015 475 160 488 184
person 0.0015 47 82 72 114
person 0.0014 0 98 11 205
person 0.0011 40 81 88 145
person 0.0010 7 59 111 148
tvmonitor 0.0052 423 155 496 282
tvmonitor 0.0015 471 163 500 296
