bottle 0.0281 34 36 70 78
bottle 0.0013 0 32 33 81
bus 0.7649 99 81 320 265
bus 0.2968 231 29 311 70
bus 0.0849 226 30 393 75
bus 0.0846 229 157 316 260
bus 0.0289 334 29 491 90
bus 0.0137 159 139 325 260
bus 0.0125 266 30 453 82
bus 0.0076 387 41 495 97
bus 0.0031 329 33 401 80
bus 0.0020 221 12 496 83
bus 0.0012 266 33 343 71
bus 0.0012 220 6 369 67
car 0.0095 351 0 421 36
car 0.0066 344 0 480 40
car 0.0015 393 16 496 79
car 0.0014 331 7 487 94
car 0.0011 316 30 416 76
car 0.0011 389 41 482 92
chair 0.0098 307 228 499 374
chair 0.0010 2 87 141 378
person 0.0032 237 165 314 232
person 0.0022 282 186 300 198
person 0.0011 280 184 304 204
train 0.0167 94 77 315 254
train 0.0062 10 55 324 327
train 0.0038 176 26 324 71
train 0.0010 48 16 365 72
tvmonitor 0.0128 1 59 293 382
tvmonitor 0.0091 308 234 496 375
tvmonitor 0.0027 100 84 265 262
tvmonitor 0.0020 0 81 158 382
