bottle 0.0185 108 254 125 298
bottle 0.0041 88 236 139 323
bottle 0.0039 226 221 235 241
bottle 0.0012 311 318 321 339
bottle 0.0010 59 221 174 361
bottle 0.0010 103 265 120 299
chair 0.4894 406 296 499 376
chair 0.4556 0 259 103 375
chair 0.1875 151 328 280 376
chair 0.1403 290 298 404 376
chair 0.0745 380 220 489 378
chair 0.0599 140 272 283 376
chair 0.0144 126 224 337 375
chair 0.0141 0 218 35 373
chair 0.0094 465 300 500 371
chair 0.0081 0 220 21 288
chair 0.0075 0 164 24 328
chair 0.0057 265 217 451 377
chair 0.0047 0 261 22 379
chair 0.0043 0 166 66 352
chair 0.0040 4 220 117 348
chair 0.0033 86 262 220 376
chair 0.0032 421 238 501 371
chair 0.0032 292 269 487 372
chair 0.0027 476 266 500 378
chair 0.0026 225 221 236 239
chair 0.0024 278 253 403 364
chair 0.0021 489 293 500 376
chair 0.0020 9 235 173 383
chair 0.0011 321 195 420 363
chair 0.0011 0 213 11 282
chair 0.0011 1 373 79 435
chair 0.0010 445 301 493 373
diningtable 0.0529 37 207 289 375
diningtable 0.0132 128 224 337 375
diningtable 0.0107 3 255 214 376
diningtable 0.0043 63 265 178 376
diningtable 0.0011 260 302 400 375
person 0.7670 233 168 291 258
person 0.7621 348 169 480 373
person 0.6655 31 186 136 331
person 0.5973 131 180 269 375
person 0.5968 264 203 361 340
person 0.5599 334 170 408 287
person 0.1080 92 188 139 250
person 0.0789 140 178 228 269
person 0.0270 47 187 139 255
person 0.0232 295 175 429 360
person 0.0171 218 209 384 377
person 0.0095 335 187 458 317
person 0.0091 233 165 386 308
person 0.0086 213 170 316 322
person 0.0085 81 187 151 322
person 0.0057 0 154 24 308
person 0.0050 0 148 74 368
person 0.0046 54 182 219 327
person 0.0041 164 173 365 349
person 0.0040 98 197 137 313
person 0.0036 2 38 131 365
person 0.0033 72 180 190 275
person 0.0021 404 181 493 370
person 0.0021 150 179 294 286
person 0.0020 0 42 23 272
person 0.0017 271 165 417 272
person 0.0016 95 189 135 221
person 0.0016 247 169 321 272
person 0.0015 374 164 481 296
person 0.0012 125 179 191 262
person 0.0012 13 171 134 276
person 0.0011 184 124 442 303
person 0.0011 132 181 213 335
person 0.0010 1 182 22 262
pottedplant 0.0221 0 136 26 240
pottedplant 0.0041 0 53 44 348
pottedplant 0.0040 312 32 426 178
pottedplant 0.0040 1 124 37 276
pottedplant 0.0024 0 163 22 224
sofa 0.0086 120 192 389 369
sofa 0.0058 264 216 451 374
