bottle 0.0348 278 207 294 252
bottle 0.0171 259 183 278 245
bottle 0.0113 360 277 399 363
bottle 0.0058 255 175 301 239
bottle 0.0046 218 213 243 249
bottle 0.0041 248 176 276 249
bottle 0.0040 328 206 353 285
bottle 0.0038 275 178 289 240
bottle 0.0030 273 208 294 273
bottle 0.0028 267 186 285 244
bottle 0.0028 405 161 435 199
bottle 0.0024 292 194 321 274
bottle 0.0018 224 153 304 249
bottle 0.0018 273 202 289 251
bottle 0.0017 239 170 335 267
bottle 0.0016 384 272 495 374
bottle 0.0016 271 205 303 300
bottle 0.0016 283 203 295 234
bottle 0.0015 304 278 442 376
bottle 0.0013 317 183 362 290
bottle 0.0013 126 156 141 202
bottle 0.0013 219 174 446 345
bottle 0.0013 423 256 470 363
bottle 0.0012 286 200 327 303
bottle 0.0011 403 152 446 211
bottle 0.0010 234 216 246 248
chair 0.0070 374 160 415 178
chair 0.0036 95 267 268 376
chair 0.0029 128 172 184 283
chair 0.0014 257 173 321 234
chair 0.0013 387 163 434 197
chair 0.0013 154 200 221 260
chair 0.0011 133 166 171 211
chair 0.0011 363 152 431 205
diningtable 0.2960 140 224 485 376
diningtable 0.0158 243 268 500 374
diningtable 0.0070 65 163 457 356
diningtable 0.0023 175 188 363 323
diningtable 0.0019 242 165 326 235
diningtable 0.0018 165 194 299 287
diningtable 0.0017 20 283 498 374
person 0.8223 174 117 256 220
person 0.7760 377 96 500 308
person 0.7410 292 124 402 267
person 0.6602 0 114 161 367
person 0.4684 93 202 275 374
person 0.1922 0 99 37 360
person 0.0846 144 196 232 273
person 0.0780 126 180 249 293
person 0.0769 0 105 33 242
person 0.0216 58 117 183 296
person 0.0191 145 118 254 271
person 0.0114 0 50 28 212
person 0.0105 173 115 312 242
person 0.0075 124 142 189 293
person 0.0056 299 47 322 79
person 0.0050 0 146 80 375
person 0.0049 209 211 244 249
person 0.0048 219 147 369 251
person 0.0048 0 84 23 178
person 0.0046 400 155 441 205
person 0.0041 0 130 22 307
person 0.0033 0 -19 38 282
person 0.0032 459 102 499 332
person 0.0031 291 114 485 316
person 0.0030 302 123 383 206
person 0.0030 127 161 178 220
person 0.0029 294 44 314 78
person 0.0026 201 131 432 302
person 0.0021 429 118 501 359
person 0.0019 0 158 34 272
person 0.0018 190 116 265 178
person 0.0017 117 121 166 216
person 0.0016 0 115 25 163
person 0.0015 167 201 216 263
person 0.0015 0 91 8 167
person 0.0015 151 160 299 284
person 0.0013 0 119 30 190
person 0.0011 177 185 274 261
person 0.0010 325 130 424 238
tvmonitor 0.0012 258 174 324 230
