bird 0.0010 196 112 279 217
bottle 0.5637 286 245 317 330
bottle 0.0237 228 229 307 337
bottle 0.0168 90 185 258 286
bottle 0.0157 274 226 335 325
bottle 0.0122 130 192 228 278
bottle 0.0109 164 203 410 338
bottle 0.0044 160 196 253 265
bottle 0.0043 196 129 273 234
bottle 0.0025 191 209 263 263
chair 0.0056 -1 39 118 237
chair 0.0020 2 54 281 235
chair 0.0019 270 64 501 329
chair 0.0011 366 -14 497 299
chair 0.0010 363 128 498 338
diningtable 0.0010 173 236 511 344
person 0.3644 158 9 507 346
person 0.1281 103 124 360 337
person 0.1225 -3 179 258 335
person 0.0988 129 189 256 329
person 0.0210 0 62 291 321
person 0.0198 190 172 328 337
person 0.0115 154 107 323 254
person 0.0098 195 116 281 237
person 0.0074 72 176 493 346
person 0.0064 158 190 276 277
person 0.0062 0 41 125 325
person 0.0052 0 106 62 308
person 0.0048 249 -4 496 238
person 0.0047 60 59 446 271
person 0.0033 -1 213 166 335
person 0.0021 331 3 498 345
person 0.0010 186 136 292 286
pottedplant 0.0022 0 113 55 257
