bottle 0.0044 222 348 246 374
bottle 0.0035 207 344 233 374
bottle 0.0029 209 339 247 375
car 0.1085 0 77 21 95
car 0.0347 132 300 174 341
car 0.0071 408 135 429 149
car 0.0063 214 83 298 122
car 0.0028 211 350 247 378
car 0.0017 406 134 441 152
car 0.0014 468 256 499 367
car 0.0014 229 348 246 374
car 0.0013 470 279 499 337
person 0.0104 196 160 239 212
person 0.0077 206 307 246 381
person 0.0030 207 349 239 380
person 0.0023 100 87 109 96
person 0.0015 218 153 248 215
person 0.0012 138 101 309 305
person 0.0010 103 87 112 95
pottedplant 0.0022 51 177 66 200
pottedplant 0.0011 47 191 67 249
pottedplant 0.0010 50 172 74 207
train 0.6993 36 95 500 344
train 0.2594 479 171 500 235
train 0.0358 483 192 499 229
train 0.0104 213 83 294 121
train 0.0036 197 81 346 125
train 0.0034 155 123 294 249
train 0.0029 466 165 498 241
train 0.0028 158 62 473 138
train 0.0020 179 100 485 267
train 0.0017 467 271 500 376
train 0.0016 487 202 500 236
train 0.0014 185 59 298 113
train 0.0013 81 62 340 296
train 0.0011 95 61 470 194
