bottle 0.7675 374 179 409 301
bottle 0.7097 318 176 364 298
bottle 0.0681 262 214 282 254
bottle 0.0363 275 210 311 263
bottle 0.0253 87 41 102 79
bottle 0.0236 373 166 418 252
bottle 0.0179 260 216 294 281
bottle 0.0169 265 233 300 288
bottle 0.0090 251 213 321 285
bottle 0.0086 262 200 356 301
bottle 0.0084 247 224 265 271
bottle 0.0077 211 241 384 326
bottle 0.0047 254 219 273 267
bottle 0.0043 169 183 452 328
bottle 0.0042 290 169 388 301
bottle 0.0031 314 171 357 252
bottle 0.0031 284 215 308 253
bottle 0.0025 273 211 295 252
bottle 0.0023 237 228 263 275
bottle 0.0022 309 139 401 268
bottle 0.0021 261 210 278 231
bottle 0.0018 298 185 348 289
bottle 0.0018 266 176 316 256
bottle 0.0016 453 116 499 149
bottle 0.0013 108 37 138 86
bottle 0.0012 440 153 494 308
bottle 0.0011 457 193 496 316
bottle 0.0010 293 208 317 269
bottle 0.0010 269 252 297 287
chair 0.0051 1 160 148 332
chair 0.0038 0 162 57 335
chair 0.0013 0 160 17 337
diningtable 0.6208 182 244 489 332
diningtable 0.0068 252 169 418 315
diningtable 0.0053 189 244 347 326
diningtable 0.0053 61 260 433 331
diningtable 0.0047 141 190 506 339
person 0.8333 137 138 252 312
person 0.8306 425 123 499 257
person 0.7657 309 127 417 251
person 0.6806 0 28 169 333
person 0.0191 23 88 279 323
person 0.0064 303 132 370 261
person 0.0052 487 127 500 265
person 0.0047 6 159 154 327
person 0.0044 351 133 434 236
person 0.0035 447 117 500 191
person 0.0029 432 139 497 349
person 0.0029 -6 11 378 311
person 0.0028 136 134 231 245
person 0.0025 487 119 499 179
person 0.0023 44 28 227 252
person 0.0021 106 114 290 278
person 0.0018 256 169 405 304
person 0.0018 326 128 407 207
person 0.0017 126 148 395 323
person 0.0016 112 82 165 181
person 0.0016 417 229 498 336
person 0.0016 451 115 498 154
person 0.0010 0 42 30 330
tvmonitor 0.0232 0 60 21 100
tvmonitor 0.0110 0 56 25 140
tvmonitor 0.0026 0 58 12 94
tvmonitor 0.0012 0 54 11 121
