bottle 0.6331 153 143 177 212
bottle 0.5169 228 188 259 265
bottle 0.2175 203 197 233 263
bottle 0.0885 227 159 262 231
bottle 0.0588 322 174 348 223
bottle 0.0583 331 200 373 276
bottle 0.0423 188 193 251 265
bottle 0.0380 323 175 355 250
bottle 0.0369 269 163 299 216
bottle 0.0190 158 142 411 248
bottle 0.0169 401 238 454 285
bottle 0.0145 303 176 377 258
bottle 0.0144 264 166 307 251
bottle 0.0130 376 227 411 268
bottle 0.0108 134 135 198 214
bottle 0.0104 205 159 284 221
bottle 0.0090 192 160 258 252
bottle 0.0089 399 206 424 233
bottle 0.0074 392 222 445 274
bottle 0.0067 459 186 500 308
bottle 0.0051 348 229 417 294
bottle 0.0050 398 211 422 260
bottle 0.0048 95 201 131 276
bottle 0.0047 437 227 468 260
bottle 0.0033 164 107 499 287
bottle 0.0026 306 230 453 300
bottle 0.0025 400 208 437 248
bottle 0.0023 151 147 177 265
bottle 0.0019 317 166 364 226
bottle 0.0018 85 209 137 299
bottle 0.0015 78 122 223 243
bottle 0.0014 250 163 294 224
bottle 0.0014 333 175 355 217
bottle 0.0013 355 191 437 261
bottle 0.0012 317 214 405 276
bottle 0.0012 30 192 144 308
bottle 0.0012 393 208 413 267
bottle 0.0012 98 223 127 289
bottle 0.0011 162 100 229 174
bottle 0.0011 52 146 243 282
bottle 0.0010 392 227 472 307
bottle 0.0010 104 101 186 152
bottle 0.0010 87 95 336 235
chair 0.0951 0 192 109 311
chair 0.0370 26 3 324 226
chair 0.0163 187 7 464 214
chair 0.0081 66 1 270 149
chair 0.0077 458 187 500 311
chair 0.0053 25 91 200 212
chair 0.0052 86 125 216 216
chair 0.0016 1 245 68 309
chair 0.0015 289 55 489 235
chair 0.0014 0 99 82 311
diningtable 0.1334 39 112 532 324
diningtable 0.0674 -1 202 423 315
diningtable 0.0464 -16 121 355 301
diningtable 0.0329 132 194 304 270
diningtable 0.0100 70 130 266 245
diningtable 0.0039 216 171 511 318
diningtable 0.0029 33 185 487 452
diningtable 0.0022 47 236 340 309
diningtable 0.0019 177 188 438 294
diningtable 0.0019 198 216 274 301
diningtable 0.0015 1 224 102 312
diningtable 0.0015 260 214 458 306
person 0.5494 179 3 308 198
person 0.1147 59 3 319 189
person 0.0080 459 83 500 314
person 0.0031 134 43 278 205
person 0.0011 159 68 253 182
pottedplant 0.0011 116 0 244 44
sofa 0.1733 0 192 105 310
sofa 0.1516 104 11 453 213
sofa 0.0342 26 3 325 227
sofa 0.0043 184 80 508 242
sofa 0.0042 46 29 522 298
