bicycle 0.3975 134 227 352 437
bicycle 0.0444 136 194 274 371
bicycle 0.0089 216 264 344 439
bicycle 0.0021 58 268 352 496
bicycle 0.0012 239 292 296 415
bottle 0.0010 145 470 174 499
car 0.0019 258 433 371 497
chair 0.0134 27 474 163 500
chair 0.0059 241 435 351 499
chair 0.0028 175 422 268 498
chair 0.0021 22 446 221 501
chair 0.0019 131 428 216 499
chair 0.0017 2 409 160 501
chair 0.0014 192 410 241 494
motorbike 0.0021 256 391 374 498
person 0.4443 171 157 275 372
person 0.1104 142 164 337 401
person 0.0034 182 157 271 283
person 0.0023 222 161 312 383
person 0.0012 139 262 301 426
person 0.0011 231 146 373 428
pottedplant 0.4012 131 339 164 409
pottedplant 0.0554 129 369 161 411
pottedplant 0.0214 250 358 279 402
pottedplant 0.0080 244 434 365 499
pottedplant 0.0079 148 361 165 407
pottedplant 0.0058 237 343 289 415
pottedplant 0.0042 241 354 269 401
pottedplant 0.0038 282 357 337 426
pottedplant 0.0035 230 371 380 495
pottedplant 0.0034 134 203 278 428
pottedplant 0.0031 35 264 311 466
pottedplant 0.0025 141 381 165 409
pottedplant 0.0023 269 441 336 497
pottedplant 0.0021 153 377 167 405
pottedplant 0.0020 145 347 171 408
pottedplant 0.0016 178 264 386 491
pottedplant 0.0014 114 353 159 412
pottedplant 0.0012 267 282 341 448
pottedplant 0.0010 126 382 146 410
pottedplant 0.0010 289 459 318 497
pottedplant 0.0010 337 184 376 451
sofa 0.0068 -1 449 158 501
tvmonitor 0.0064 95 216 171 293
tvmonitor 0.0027 264 142 374 434
