bottle 0.0019 266 240 320 332
chair 0.1986 387 182 496 329
chair 0.1590 0 169 130 327
chair 0.0135 0 139 55 227
chair 0.0087 0 136 105 237
chair 0.0039 450 180 499 326
chair 0.0031 467 226 500 330
chair 0.0030 486 181 499 291
chair 0.0025 485 218 500 329
chair 0.0017 491 218 500 281
chair 0.0016 385 84 498 290
chair 0.0013 467 173 500 297
chair 0.0012 0 132 41 321
person 0.3297 60 10 349 329
person 0.0290 389 169 498 316
person 0.0175 429 186 476 236
person 0.0114 415 173 492 250
person 0.0045 163 17 499 329
person 0.0034 384 78 499 292
person 0.0030 449 161 500 270
person 0.0021 391 147 476 273
person 0.0014 450 77 500 299
person 0.0011 142 20 329 256
sofa 0.2136 387 180 498 327
sofa 0.0016 443 171 499 298
tvmonitor 0.0021 40 31 165 170
tvmonitor 0.0016 387 113 482 286
tvmonitor 0.0015 390 157 479 238
