bottle 0.0192 0 272 126 374
bottle 0.0034 0 278 67 374
chair 0.8168 19 138 102 258
chair 0.6975 382 148 455 255
chair 0.4600 460 147 499 260
chair 0.1692 182 134 245 217
chair 0.1257 352 115 415 241
chair 0.1129 0 158 30 253
chair 0.0841 95 149 162 235
chair 0.0714 425 99 498 248
chair 0.0371 6 143 53 255
chair 0.0368 405 108 471 249
chair 0.0270 357 102 454 232
chair 0.0232 105 147 148 216
chair 0.0223 132 149 406 369
chair 0.0134 53 142 157 244
chair 0.0100 0 105 20 229
chair 0.0077 0 267 125 375
chair 0.0074 91 133 229 240
chair 0.0068 121 145 156 220
chair 0.0055 83 118 147 206
chair 0.0051 0 155 20 216
chair 0.0047 214 152 265 203
chair 0.0038 105 256 465 373
chair 0.0037 0 160 12 247
chair 0.0036 0 297 84 374
chair 0.0035 151 124 244 257
chair 0.0035 279 116 451 313
chair 0.0035 355 138 403 216
chair 0.0034 112 118 171 223
chair 0.0031 350 179 393 234
chair 0.0027 355 165 437 256
chair 0.0025 409 121 457 207
chair 0.0023 399 146 446 228
chair 0.0020 152 133 211 226
chair 0.0018 117 106 209 221
chair 0.0017 0 170 68 378
chair 0.0017 56 113 126 204
chair 0.0015 472 103 499 236
chair 0.0015 494 166 499 253
chair 0.0014 76 126 110 155
chair 0.0013 417 144 462 227
chair 0.0012 325 229 452 377
chair 0.0012 74 126 119 189
chair 0.0010 78 119 129 169
chair 0.0010 -3 159 125 379
diningtable 0.0361 81 150 185 240
diningtable 0.0165 385 151 480 260
diningtable 0.0148 -1 272 126 375
diningtable 0.0121 350 156 447 251
diningtable 0.0072 417 164 501 263
diningtable 0.0048 468 169 499 288
diningtable 0.0023 80 138 242 282
diningtable 0.0016 94 146 150 189
person 0.6941 353 87 424 214
person 0.6820 134 109 435 374
person 0.6710 186 93 247 208
person 0.4652 394 97 465 209
person 0.3191 362 90 460 249
person 0.1022 413 98 497 241
person 0.0634 282 84 310 113
person 0.0136 159 116 261 251
person 0.0111 201 91 291 207
person 0.0104 274 82 312 143
person 0.0084 250 108 475 328
person 0.0077 141 90 320 323
person 0.0037 240 84 325 213
person 0.0023 212 81 403 226
person 0.0018 410 101 456 181
person 0.0017 237 121 298 210
person 0.0016 212 91 246 160
person 0.0016 189 97 241 164
person 0.0016 351 81 412 164
person 0.0015 265 85 317 181
person 0.0010 207 95 354 290
pottedplant 0.0026 1 32 49 85
