bicycle 0.0033 3 271 304 502
bottle 0.0413 209 234 264 303
bottle 0.0365 188 180 268 385
bottle 0.0253 174 117 268 488
bottle 0.0079 246 487 281 500
bottle 0.0045 188 279 300 491
bottle 0.0038 180 153 314 408
bottle 0.0029 231 465 309 500
bottle 0.0026 218 487 275 500
bottle 0.0024 203 252 260 333
bottle 0.0024 228 245 266 299
bottle 0.0023 242 477 284 501
bottle 0.0017 6 184 94 481
bottle 0.0014 114 101 298 451
bottle 0.0012 185 312 256 496
bottle 0.0011 214 267 246 337
chair 0.0021 266 443 337 499
chair 0.0011 213 178 334 396
person 0.6980 5 94 265 503
person 0.0332 129 100 278 501
person 0.0190 296 313 330 449
person 0.0148 9 133 125 490
person 0.0132 300 314 332 363
person 0.0037 185 291 308 489
person 0.0033 2 417 40 498
person 0.0024 298 143 331 214
person 0.0023 280 312 332 497
person 0.0015 254 152 330 219
person 0.0015 3 269 217 504
person 0.0012 0 223 77 494
person 0.0010 3 410 77 499
