bicycle 0.0033 125 131 153 148
boat 0.0025 27 26 516 367
boat 0.0018 91 175 497 383
chair 0.0028 123 132 153 150
chair 0.0012 130 130 149 146
person 0.8775 80 157 130 277
person 0.0116 0 100 17 157
person 0.0051 0 92 15 130
person 0.0043 0 93 9 171
person 0.0039 0 102 21 185
person 0.0029 23 79 39 116
person 0.0028 19 81 45 127
person 0.0027 0 93 31 163
person 0.0025 10 82 52 158
person 0.0023 0 115 11 190
person 0.0020 0 145 6 221
person 0.0020 22 108 48 187
person 0.0018 33 78 58 117
person 0.0015 0 85 9 126
person 0.0014 2 85 36 134
person 0.0011 0 148 11 218
pottedplant 0.0029 57 119 82 136
pottedplant 0.0028 0 151 11 181
pottedplant 0.0021 0 144 7 196
pottedplant 0.0012 60 107 93 137
pottedplant 0.0012 122 88 146 136
pottedplant 0.0011 20 148 49 190
pottedplant 0.0010 0 133 13 205
train 0.0156 67 55 485 175
train 0.0061 417 135 499 199
train 0.0046 -23 15 445 268
train 0.0015 75 87 202 159
train 0.0014 -25 70 259 175
train 0.0012 338 97 498 167
train 0.0010 134 208 498 380
tvmonitor 0.0039 123 102 146 139
