bottle 0.6543 257 206 279 287
bottle 0.6362 307 250 328 311
bottle 0.5835 285 177 302 227
bottle 0.5131 242 182 259 228
bottle 0.4850 227 211 251 293
bottle 0.3458 197 220 217 290
bottle 0.2307 294 177 310 222
bottle 0.1890 171 259 195 318
bottle 0.1592 301 179 314 223
bottle 0.1555 476 70 493 115
bottle 0.1099 315 177 329 223
bottle 0.0779 215 180 228 211
bottle 0.0698 199 202 325 313
bottle 0.0556 203 211 272 308
bottle 0.0551 381 72 410 122
bottle 0.0432 212 214 231 283
bottle 0.0405 184 232 220 320
bottle 0.0399 306 178 320 230
bottle 0.0382 201 214 226 283
bottle 0.0339 185 213 203 273
bottle 0.0313 287 175 301 204
bottle 0.0233 196 187 213 219
bottle 0.0230 195 217 241 298
bottle 0.0217 299 189 318 246
bottle 0.0207 199 197 218 243
bottle 0.0201 242 178 285 266
bottle 0.0194 248 176 266 213
bottle 0.0184 219 212 240 279
bottle 0.0182 255 174 270 220
bottle 0.0176 247 166 283 221
bottle 0.0168 211 186 226 223
bottle 0.0151 181 206 198 259
bottle 0.0149 194 216 214 262
bottle 0.0139 230 210 249 252
bottle 0.0134 239 155 291 232
bottle 0.0132 256 183 279 235
bottle 0.0106 297 173 315 209
bottle 0.0103 308 185 326 250
bottle 0.0101 283 187 305 242
bottle 0.0101 278 173 297 212
bottle 0.0090 236 218 394 340
bottle 0.0089 216 185 231 221
bottle 0.0089 259 172 278 210
bottle 0.0086 282 175 322 231
bottle 0.0084 208 199 221 237
bottle 0.0082 209 191 220 220
bottle 0.0080 266 190 288 244
bottle 0.0071 162 264 215 342
bottle 0.0069 296 211 319 259
bottle 0.0065 147 218 254 333
bottle 0.0064 184 199 222 290
bottle 0.0061 241 174 262 207
bottle 0.0061 310 180 321 218
bottle 0.0053 254 224 273 283
bottle 0.0051 263 150 341 228
bottle 0.0043 291 187 312 245
bottle 0.0039 181 172 213 233
bottle 0.0038 239 206 297 290
bottle 0.0038 229 146 315 211
bottle 0.0037 205 208 222 253
bottle 0.0037 183 243 206 302
bottle 0.0037 256 201 277 247
bottle 0.0037 96 225 270 353
bottle 0.0037 311 209 327 261
bottle 0.0034 295 176 309 202
bottle 0.0031 222 205 243 244
bottle 0.0031 232 169 267 210
bottle 0.0030 212 211 227 248
bottle 0.0029 252 189 368 305
bottle 0.0027 298 190 310 226
bottle 0.0027 484 132 499 179
bottle 0.0026 250 165 305 208
bottle 0.0023 294 213 321 293
bottle 0.0023 219 175 229 205
bottle 0.0022 229 199 247 241
bottle 0.0021 184 203 203 247
bottle 0.0021 246 226 261 282
bottle 0.0021 281 203 332 302
bottle 0.0020 478 66 496 147
bottle 0.0020 284 201 311 254
bottle 0.0019 297 255 338 352
bottle 0.0019 187 229 199 278
bottle 0.0019 312 178 324 202
bottle 0.0017 219 214 238 250
bottle 0.0017 281 170 299 194
bottle 0.0016 202 224 222 260
bottle 0.0016 214 173 282 256
bottle 0.0015 248 190 266 239
bottle 0.0015 174 232 192 289
bottle 0.0015 275 190 289 240
bottle 0.0015 470 72 488 112
bottle 0.0015 261 235 280 290
bottle 0.0014 197 235 216 273
bottle 0.0013 212 201 228 235
bottle 0.0013 185 173 236 263
bottle 0.0013 227 197 241 228
bottle 0.0012 359 75 412 136
bottle 0.0012 262 170 292 213
bottle 0.0012 380 70 412 167
bottle 0.0011 179 220 195 265
bottle 0.0011 231 179 251 217
bottle 0.0010 312 244 339 291
bottle 0.0010 188 223 200 259
bottle 0.0010 265 161 300 196
bottle 0.0010 190 262 218 323
chair 0.0073 206 123 249 160
chair 0.0019 -3 312 136 353
chair 0.0011 0 310 116 439
chair 0.0011 335 239 502 351
diningtable 0.6309 73 200 449 351
diningtable 0.0165 -28 256 417 356
diningtable 0.0101 324 313 493 356
diningtable 0.0083 5 211 325 372
diningtable 0.0060 82 183 336 313
diningtable 0.0054 187 207 289 294
diningtable 0.0040 234 193 501 365
diningtable 0.0030 334 270 497 357
diningtable 0.0021 200 183 427 328
diningtable 0.0019 2 290 124 354
diningtable 0.0018 150 265 503 354
diningtable 0.0017 60 262 282 353
person 0.8072 0 152 111 340
person 0.7733 228 133 311 209
person 0.7474 349 165 499 351
person 0.7207 151 147 208 227
person 0.7204 104 143 165 272
person 0.6182 341 130 432 250
person 0.4313 61 153 164 317
person 0.4138 63 157 124 280
person 0.3563 415 126 459 182
person 0.1622 345 130 397 217
person 0.1500 335 133 465 301
person 0.0951 399 125 460 209
person 0.0826 420 159 498 338
person 0.0459 124 142 192 250
person 0.0312 409 125 495 246
person 0.0199 484 134 499 253
person 0.0197 374 128 456 242
person 0.0185 224 141 275 219
person 0.0130 155 148 262 212
person 0.0119 0 147 48 355
person 0.0097 460 125 500 202
person 0.0093 67 160 113 241
person 0.0089 470 135 499 240
person 0.0089 312 136 394 240
person 0.0079 486 125 500 195
person 0.0078 155 144 193 208
person 0.0076 348 118 417 194
person 0.0070 114 142 165 201
person 0.0068 481 154 500 315
person 0.0059 462 160 499 336
person 0.0056 442 121 495 173
person 0.0049 17 167 166 391
person 0.0046 173 160 357 289
person 0.0043 151 178 184 233
person 0.0042 102 143 203 314
person 0.0042 221 168 308 283
person 0.0037 11 153 104 244
person 0.0035 336 79 371 118
person 0.0033 248 144 359 228
person 0.0033 491 132 500 215
person 0.0032 0 142 18 348
person 0.0031 424 133 453 171
person 0.0031 347 117 387 176
person 0.0028 292 137 411 281
person 0.0027 133 142 179 200
person 0.0026 157 190 242 300
person 0.0025 411 117 497 185
person 0.0023 263 165 320 240
person 0.0023 476 130 497 180
person 0.0022 489 112 500 174
person 0.0021 175 165 217 241
person 0.0020 254 158 431 326
person 0.0020 260 155 305 202
person 0.0019 487 179 500 357
person 0.0018 163 169 203 266
person 0.0018 483 174 500 235
person 0.0018 192 163 251 213
person 0.0016 363 173 447 314
person 0.0015 225 121 317 176
person 0.0015 490 159 500 239
person 0.0015 96 176 273 312
person 0.0013 141 147 182 234
person 0.0012 377 110 465 192
person 0.0012 333 247 498 362
person 0.0012 67 170 212 365
person 0.0012 0 148 10 318
person 0.0012 370 125 436 203
person 0.0010 460 110 498 167
person 0.0010 484 65 499 176
person 0.0010 139 144 162 192
pottedplant 0.6003 407 10 480 104
pottedplant 0.3412 213 5 344 130
pottedplant 0.0996 213 40 295 118
pottedplant 0.0948 434 13 479 86
pottedplant 0.0404 284 85 319 139
pottedplant 0.0152 280 49 326 143
pottedplant 0.0150 335 77 375 131
pottedplant 0.0122 424 33 468 109
pottedplant 0.0097 450 19 486 105
pottedplant 0.0076 337 96 377 145
pottedplant 0.0058 263 101 317 165
pottedplant 0.0050 216 84 269 155
pottedplant 0.0041 228 111 261 145
pottedplant 0.0037 209 111 257 159
pottedplant 0.0034 267 6 343 94
pottedplant 0.0033 263 110 311 144
pottedplant 0.0031 271 114 299 145
pottedplant 0.0030 176 82 201 115
pottedplant 0.0029 209 28 308 177
pottedplant 0.0028 233 109 252 139
pottedplant 0.0027 343 110 385 154
pottedplant 0.0024 217 107 252 141
pottedplant 0.0024 403 27 457 87
pottedplant 0.0023 339 111 369 139
pottedplant 0.0020 316 107 376 185
pottedplant 0.0020 239 117 265 142
pottedplant 0.0018 309 122 332 165
pottedplant 0.0016 209 60 251 118
pottedplant 0.0016 208 74 233 118
pottedplant 0.0014 379 72 415 132
pottedplant 0.0011 202 112 217 141
pottedplant 0.0010 253 119 288 143
pottedplant 0.0010 209 83 244 147
pottedplant 0.0010 230 115 311 153
pottedplant 0.0010 392 26 463 116
