bird 0.5891 137 314 218 433
bird 0.3172 93 42 263 203
bird 0.0582 8 2 392 506
bird 0.0300 144 21 314 150
bird 0.0288 31 11 318 186
bird 0.0196 136 251 230 403
bird 0.0136 101 332 218 490
bird 0.0131 50 347 156 447
bird 0.0124 61 13 301 367
bird 0.0113 195 5 354 117
bird 0.0074 73 358 158 412
bird 0.0063 3 342 158 485
bird 0.0062 204 0 373 72
bird 0.0042 175 348 214 434
bird 0.0036 33 -2 352 92
bird 0.0034 63 341 192 417
bird 0.0034 157 40 260 126
bird 0.0030 143 334 192 420
bird 0.0026 80 137 356 327
bird 0.0024 -7 0 243 123
bird 0.0021 85 201 311 384
bird 0.0020 156 330 221 475
bird 0.0019 149 323 350 494
bird 0.0018 92 42 362 268
bird 0.0018 135 363 250 496
bird 0.0016 117 411 227 500
bird 0.0015 115 449 180 499
bird 0.0014 79 83 215 224
bird 0.0013 10 161 300 432
bird 0.0012 183 9 311 73
bird 0.0011 185 370 300 496
bird 0.0010 160 46 247 188
