bus 0.0070 0 105 17 258
bus 0.0057 373 6 500 240
bus 0.0049 0 6 206 265
bus 0.0027 0 11 39 272
bus 0.0020 0 163 17 239
bus 0.0011 0 -1 16 296
bus 0.0010 376 88 468 239
car 0.2155 431 161 452 180
car 0.0822 485 166 500 187
car 0.0246 438 162 461 182
car 0.0196 490 163 500 183
car 0.0141 424 162 449 189
car 0.0063 448 161 466 179
car 0.0043 475 164 490 177
car 0.0039 476 165 498 183
car 0.0020 420 156 450 178
car 0.0016 435 158 467 178
cat 0.0192 153 255 205 277
dog 0.0028 151 252 206 290
dog 0.0023 149 257 203 277
person 0.1028 455 164 464 181
person 0.0351 442 162 461 182
person 0.0087 423 166 436 198
person 0.0030 381 82 423 138
person 0.0024 425 170 443 201
person 0.0024 125 61 176 107
person 0.0021 376 40 434 191
person 0.0017 339 78 400 133
person 0.0016 0 25 14 76
person 0.0012 332 80 368 131
person 0.0012 361 5 470 216
person 0.0011 401 148 439 198
pottedplant 0.0010 474 163 485 175
train 0.6110 5 38 381 257
train 0.0465 242 10 487 280
train 0.0101 245 5 486 99
train 0.0053 233 23 384 212
train 0.0048 159 45 408 235
train 0.0016 261 85 365 204
train 0.0013 325 115 437 305
train 0.0012 97 64 365 195
tvmonitor 0.5616 238 19 364 95
tvmonitor 0.4312 373 9 498 84
tvmonitor 0.0024 372 11 444 76
tvmonitor 0.0010 293 8 486 94
