bottle 0.1438 342 51 364 93
bottle 0.0801 331 340 354 375
bottle 0.0085 16 186 55 267
chair 0.6892 39 226 204 376
chair 0.1786 237 277 344 375
chair 0.1251 356 251 500 373
chair 0.0135 0 207 48 374
chair 0.0086 10 185 54 280
chair 0.0045 320 218 455 371
chair 0.0034 59 305 200 374
chair 0.0034 210 135 303 276
chair 0.0028 216 227 289 262
chair 0.0021 232 251 489 377
chair 0.0015 291 295 499 375
chair 0.0012 256 132 311 257
chair 0.0012 99 250 221 371
chair 0.0012 217 213 289 290
chair 0.0011 142 259 195 300
chair 0.0011 383 303 499 375
chair 0.0011 307 104 499 358
chair 0.0010 132 247 202 314
person 0.0083 331 87 501 372
person 0.0066 335 196 501 340
person 0.0062 376 27 414 92
person 0.0017 386 23 416 65
pottedplant 0.5571 428 22 463 91
pottedplant 0.1181 161 195 191 262
pottedplant 0.0137 150 193 193 290
pottedplant 0.0077 156 94 179 111
pottedplant 0.0061 375 24 418 88
pottedplant 0.0022 376 26 462 94
pottedplant 0.0014 405 19 508 96
sofa 0.6526 346 222 499 374
sofa 0.0045 29 261 438 374
sofa 0.0041 202 229 494 373
sofa 0.0010 304 138 502 367
sofa 0.0010 328 212 493 307
tvmonitor 0.0612 360 301 501 375
tvmonitor 0.0313 210 134 303 253
