bird 0.0024 105 93 161 124
bird 0.0013 131 95 162 118
bottle 0.0034 294 88 414 131
bottle 0.0026 264 71 280 108
bottle 0.0021 250 56 292 114
bottle 0.0019 178 29 310 150
bottle 0.0019 486 149 499 238
bottle 0.0018 340 82 358 111
bottle 0.0017 302 92 374 122
bottle 0.0017 484 154 498 207
bottle 0.0012 51 103 120 151
bottle 0.0012 305 61 401 125
car 0.0044 299 1 410 91
car 0.0015 175 4 412 120
cat 0.0059 356 93 429 135
cat 0.0025 362 95 465 170
cat 0.0013 33 48 284 189
chair 0.0048 0 2 85 137
chair 0.0037 466 42 499 202
chair 0.0026 186 36 301 129
chair 0.0021 431 217 500 372
chair 0.0015 467 62 499 141
chair 0.0011 363 158 494 372
dog 0.4617 67 91 260 196
dog 0.3434 230 140 450 277
dog 0.1102 358 113 499 223
dog 0.1098 244 114 500 350
dog 0.0452 10 73 460 329
dog 0.0328 49 109 108 153
dog 0.0261 243 109 486 221
dog 0.0189 280 90 447 140
dog 0.0146 49 88 165 163
dog 0.0094 362 93 453 146
dog 0.0093 289 90 364 126
dog 0.0089 45 88 429 218
dog 0.0078 182 119 396 261
dog 0.0076 357 98 464 186
dog 0.0053 366 101 499 369
dog 0.0030 167 133 422 349
dog 0.0028 50 86 112 140
dog 0.0020 3 13 99 181
dog 0.0017 377 117 474 173
dog 0.0014 288 147 468 209
dog 0.0014 264 91 374 139
dog 0.0010 346 94 421 132
person 0.0101 377 124 499 369
person 0.0063 0 5 80 127
person 0.0040 311 11 348 35
person 0.0027 442 133 500 371
person 0.0022 37 74 475 244
person 0.0014 461 40 499 250
person 0.0014 481 76 500 387
person 0.0012 0 -5 89 237
sofa 0.0017 2 51 386 343
tvmonitor 0.0169 300 42 407 104
tvmonitor 0.0132 304 3 403 48
tvmonitor 0.0066 181 34 307 133
tvmonitor 0.0047 310 10 348 37
tvmonitor 0.0037 484 2 499 61
tvmonitor 0.0035 387 0 413 34
tvmonitor 0.0032 297 -1 403 90
tvmonitor 0.0021 304 5 371 38
tvmonitor 0.0015 468 55 498 138
tvmonitor 0.0014 365 0 408 39
tvmonitor 0.0013 177 5 432 116
tvmonitor 0.0010 484 155 499 213
