bicycle 0.0033 89 90 481 343
bird 0.5867 135 203 277 307
bird 0.4930 65 211 189 331
bird 0.1923 140 267 192 325
bird 0.0807 120 228 205 324
bird 0.0495 163 15 324 291
bird 0.0034 172 184 287 287
bird 0.0025 93 260 195 330
bird 0.0025 173 221 268 275
bird 0.0024 93 45 380 338
bird 0.0022 103 143 350 308
bird 0.0021 138 198 200 303
bird 0.0019 244 64 475 222
bird 0.0017 480 121 499 276
bird 0.0017 133 260 237 333
bird 0.0014 229 229 279 278
bird 0.0013 95 186 238 305
bird 0.0011 231 197 275 271
person 0.3750 157 8 330 279
person 0.1241 140 11 445 321
person 0.0050 189 27 467 208
person 0.0040 480 144 499 274
person 0.0026 164 13 327 153
person 0.0012 140 15 258 297
