bottle 0.0018 127 75 136 97
car 0.4500 0 85 98 212
car 0.1497 95 68 269 194
car 0.1143 278 45 393 124
car 0.1090 2 71 175 228
car 0.0358 87 63 251 135
car 0.0118 0 25 124 181
car 0.0054 1 32 219 147
car 0.0041 232 86 261 118
car 0.0033 126 75 271 150
car 0.0030 308 14 498 195
car 0.0026 0 84 33 209
car 0.0024 164 80 296 172
car 0.0021 0 87 16 208
car 0.0020 -2 34 91 132
car 0.0019 13 65 170 151
car 0.0013 241 87 288 119
car 0.0012 492 96 499 145
car 0.0011 268 55 417 183
car 0.0011 270 19 467 121
motorbike 0.6171 244 52 488 280
motorbike 0.5446 22 69 275 269
motorbike 0.0888 85 66 260 187
motorbike 0.0685 122 83 286 250
motorbike 0.0480 0 53 216 214
motorbike 0.0304 276 25 496 191
motorbike 0.0128 21 44 254 146
motorbike 0.0094 188 90 288 231
motorbike 0.0062 273 45 392 170
motorbike 0.0035 73 64 219 150
motorbike 0.0033 241 64 350 283
motorbike 0.0031 261 15 403 256
motorbike 0.0016 236 120 297 196
motorbike 0.0015 228 91 313 270
motorbike 0.0010 237 119 325 223
person 0.0126 0 256 153 430
person 0.0112 233 86 255 119
person 0.0054 491 100 500 164
