horse 0.5707 125 148 166 223
horse 0.5669 178 143 225 220
horse 0.0430 226 160 255 214
horse 0.0144 271 154 303 210
horse 0.0142 135 150 193 220
horse 0.0035 240 160 273 214
horse 0.0022 98 128 186 221
horse 0.0021 154 148 217 215
person 0.7643 123 122 163 193
person 0.5031 178 129 216 184
person 0.4083 253 136 278 208
person 0.1802 255 137 278 168
person 0.1323 411 183 421 207
person 0.0508 226 163 253 216
person 0.0374 189 131 226 195
person 0.0292 469 181 479 203
person 0.0252 178 129 207 164
person 0.0111 275 160 303 209
person 0.0100 366 168 376 197
person 0.0094 127 123 160 154
person 0.0039 202 130 224 179
person 0.0035 173 124 202 200
person 0.0029 92 182 107 223
person 0.0020 468 181 481 214
person 0.0013 98 120 185 204
person 0.0012 267 133 301 212
