bicycle 0.0015 217 0 274 34
bottle 0.0047 354 286 368 322
bottle 0.0025 7 49 45 104
bottle 0.0018 0 25 44 119
car 0.0011 230 114 299 223
chair 0.0345 0 61 72 369
chair 0.0223 143 234 221 377
chair 0.0125 4 256 144 374
chair 0.0088 0 122 168 370
chair 0.0031 357 15 498 350
chair 0.0030 101 191 224 375
chair 0.0030 -2 221 217 375
chair 0.0016 0 54 18 383
chair 0.0015 41 58 225 371
chair 0.0013 0 186 89 378
chair 0.0013 228 118 302 243
chair 0.0012 470 209 500 373
chair 0.0012 0 160 43 375
chair 0.0011 0 265 50 375
chair 0.0010 240 1 384 110
diningtable 0.0011 135 275 534 374
person 0.6588 1 1 167 370
person 0.4575 230 69 263 134
person 0.1475 294 11 396 341
person 0.1197 462 75 500 370
person 0.0630 363 41 499 362
person 0.0536 0 26 56 365
person 0.0296 311 112 382 332
person 0.0227 253 72 330 321
person 0.0193 433 7 500 349
person 0.0151 230 69 257 105
person 0.0130 62 33 239 367
person 0.0125 138 28 228 353
person 0.0104 116 68 159 157
person 0.0104 231 85 284 202
person 0.0076 228 70 267 180
person 0.0072 116 74 189 167
person 0.0068 174 67 191 93
person 0.0062 226 99 311 356
person 0.0058 229 107 301 241
person 0.0053 243 91 299 166
person 0.0052 234 69 283 141
person 0.0052 0 37 19 377
person 0.0050 224 16 357 302
person 0.0037 120 69 157 118
person 0.0024 133 72 222 148
person 0.0022 307 71 465 357
person 0.0021 218 79 261 152
person 0.0020 122 69 239 247
person 0.0019 469 187 500 367
person 0.0019 232 119 273 216
person 0.0018 275 96 328 265
person 0.0018 209 94 220 112
person 0.0017 286 -16 488 293
person 0.0017 372 1 420 78
person 0.0016 161 65 196 101
person 0.0016 314 113 393 228
person 0.0016 478 14 499 353
person 0.0016 130 71 169 114
person 0.0013 182 67 269 142
person 0.0013 219 55 317 182
person 0.0012 347 101 416 341
person 0.0011 0 27 15 131
person 0.0010 241 103 322 205
pottedplant 0.0028 219 2 271 34
pottedplant 0.0013 371 1 420 64
tvmonitor 0.0065 5 251 134 362
