bicycle 0.0050 124 0 322 66
bird 0.0149 67 177 106 219
bird 0.0024 33 431 72 471
chair 0.0014 126 2 285 71
chair 0.0010 140 0 347 49
dog 0.8383 133 165 249 418
dog 0.0032 154 174 243 269
dog 0.0020 127 8 189 48
person 0.0651 69 175 107 218
pottedplant 0.2761 321 113 370 191
pottedplant 0.1363 295 101 367 183
pottedplant 0.1254 323 142 365 195
pottedplant 0.0540 315 105 362 167
pottedplant 0.0342 262 101 347 186
pottedplant 0.0216 317 38 372 192
pottedplant 0.0172 293 1 375 175
pottedplant 0.0115 262 42 370 194
pottedplant 0.0092 359 192 376 217
pottedplant 0.0042 0 467 93 499
pottedplant 0.0038 347 179 372 213
pottedplant 0.0037 309 104 351 146
pottedplant 0.0031 32 425 73 471
pottedplant 0.0027 340 122 375 195
pottedplant 0.0021 336 162 371 213
pottedplant 0.0017 283 99 361 150
pottedplant 0.0015 127 0 267 63
pottedplant 0.0014 222 129 290 191
pottedplant 0.0013 356 131 376 201
pottedplant 0.0012 -1 466 44 498
pottedplant 0.0012 -2 420 63 497
pottedplant 0.0012 212 95 355 213
pottedplant 0.0011 314 117 346 187
pottedplant 0.0010 127 13 367 205
