aeroplane 0.0037 15 60 93 104
aeroplane 0.0023 1 66 81 121
aeroplane 0.0012 14 69 123 115
aeroplane 0.0010 19 58 86 80
boat 0.0076 2 80 222 160
boat 0.0058 203 116 496 277
boat 0.0025 6 70 165 128
boat 0.0021 207 167 502 378
boat 0.0021 -1 83 238 287
boat 0.0019 10 59 101 108
boat 0.0018 3 87 115 134
boat 0.0015 -27 157 498 398
boat 0.0010 308 109 396 140
bottle 0.0021 443 84 458 117
chair 0.0114 133 68 178 99
chair 0.0100 28 258 248 375
chair 0.0075 431 299 499 376
chair 0.0034 176 69 234 101
chair 0.0032 426 177 500 364
chair 0.0031 108 48 148 74
chair 0.0025 459 177 500 264
chair 0.0025 190 77 230 102
chair 0.0015 455 229 500 374
chair 0.0015 66 78 122 103
chair 0.0014 88 71 194 119
chair 0.0014 145 68 218 99
chair 0.0013 70 72 142 96
chair 0.0012 102 286 271 369
diningtable 0.0020 0 173 235 376
person 0.0018 2 77 25 119
pottedplant 0.7233 413 167 440 248
pottedplant 0.2512 350 109 406 150
pottedplant 0.1836 472 83 499 117
pottedplant 0.1513 177 154 230 188
pottedplant 0.0622 468 81 499 147
pottedplant 0.0261 432 119 481 164
pottedplant 0.0249 217 46 233 65
pottedplant 0.0247 453 91 499 164
pottedplant 0.0247 434 125 460 158
pottedplant 0.0182 251 318 327 372
pottedplant 0.0151 420 115 458 159
pottedplant 0.0103 374 114 413 152
pottedplant 0.0083 403 168 433 242
pottedplant 0.0078 404 116 433 154
pottedplant 0.0067 417 133 449 249
pottedplant 0.0067 488 33 499 49
pottedplant 0.0066 484 85 499 118
pottedplant 0.0066 178 305 224 347
pottedplant 0.0064 339 150 358 222
pottedplant 0.0060 389 116 420 153
pottedplant 0.0056 444 77 458 115
pottedplant 0.0055 190 154 258 185
pottedplant 0.0055 422 162 496 250
pottedplant 0.0053 442 130 471 162
pottedplant 0.0052 481 34 499 53
pottedplant 0.0051 338 113 382 142
pottedplant 0.0047 386 69 406 92
pottedplant 0.0047 329 105 397 144
pottedplant 0.0046 352 117 367 138
pottedplant 0.0045 445 69 458 94
pottedplant 0.0042 417 164 440 210
pottedplant 0.0041 413 207 440 250
pottedplant 0.0041 222 42 243 65
pottedplant 0.0039 457 125 487 165
pottedplant 0.0036 428 102 497 238
pottedplant 0.0034 370 114 398 144
pottedplant 0.0034 198 157 229 179
pottedplant 0.0031 467 91 495 123
pottedplant 0.0027 376 111 448 165
pottedplant 0.0026 437 85 475 158
pottedplant 0.0025 342 153 356 191
pottedplant 0.0025 341 99 491 271
pottedplant 0.0024 386 125 448 252
pottedplant 0.0024 384 70 409 106
pottedplant 0.0024 222 154 271 181
pottedplant 0.0023 429 119 453 150
pottedplant 0.0019 334 200 346 224
pottedplant 0.0019 380 124 403 150
pottedplant 0.0019 258 82 465 202
pottedplant 0.0018 341 193 363 228
pottedplant 0.0017 446 125 466 156
pottedplant 0.0016 413 119 438 150
pottedplant 0.0016 300 70 326 107
pottedplant 0.0015 383 104 425 149
pottedplant 0.0015 215 40 258 67
pottedplant 0.0015 487 74 500 110
pottedplant 0.0015 321 101 441 181
pottedplant 0.0014 174 155 231 217
pottedplant 0.0014 431 96 459 152
pottedplant 0.0014 213 155 254 179
pottedplant 0.0014 437 109 467 151
pottedplant 0.0013 418 168 439 193
pottedplant 0.0013 476 101 499 179
pottedplant 0.0013 473 78 497 96
pottedplant 0.0013 336 197 356 226
pottedplant 0.0013 366 204 390 242
pottedplant 0.0012 463 75 499 226
pottedplant 0.0012 231 41 254 64
pottedplant 0.0011 227 102 288 127
pottedplant 0.0011 450 80 497 117
pottedplant 0.0011 235 98 516 333
pottedplant 0.0011 489 94 499 122
pottedplant 0.0011 423 122 446 153
pottedplant 0.0011 415 119 452 185
pottedplant 0.0010 418 75 464 136
pottedplant 0.0010 477 28 496 49
pottedplant 0.0010 489 86 499 143
pottedplant 0.0010 326 114 364 141
sofa 0.0040 0 125 238 311
sofa 0.0017 -16 115 486 388
train 0.0053 199 116 502 247
train 0.0020 188 102 512 347
train 0.0017 9 69 549 382
tvmonitor 0.0014 0 264 77 376
tvmonitor 0.0011 5 254 157 378
tvmonitor 0.0010 23 73 85 110
