bottle 0.0061 234 108 324 199
bottle 0.0038 135 219 285 321
bottle 0.0036 268 108 315 190
bottle 0.0010 160 131 225 210
chair 0.0064 259 21 369 185
chair 0.0047 319 213 485 332
chair 0.0045 480 179 500 324
chair 0.0040 192 33 422 223
chair 0.0026 172 19 487 299
chair 0.0024 479 172 500 247
chair 0.0017 5 6 314 235
chair 0.0017 0 9 80 258
chair 0.0017 362 168 498 296
chair 0.0016 2 41 191 262
chair 0.0015 328 137 379 185
diningtable 0.0401 95 164 478 335
diningtable 0.0183 9 178 299 330
diningtable 0.0171 318 174 492 328
diningtable 0.0026 0 -1 219 233
diningtable 0.0016 391 166 498 281
dog 0.0054 223 115 317 205
dog 0.0032 480 174 500 301
dog 0.0017 184 141 301 215
person 0.6309 155 27 317 219
person 0.0936 11 33 349 329
person 0.0194 141 24 486 335
person 0.0091 187 85 319 257
person 0.0066 190 153 298 218
person 0.0063 480 110 500 289
person 0.0038 1 13 223 256
person 0.0036 224 124 340 210
person 0.0035 144 85 243 238
person 0.0032 136 101 377 276
person 0.0027 195 75 412 234
person 0.0022 150 122 290 268
person 0.0014 227 82 330 189
person 0.0011 224 109 483 315
person 0.0011 489 91 500 255
person 0.0011 174 96 304 194
pottedplant 0.0012 301 0 369 150
sofa 0.0491 5 37 319 322
sofa 0.0023 121 69 498 330
sofa 0.0010 378 166 500 263
