bottle 0.0070 102 243 129 314
bottle 0.0014 339 107 376 158
car 0.0962 413 113 426 122
car 0.0081 1 87 62 137
car 0.0063 411 112 432 124
chair 0.0340 0 86 25 131
chair 0.0067 3 84 46 135
chair 0.0032 0 85 11 128
chair 0.0030 0 103 66 138
chair 0.0012 0 79 17 116
diningtable 0.0037 139 222 381 330
diningtable 0.0035 170 218 293 322
person 0.8384 95 41 209 324
person 0.7661 278 91 396 323
person 0.6687 200 69 296 256
person 0.0150 168 75 300 336
person 0.0080 196 72 365 295
person 0.0029 292 98 393 230
person 0.0019 314 99 382 161
person 0.0010 108 52 313 278
pottedplant 0.0903 114 89 138 119
pottedplant 0.0211 181 219 259 304
pottedplant 0.0131 113 97 126 118
pottedplant 0.0074 98 108 118 119
pottedplant 0.0035 277 236 359 312
pottedplant 0.0030 2 92 65 130
pottedplant 0.0026 102 104 123 121
pottedplant 0.0023 90 108 105 119
pottedplant 0.0023 105 94 133 120
pottedplant 0.0018 45 104 60 116
pottedplant 0.0014 107 83 144 123
pottedplant 0.0014 95 105 113 118
pottedplant 0.0011 112 86 155 140
pottedplant 0.0010 29 100 65 122
sofa 0.0148 0 87 63 136
