bicycle 0.0616 243 155 345 285
bicycle 0.0261 163 130 342 317
bicycle 0.0128 117 4 248 108
bicycle 0.0031 290 12 377 45
bicycle 0.0012 88 5 481 302
bicycle 0.0011 67 164 401 367
boat 0.0069 441 210 500 370
bottle 0.0040 346 1 379 44
bottle 0.0038 291 14 373 46
bottle 0.0025 234 132 281 161
car 0.0431 315 77 499 255
chair 0.0191 -1 -13 109 372
chair 0.0159 122 5 206 107
chair 0.0039 0 -4 108 167
chair 0.0025 40 -2 182 145
chair 0.0013 9 -6 153 243
chair 0.0012 161 4 269 52
chair 0.0011 145 3 270 92
diningtable 0.0133 111 1 248 109
diningtable 0.0014 104 14 436 137
diningtable 0.0011 281 55 497 386
motorbike 0.0010 288 16 375 47
person 0.7173 122 58 273 371
person 0.0287 446 97 500 314
person 0.0272 343 -1 379 46
person 0.0040 304 7 378 45
person 0.0020 476 99 500 313
person 0.0019 156 98 333 358
pottedplant 0.0400 441 126 500 362
pottedplant 0.0041 446 197 499 291
pottedplant 0.0016 378 105 499 368
