bicycle 0.0108 57 215 73 238
bicycle 0.0016 61 218 79 238
bird 0.0011 253 17 289 68
bus 0.8706 99 63 356 302
bus 0.0077 361 210 480 242
bus 0.0024 367 213 422 242
bus 0.0021 213 70 352 291
bus 0.0015 97 125 171 263
bus 0.0011 278 158 350 262
bus 0.0011 96 74 212 283
car 0.0011 87 196 100 210
person 0.0510 57 213 72 236
person 0.0058 245 187 286 220
person 0.0048 206 198 221 219
person 0.0045 63 218 78 238
person 0.0037 239 171 295 227
person 0.0021 257 189 294 225
person 0.0019 70 221 81 237
person 0.0016 60 213 70 228
person 0.0016 273 192 306 225
person 0.0014 232 119 338 274
person 0.0013 206 195 229 221
person 0.0013 273 189 293 221
train 0.0248 364 210 500 245
train 0.0010 359 186 504 255
