bottle 0.0094 44 218 85 263
chair 0.0103 0 186 67 369
chair 0.0057 0 192 35 375
chair 0.0033 0 210 13 374
chair 0.0029 393 192 495 365
person 0.8619 2 76 163 367
person 0.8598 384 62 496 359
person 0.8358 146 79 272 370
person 0.6886 267 53 403 369
person 0.0377 249 72 346 370
person 0.0116 195 85 301 369
person 0.0089 322 40 472 357
person 0.0071 36 179 94 297
person 0.0067 0 101 63 360
person 0.0043 382 61 469 234
person 0.0042 338 206 396 376
person 0.0032 321 92 411 384
person 0.0010 76 86 196 371
pottedplant 0.0079 0 108 28 356
pottedplant 0.0037 0 164 13 321
pottedplant 0.0035 2 135 55 281
pottedplant 0.0011 0 74 70 366
sofa 0.0010 332 105 500 374
