bottle 0.0025 491 105 499 148
bottle 0.0022 259 295 310 339
bottle 0.0015 387 112 403 127
bottle 0.0011 247 117 261 132
bottle 0.0010 261 285 324 355
chair 0.5743 382 68 495 265
chair 0.3833 416 69 496 202
chair 0.0877 5 109 225 373
chair 0.0453 419 107 497 298
chair 0.0084 379 120 471 242
chair 0.0076 351 121 489 306
chair 0.0074 433 138 498 254
chair 0.0042 245 214 495 377
chair 0.0042 19 223 344 374
chair 0.0040 0 170 155 366
chair 0.0032 387 169 499 290
chair 0.0028 356 129 438 235
chair 0.0027 319 111 453 241
chair 0.0018 492 81 499 152
chair 0.0016 378 151 438 259
chair 0.0015 331 179 498 354
chair 0.0012 412 178 499 364
chair 0.0012 381 126 428 186
chair 0.0010 445 151 501 345
chair 0.0010 349 74 467 219
person 0.6806 300 177 427 338
person 0.6021 194 94 281 213
person 0.5654 273 75 350 213
person 0.3280 196 130 308 328
person 0.2965 55 89 303 366
person 0.2342 111 83 205 256
person 0.1702 291 123 395 301
person 0.1473 4 85 169 317
person 0.1089 199 135 293 252
person 0.0554 272 87 363 306
person 0.0440 223 128 406 354
person 0.0354 198 142 268 210
person 0.0262 117 92 273 302
person 0.0221 4 148 468 379
person 0.0171 311 192 394 273
person 0.0143 283 121 376 212
person 0.0132 133 156 349 371
person 0.0127 192 95 255 178
person 0.0055 267 83 410 204
person 0.0047 304 127 425 240
person 0.0040 219 84 343 304
person 0.0037 308 126 371 192
person 0.0032 129 128 276 237
person 0.0017 200 92 278 153
person 0.0013 316 81 475 225
person 0.0010 204 160 286 218
person 0.0010 228 79 333 210
sofa 0.1916 13 94 314 373
sofa 0.0056 17 217 457 375
tvmonitor 0.5960 358 73 411 126
tvmonitor 0.1895 417 70 497 184
tvmonitor 0.0036 341 66 427 143
tvmonitor 0.0026 381 136 417 177
