aeroplane 0.9024 49 81 132 120
aeroplane 0.9009 79 140 161 175
aeroplane 0.8972 198 62 281 103
aeroplane 0.8968 86 221 166 252
aeroplane 0.8864 211 134 290 168
aeroplane 0.8554 335 50 424 86
aeroplane 0.0155 123 221 164 243
aeroplane 0.0025 66 84 115 117
aeroplane 0.0024 96 142 145 172
aeroplane 0.0024 233 66 280 93
aeroplane 0.0022 84 222 126 249
aeroplane 0.0020 205 55 279 89
aeroplane 0.0019 112 142 161 169
aeroplane 0.0015 46 95 99 121
aeroplane 0.0014 0 155 17 221
aeroplane 0.0012 327 57 392 87
aeroplane 0.0011 137 222 161 237
aeroplane 0.0010 353 52 402 82
aeroplane 0.0010 216 65 265 99
