bicycle 0.0264 136 109 183 195
bicycle 0.0077 -14 274 404 376
boat 0.0026 61 291 455 375
bottle 0.0289 100 284 130 322
bottle 0.0104 99 275 138 352
bottle 0.0053 431 117 457 159
bottle 0.0045 88 275 171 373
bottle 0.0026 33 257 218 365
chair 0.4596 199 189 326 350
chair 0.0924 202 190 268 338
chair 0.0572 214 176 479 377
chair 0.0370 233 201 377 362
chair 0.0267 177 106 396 357
chair 0.0245 136 187 298 361
chair 0.0073 34 198 399 377
chair 0.0069 206 262 406 377
chair 0.0065 136 141 222 343
chair 0.0060 85 122 249 368
chair 0.0059 269 258 498 377
chair 0.0030 210 200 255 294
chair 0.0028 183 114 276 353
chair 0.0024 171 193 243 342
chair 0.0020 147 185 212 304
chair 0.0017 433 165 499 220
chair 0.0016 422 151 499 255
chair 0.0016 353 75 499 379
chair 0.0015 417 124 499 329
chair 0.0011 229 184 305 307
chair 0.0010 315 310 504 377
person 0.7784 243 63 492 374
person 0.6339 0 13 177 376
person 0.6095 151 70 267 323
person 0.0217 32 0 279 322
person 0.0127 130 109 185 200
person 0.0083 123 56 395 354
person 0.0073 0 61 63 371
person 0.0070 5 60 54 142
person 0.0053 265 112 286 167
person 0.0041 134 78 239 229
person 0.0024 359 53 498 364
person 0.0023 283 106 321 162
person 0.0023 4 1 169 205
person 0.0018 180 69 275 244
person 0.0017 0 46 56 211
person 0.0010 255 95 331 184
pottedplant 0.0815 133 100 185 193
pottedplant 0.0120 140 94 192 161
pottedplant 0.0042 75 42 214 248
pottedplant 0.0036 105 80 206 210
pottedplant 0.0022 144 94 188 133
pottedplant 0.0016 125 129 174 194
