aeroplane 0.0017 488 96 500 146
aeroplane 0.0016 409 97 500 181
bird 0.0774 89 252 124 278
bus 0.0051 397 148 494 182
car 0.8501 191 151 239 177
car 0.0063 344 78 380 89
car 0.0041 337 76 373 88
car 0.0019 257 71 299 84
car 0.0019 325 72 362 83
car 0.0013 352 81 384 92
car 0.0013 310 67 330 75
car 0.0012 296 62 322 72
car 0.0011 298 64 318 70
dog 0.0908 90 254 122 278
person 0.0035 159 22 172 33
sheep 0.0114 90 253 124 279
train 0.0137 402 149 499 179
train 0.0042 0 42 308 109
train 0.0023 8 8 175 36
train 0.0021 32 26 480 127
