bottle 0.0023 217 180 229 206
chair 0.5287 378 230 456 371
chair 0.3950 1 213 68 373
chair 0.1982 216 213 311 295
chair 0.1200 232 194 284 223
chair 0.1155 223 199 297 255
chair 0.0979 207 213 317 373
chair 0.0830 453 208 500 361
chair 0.0466 9 218 142 373
chair 0.0326 190 331 322 378
chair 0.0232 2 211 56 308
chair 0.0220 380 231 455 294
chair 0.0134 219 190 348 278
chair 0.0115 396 210 500 360
chair 0.0071 232 183 349 227
chair 0.0068 216 184 260 210
chair 0.0064 30 262 215 375
chair 0.0061 213 180 238 211
chair 0.0060 307 210 380 342
chair 0.0059 234 203 374 345
chair 0.0049 259 337 323 375
chair 0.0041 248 214 320 343
chair 0.0039 101 222 323 378
chair 0.0038 476 202 498 365
chair 0.0031 257 169 360 220
chair 0.0029 201 185 242 218
chair 0.0025 320 258 377 333
chair 0.0019 213 214 281 271
chair 0.0019 274 165 358 200
chair 0.0018 244 172 408 283
chair 0.0017 319 243 404 356
chair 0.0017 217 180 248 203
chair 0.0015 345 224 456 320
chair 0.0014 112 308 326 378
chair 0.0011 0 211 14 381
chair 0.0011 180 189 260 252
chair 0.0010 295 270 388 371
diningtable 0.5332 22 246 298 378
diningtable 0.0120 379 218 506 328
diningtable 0.0118 218 183 391 323
sofa 0.0037 231 176 380 278
tvmonitor 0.4040 379 157 444 225
tvmonitor 0.3024 383 142 470 215
tvmonitor 0.0151 271 110 337 170
tvmonitor 0.0097 131 130 248 201
tvmonitor 0.0082 273 110 306 162
tvmonitor 0.0018 411 153 476 238
tvmonitor 0.0015 -1 54 114 243
tvmonitor 0.0010 420 141 467 205
