boat 0.1123 169 133 411 270
boat 0.0259 15 49 441 287
boat 0.0079 408 123 496 178
boat 0.0013 400 137 472 177
boat 0.0013 137 185 204 302
boat 0.0010 184 205 214 285
bottle 0.0661 125 177 188 325
bottle 0.0024 136 243 190 325
car 0.0066 0 167 50 216
car 0.0020 396 139 422 150
car 0.0013 487 158 499 196
car 0.0010 0 139 82 211
chair 0.0070 0 165 38 215
diningtable 0.0019 20 225 494 361
person 0.0019 378 119 393 147
pottedplant 0.0017 186 207 215 283
pottedplant 0.0011 63 -14 460 281
sofa 0.0261 46 138 423 285
