bottle 0.0045 217 143 320 206
bottle 0.0036 261 143 307 202
bottle 0.0034 223 166 279 207
bottle 0.0022 289 182 329 211
cat 0.0023 167 162 275 211
cat 0.0015 287 182 331 211
chair 0.0021 266 0 379 203
diningtable 0.0275 174 170 514 330
diningtable 0.0020 -30 180 456 330
dog 0.8525 116 16 208 158
dog 0.0058 174 161 278 210
dog 0.0013 216 168 278 207
person 0.1074 327 64 497 197
person 0.0935 326 112 387 167
person 0.0665 329 107 421 187
person 0.0161 432 65 498 154
person 0.0081 227 121 338 202
person 0.0058 220 105 409 207
person 0.0044 466 62 499 156
person 0.0039 278 -1 459 205
person 0.0032 482 60 500 162
person 0.0030 390 4 499 173
person 0.0030 275 110 390 188
person 0.0028 416 1 498 106
person 0.0022 325 114 367 149
person 0.0019 322 80 444 177
person 0.0018 333 112 385 143
person 0.0017 197 146 318 206
person 0.0016 403 64 484 142
person 0.0014 80 42 401 273
person 0.0011 358 122 430 180
person 0.0010 303 116 371 179
person 0.0010 259 141 321 202
pottedplant 0.0051 258 119 345 197
pottedplant 0.0020 289 183 328 211
sofa 0.0856 326 62 497 197
sofa 0.0322 308 106 434 198
sofa 0.0144 216 93 515 325
sofa 0.0134 247 108 480 212
