boat 0.0030 1 86 153 322
boat 0.0018 6 76 80 288
boat 0.0010 29 121 488 324
bus 0.0015 0 256 5 290
bus 0.0013 294 235 376 267
car 0.9348 67 260 208 318
car 0.8515 0 283 62 375
car 0.6639 436 269 500 350
car 0.6549 208 269 503 341
car 0.4059 209 267 372 334
car 0.0756 269 242 409 289
car 0.0693 146 260 198 279
car 0.0580 299 240 375 269
car 0.0321 221 240 456 310
car 0.0273 148 260 211 292
car 0.0250 181 278 215 305
car 0.0241 393 263 494 329
car 0.0201 3 326 221 377
car 0.0080 163 262 191 275
car 0.0077 211 289 228 304
car 0.0065 204 271 283 324
car 0.0060 63 263 163 306
car 0.0052 411 254 444 268
car 0.0043 388 266 483 299
car 0.0042 0 268 5 287
car 0.0040 408 254 472 281
car 0.0039 487 264 500 352
car 0.0038 343 262 500 307
car 0.0037 356 267 504 352
car 0.0033 195 280 218 311
car 0.0033 305 249 374 278
car 0.0031 162 265 218 287
car 0.0030 204 285 228 307
car 0.0028 428 253 448 267
car 0.0027 181 267 211 287
car 0.0027 184 268 208 280
car 0.0022 83 248 126 266
car 0.0022 338 244 393 269
car 0.0021 346 244 373 265
car 0.0021 153 267 214 310
car 0.0020 248 265 386 296
car 0.0020 397 252 484 291
car 0.0018 188 278 211 298
car 0.0018 328 253 406 276
car 0.0016 173 265 203 279
car 0.0015 301 266 380 290
car 0.0015 72 258 131 300
car 0.0013 0 272 18 374
car 0.0011 0 246 5 285
car 0.0011 182 266 196 276
car 0.0011 342 261 414 279
car 0.0010 456 251 497 323
car 0.0010 402 254 431 267
person 0.0718 476 261 485 282
person 0.0122 205 262 212 276
person 0.0032 474 261 491 287
person 0.0027 202 264 211 278
person 0.0022 69 254 83 273
person 0.0015 71 249 86 269
person 0.0012 226 257 234 278
pottedplant 0.0059 450 133 499 265
pottedplant 0.0013 458 140 500 205
