bird 0.0039 202 218 243 255
bottle 0.0014 3 118 38 194
car 0.0013 405 167 433 184
person 0.4279 -7 8 284 329
person 0.0071 175 219 241 255
person 0.0025 138 199 274 275
person 0.0022 12 142 374 328
sheep 0.8624 281 211 360 265
sheep 0.8590 392 229 464 274
sheep 0.6317 442 165 477 186
sheep 0.2465 364 175 390 193
sheep 0.2403 222 188 243 201
sheep 0.1337 467 163 485 171
sheep 0.1173 468 162 492 178
sheep 0.1158 191 219 237 252
sheep 0.1033 449 164 489 190
sheep 0.0959 440 165 455 180
sheep 0.0649 474 168 500 189
sheep 0.0231 295 184 310 195
sheep 0.0203 405 166 435 182
sheep 0.0173 455 170 478 186
sheep 0.0071 337 217 358 229
sheep 0.0067 459 167 480 183
sheep 0.0067 441 235 463 253
sheep 0.0051 194 201 243 243
sheep 0.0037 478 165 500 176
sheep 0.0037 353 174 384 192
sheep 0.0036 280 231 342 262
sheep 0.0035 322 215 358 232
sheep 0.0034 487 170 498 192
sheep 0.0030 421 232 464 270
sheep 0.0029 217 181 247 203
sheep 0.0026 286 211 356 235
sheep 0.0026 313 217 359 259
sheep 0.0026 466 159 494 187
sheep 0.0024 196 216 249 265
sheep 0.0023 251 189 367 280
sheep 0.0021 281 213 330 244
sheep 0.0015 462 293 492 306
sheep 0.0013 459 158 486 182
sheep 0.0013 22 48 457 358
sheep 0.0012 294 185 338 199
sheep 0.0012 388 245 446 273
sheep 0.0011 283 214 325 231
sheep 0.0011 343 175 372 189
sheep 0.0011 442 153 494 199
sheep 0.0011 119 197 304 322
sheep 0.0010 491 163 499 176
sheep 0.0010 70 179 407 335
sheep 0.0010 422 164 462 182
