bicycle 0.0132 82 77 109 99
cow 0.0484 41 74 58 96
dog 0.4718 79 76 113 97
dog 0.2759 79 164 96 191
dog 0.0510 41 74 59 97
dog 0.0368 95 77 115 96
dog 0.0108 78 74 97 96
dog 0.0023 59 75 103 97
horse 0.7087 344 91 418 236
horse 0.2738 79 74 112 98
horse 0.0424 40 74 59 97
horse 0.0075 43 73 73 94
horse 0.0057 98 80 113 98
horse 0.0042 79 78 97 98
horse 0.0032 41 74 96 95
horse 0.0025 343 108 381 228
person 0.8491 344 53 421 180
person 0.0090 40 73 59 96
person 0.0041 349 152 365 225
person 0.0025 -1 196 138 390
