bottle 0.0044 176 74 288 126
bottle 0.0040 178 66 346 137
bottle 0.0027 71 331 203 375
bottle 0.0027 232 85 291 121
bottle 0.0022 162 51 367 180
bottle 0.0022 98 29 430 219
bottle 0.0016 251 22 376 111
bottle 0.0014 210 50 399 142
bottle 0.0014 177 77 238 122
bottle 0.0011 286 15 333 69
chair 0.0664 1 22 188 242
chair 0.0049 81 20 194 212
chair 0.0032 -2 29 139 365
chair 0.0016 172 6 339 90
chair 0.0010 282 5 387 96
dog 0.7059 238 174 493 308
dog 0.0400 219 192 405 346
dog 0.0144 115 213 422 374
dog 0.0071 66 13 503 341
dog 0.0037 159 55 504 250
dog 0.0020 228 205 370 306
person 0.2201 7 80 302 382
person 0.0469 22 43 510 373
person 0.0041 76 185 460 372
person 0.0025 100 13 471 247
person 0.0025 172 90 505 331
person 0.0022 90 15 189 192
person 0.0011 38 17 261 237
pottedplant 0.0039 176 73 239 120
sheep 0.0052 191 348 212 374
