aeroplane 0.0021 -24 66 438 282
bird 0.0233 235 230 255 258
bird 0.0076 229 221 258 260
bird 0.0036 228 240 250 262
bird 0.0021 224 202 242 225
bird 0.0019 244 229 255 254
bird 0.0016 224 199 247 245
bird 0.0013 225 214 246 259
bird 0.0013 228 255 248 265
boat 0.0025 228 254 249 265
car 0.8935 387 169 500 281
car 0.4663 0 212 30 241
car 0.0532 0 216 50 283
car 0.0346 0 209 31 267
car 0.0057 0 214 22 295
car 0.0051 0 206 44 236
car 0.0040 0 208 88 290
car 0.0028 25 203 57 218
car 0.0027 454 171 499 286
car 0.0017 484 159 500 283
car 0.0013 0 214 10 239
car 0.0013 9 198 59 222
car 0.0013 390 202 478 301
car 0.0012 412 176 502 243
car 0.0011 26 197 75 217
car 0.0010 0 185 30 243
cow 0.0187 233 229 255 259
cow 0.0084 226 231 242 257
dog 0.0038 229 231 251 257
pottedplant 0.0011 13 1 88 60
sheep 0.0100 227 225 258 262
sheep 0.0010 224 214 247 259
train 0.0010 26 41 492 313
