boat 0.0013 0 199 47 380
bottle 0.3947 120 132 165 254
bottle 0.2187 231 112 267 178
bottle 0.0762 186 142 227 250
bottle 0.0745 291 95 316 149
bottle 0.0737 310 82 335 117
bottle 0.0347 185 125 229 196
bottle 0.0320 250 150 284 193
bottle 0.0278 174 138 242 285
bottle 0.0273 237 128 280 191
bottle 0.0184 90 -23 484 390
bottle 0.0161 141 128 263 315
bottle 0.0160 348 112 368 165
bottle 0.0149 317 92 354 149
bottle 0.0139 301 87 332 148
bottle 0.0134 219 107 296 210
bottle 0.0124 353 132 385 174
bottle 0.0117 372 110 392 135
bottle 0.0112 236 112 264 138
bottle 0.0111 239 130 393 221
bottle 0.0099 137 205 214 349
bottle 0.0098 304 139 337 195
bottle 0.0096 279 83 324 163
bottle 0.0093 339 100 370 157
bottle 0.0085 292 88 321 116
bottle 0.0074 291 100 328 183
bottle 0.0058 284 86 319 135
bottle 0.0055 304 82 368 162
bottle 0.0053 263 104 315 190
bottle 0.0045 119 87 179 218
bottle 0.0040 214 45 407 249
bottle 0.0039 349 100 382 139
bottle 0.0037 358 106 390 146
bottle 0.0032 316 108 347 167
bottle 0.0032 356 111 395 172
bottle 0.0030 85 137 325 351
bottle 0.0029 216 113 264 197
bottle 0.0027 289 91 312 125
bottle 0.0025 336 91 375 129
bottle 0.0025 326 101 353 133
bottle 0.0024 42 166 92 219
bottle 0.0023 204 135 258 262
bottle 0.0021 168 87 243 196
bottle 0.0020 158 140 185 226
bottle 0.0019 121 107 158 211
bottle 0.0019 277 150 322 212
bottle 0.0019 318 81 339 112
bottle 0.0017 259 108 290 153
bottle 0.0017 349 117 374 148
bottle 0.0016 81 120 198 258
bottle 0.0016 263 110 300 168
bottle 0.0015 347 95 373 123
bottle 0.0014 217 181 264 232
bottle 0.0014 150 190 218 285
bottle 0.0013 192 166 228 291
bottle 0.0013 179 155 291 347
bottle 0.0012 219 137 306 247
bottle 0.0012 236 122 264 159
bottle 0.0011 92 84 285 275
bottle 0.0011 241 71 359 149
bottle 0.0010 252 152 300 205
bottle 0.0010 276 107 435 220
bottle 0.0010 217 180 269 278
car 0.0059 111 1 182 54
car 0.0015 65 -4 451 150
car 0.0012 87 2 164 67
chair 0.5681 336 132 502 376
chair 0.0676 418 122 500 323
chair 0.0651 393 18 472 118
chair 0.0245 0 188 31 382
chair 0.0186 415 48 498 151
chair 0.0138 0 180 17 368
chair 0.0113 395 43 501 273
chair 0.0088 0 55 26 134
chair 0.0083 327 185 442 374
chair 0.0048 42 163 92 218
chair 0.0043 412 205 500 382
chair 0.0034 0 141 50 380
chair 0.0032 445 66 500 297
chair 0.0030 36 159 97 258
chair 0.0022 394 112 469 254
chair 0.0022 376 38 481 147
chair 0.0020 420 37 474 102
chair 0.0020 0 158 9 337
chair 0.0020 0 17 120 123
chair 0.0017 0 56 57 139
chair 0.0016 11 153 101 364
chair 0.0013 405 131 458 230
chair 0.0012 390 35 431 107
chair 0.0010 394 1 470 76
chair 0.0010 363 159 498 289
chair 0.0010 479 139 499 323
chair 0.0010 430 63 500 198
diningtable 0.0489 77 0 505 393
diningtable 0.0081 -22 92 391 369
diningtable 0.0051 80 130 214 322
diningtable 0.0036 27 153 299 351
diningtable 0.0026 247 116 491 377
diningtable 0.0015 150 88 461 303
person 0.6112 108 4 186 159
person 0.0316 113 0 251 155
person 0.0127 140 8 207 159
person 0.0088 233 112 259 141
person 0.0036 174 3 236 144
person 0.0035 161 40 191 146
person 0.0015 72 -2 373 146
