bicycle 0.1942 208 9 409 144
bicycle 0.0782 21 8 420 372
bicycle 0.0015 271 52 499 293
bicycle 0.0013 -1 92 55 216
bottle 0.0600 107 1 162 140
bottle 0.0073 0 94 53 202
bottle 0.0067 87 2 206 149
bottle 0.0065 145 36 162 83
bottle 0.0046 128 13 180 143
bottle 0.0031 1 10 117 171
bottle 0.0019 276 148 399 254
bottle 0.0015 8 5 214 178
bottle 0.0013 111 18 150 99
car 0.0035 1 22 117 178
car 0.0021 17 -31 409 306
car 0.0013 0 76 55 234
car 0.0010 4 -6 207 309
chair 0.0028 440 110 500 378
chair 0.0015 472 111 500 270
chair 0.0010 486 116 500 267
motorbike 0.3110 14 -1 420 355
motorbike 0.1107 204 10 396 144
motorbike 0.0964 0 68 53 198
motorbike 0.0313 166 6 490 315
motorbike 0.0124 209 10 326 116
motorbike 0.0057 209 21 424 233
motorbike 0.0055 0 25 44 168
motorbike 0.0031 0 27 82 176
motorbike 0.0025 210 12 287 91
motorbike 0.0020 221 12 278 50
motorbike 0.0015 273 60 496 287
motorbike 0.0011 268 130 409 270
motorbike 0.0010 0 47 26 165
person 0.2081 146 3 199 103
person 0.1035 364 16 396 115
person 0.0857 110 1 158 103
person 0.0241 105 0 178 139
person 0.0062 122 1 240 127
person 0.0027 341 20 401 132
person 0.0022 290 21 412 137
person 0.0021 147 -1 184 75
person 0.0018 0 5 37 161
person 0.0017 169 31 272 148
person 0.0013 94 14 338 158
person 0.0012 209 20 261 92
person 0.0012 0 8 17 158
pottedplant 0.0505 0 69 52 195
pottedplant 0.0074 0 -3 115 175
pottedplant 0.0044 241 31 411 148
pottedplant 0.0036 366 13 393 64
pottedplant 0.0017 218 11 274 48
pottedplant 0.0013 257 60 377 131
tvmonitor 0.0017 468 110 500 251
