boat 0.0497 35 215 390 374
boat 0.0077 16 287 438 377
bottle 0.0010 321 278 356 313
bottle 0.0010 308 267 332 309
bus 0.0116 -4 -34 525 400
bus 0.0047 209 29 508 364
bus 0.0030 -3 20 279 342
bus 0.0012 19 80 187 287
car 0.0029 9 65 519 368
chair 0.0705 346 236 409 335
chair 0.0182 49 217 378 372
chair 0.0153 228 272 373 376
chair 0.0130 178 236 411 378
chair 0.0088 223 135 391 381
chair 0.0085 443 207 500 332
chair 0.0053 311 231 408 359
chair 0.0041 71 255 167 366
chair 0.0031 269 193 407 371
chair 0.0029 300 269 476 374
chair 0.0025 62 285 446 378
chair 0.0023 344 239 447 360
chair 0.0018 53 161 249 370
chair 0.0014 65 260 242 373
chair 0.0013 439 111 500 343
chair 0.0010 287 295 386 374
diningtable 0.0011 369 314 499 377
person 0.7269 215 115 370 374
person 0.5843 89 131 276 375
person 0.0034 222 74 485 379
person 0.0026 38 146 127 225
person 0.0017 160 102 324 370
person 0.0012 10 -11 414 358
person 0.0012 134 126 239 323
person 0.0011 266 141 434 363
sofa 0.1364 43 141 375 375
train 0.0031 59 5 504 360
tvmonitor 0.0032 484 41 499 278
tvmonitor 0.0025 489 92 499 245
tvmonitor 0.0011 462 28 501 259
tvmonitor 0.0010 428 15 500 344
