bicycle 0.3825 124 268 512 374
bicycle 0.0199 281 229 499 376
bicycle 0.0195 284 302 488 376
bicycle 0.0095 404 285 499 375
bicycle 0.0046 186 193 540 375
bicycle 0.0044 27 226 406 378
bicycle 0.0027 434 235 499 374
boat 0.0012 -37 219 322 378
bottle 0.0550 196 178 245 229
bottle 0.0100 289 299 319 331
bottle 0.0020 197 316 272 373
bottle 0.0020 164 273 312 375
bottle 0.0019 280 292 323 338
bottle 0.0015 258 288 335 333
bottle 0.0015 178 180 243 248
car 0.0030 428 53 500 360
car 0.0013 432 99 500 244
chair 0.0067 269 187 506 379
chair 0.0022 421 211 501 377
chair 0.0014 0 85 80 363
chair 0.0012 0 75 40 362
diningtable 0.0074 65 262 409 377
dog 0.0020 198 177 250 235
person 0.7763 182 99 436 370
person 0.6066 0 59 251 377
person 0.0194 193 174 246 240
person 0.0148 283 111 477 372
person 0.0141 157 118 324 369
person 0.0057 105 93 263 312
person 0.0042 10 13 459 360
person 0.0034 16 162 355 378
person 0.0030 92 229 383 375
person 0.0028 171 166 264 294
person 0.0017 1 79 136 369
person 0.0013 144 177 241 258
person 0.0012 136 269 303 376
