bicycle 0.0543 21 446 187 497
bicycle 0.0154 27 384 184 494
bicycle 0.0033 82 440 191 486
bicycle 0.0024 21 476 184 499
bird 0.0045 136 11 203 98
bottle 0.0031 308 435 360 500
bottle 0.0017 35 438 66 485
chair 0.0057 72 128 326 484
chair 0.0045 123 335 312 468
chair 0.0040 40 158 166 478
chair 0.0014 1 171 74 463
chair 0.0013 88 173 188 461
diningtable 0.0037 8 191 348 479
dog 0.0030 113 13 203 111
person 0.3802 55 88 189 479
person 0.1841 24 108 50 173
person 0.1146 17 120 142 483
person 0.1111 44 27 200 313
person 0.0558 99 103 206 427
person 0.0140 99 68 205 280
person 0.0133 80 35 307 506
person 0.0119 21 211 84 475
person 0.0103 71 24 193 191
person 0.0078 93 376 179 479
person 0.0061 80 189 167 483
person 0.0045 40 97 75 176
person 0.0023 46 116 69 183
person 0.0020 25 96 65 172
person 0.0018 -3 53 162 386
person 0.0016 176 61 267 352
person 0.0014 39 107 101 205
person 0.0013 101 56 180 180
person 0.0011 47 82 86 167
