bird 0.0016 395 98 500 199
bottle 0.0049 70 243 107 280
bottle 0.0022 0 176 100 272
bottle 0.0011 100 225 123 252
cat 0.3753 20 87 348 260
cat 0.0067 212 116 364 252
chair 0.0522 0 82 74 269
chair 0.0033 0 -2 75 51
chair 0.0012 0 157 92 279
chair 0.0012 0 -6 77 181
chair 0.0010 0 135 48 254
dog 0.3770 21 87 348 261
dog 0.0043 0 104 98 282
dog 0.0024 0 75 168 277
dog 0.0020 0 172 89 268
person 0.0348 0 -1 72 271
person 0.0023 -1 -7 163 266
person 0.0016 286 25 302 64
sheep 0.0076 214 129 364 256
train 0.0026 208 -2 398 119
tvmonitor 0.0035 244 3 415 133
