bottle 0.0054 315 252 334 288
bottle 0.0034 250 256 260 279
bottle 0.0017 494 291 500 366
bottle 0.0015 241 261 254 280
car 0.0010 16 -191 509 124
chair 0.8268 207 288 312 376
chair 0.3999 434 292 499 376
chair 0.0870 441 289 498 337
chair 0.0187 254 329 314 376
chair 0.0158 486 309 500 379
chair 0.0127 205 300 272 370
chair 0.0126 155 337 216 378
chair 0.0068 361 307 416 376
chair 0.0065 161 317 255 378
chair 0.0045 118 281 180 376
chair 0.0045 450 324 499 377
chair 0.0041 135 318 214 377
chair 0.0031 202 289 265 344
chair 0.0029 489 288 500 356
chair 0.0029 429 315 480 376
chair 0.0022 314 271 372 375
chair 0.0022 494 285 500 351
chair 0.0016 492 335 499 385
chair 0.0015 468 306 501 380
chair 0.0011 427 316 456 376
chair 0.0010 218 286 394 377
pottedplant 0.0087 52 193 114 227
pottedplant 0.0023 335 267 378 287
tvmonitor 0.8468 270 234 318 277
tvmonitor 0.0159 251 243 268 263
tvmonitor 0.0038 6 214 117 379
tvmonitor 0.0038 0 219 34 379
tvmonitor 0.0029 333 266 379 300
tvmonitor 0.0024 117 282 177 373
tvmonitor 0.0023 327 277 381 307
tvmonitor 0.0016 42 194 115 232
