bicycle 0.0093 0 205 101 382
bird 0.0619 204 45 374 318
bird 0.0261 320 247 367 331
bird 0.0165 329 270 373 372
bird 0.0146 106 21 406 299
bird 0.0078 274 107 380 351
bird 0.0034 259 73 369 274
bird 0.0030 241 27 488 367
bird 0.0017 219 57 348 212
bird 0.0017 335 286 396 374
bird 0.0017 107 37 258 299
bird 0.0013 317 247 411 361
bird 0.0011 290 218 379 336
bus 0.0015 112 291 265 375
chair 0.0203 0 259 100 376
chair 0.0067 0 260 255 374
cow 0.0354 90 20 395 343
dog 0.0519 101 53 232 162
dog 0.0160 97 33 316 219
dog 0.0015 103 59 161 132
person 0.0094 188 286 238 375
person 0.0076 136 271 239 375
person 0.0019 193 320 236 370
person 0.0012 154 306 233 374
sheep 0.0239 76 19 405 363
sheep 0.0055 105 38 271 302
