aeroplane 0.0133 8 104 459 376
bird 0.0080 415 266 466 302
bird 0.0038 456 324 465 333
bird 0.0021 424 280 443 300
bird 0.0012 433 319 443 330
boat 0.0068 1 11 135 222
boat 0.0014 368 201 395 234
boat 0.0013 248 101 513 374
boat 0.0013 345 217 389 377
boat 0.0012 1 31 67 255
bus 0.0114 -3 73 286 339
bus 0.0010 3 50 126 342
car 0.0111 39 101 479 378
car 0.0064 0 257 8 289
car 0.0013 0 254 21 288
dog 0.0021 414 262 466 302
person 0.9263 63 126 253 371
person 0.8246 245 105 395 376
person 0.0442 59 294 96 338
person 0.0135 18 110 442 376
person 0.0071 44 285 103 342
person 0.0046 12 280 120 376
person 0.0042 60 285 125 359
person 0.0023 323 139 410 375
person 0.0019 205 114 342 377
person 0.0017 273 131 476 369
person 0.0013 344 216 392 371
person 0.0012 42 108 172 358
train 0.0040 2 -15 130 363
train 0.0025 5 105 156 235
train 0.0011 -17 73 280 284
train 0.0011 15 136 164 207
tvmonitor 0.0025 95 147 136 198
