cat 0.7883 152 159 246 269
cat 0.0046 5 158 260 297
chair 0.0020 126 81 407 153
diningtable 0.0105 11 85 421 162
diningtable 0.0049 -8 81 434 279
diningtable 0.0025 70 71 454 205
dog 0.8227 269 194 399 332
dog 0.0094 124 145 450 343
dog 0.0094 248 171 485 385
dog 0.0044 163 162 270 267
dog 0.0014 86 73 474 196
dog 0.0012 31 167 477 462
motorbike 0.0010 393 -2 499 80
pottedplant 0.0135 4 173 148 308
pottedplant 0.0128 0 87 43 163
pottedplant 0.0092 406 6 499 86
pottedplant 0.0047 1 3 189 84
pottedplant 0.0014 0 38 52 165
pottedplant 0.0012 -3 -2 205 180
pottedplant 0.0010 2 69 134 322
sofa 0.0057 27 72 465 305
sofa 0.0048 85 136 354 296
sofa 0.0033 95 65 437 163
train 0.0013 -4 -11 521 73
