chair 0.5460 46 174 191 434
chair 0.1574 58 183 162 352
chair 0.0871 85 182 158 302
chair 0.0701 121 186 208 349
chair 0.0381 89 186 151 257
chair 0.0212 91 186 136 232
chair 0.0185 145 168 236 374
chair 0.0149 95 166 187 372
chair 0.0127 88 187 126 218
chair 0.0069 69 185 130 246
chair 0.0065 203 175 354 515
chair 0.0057 106 184 152 232
chair 0.0056 56 186 103 334
chair 0.0050 55 183 142 287
chair 0.0049 138 55 286 421
chair 0.0040 119 183 160 253
chair 0.0037 52 167 115 399
chair 0.0036 61 179 94 203
chair 0.0029 123 182 183 266
chair 0.0022 100 167 236 444
chair 0.0017 329 165 348 198
chair 0.0015 46 175 95 294
chair 0.0015 187 31 319 448
chair 0.0011 131 181 217 285
chair 0.0011 64 182 118 208
chair 0.0011 58 179 96 227
chair 0.0010 153 156 305 505
diningtable 0.1832 96 180 329 501
diningtable 0.0088 197 214 347 496
diningtable 0.0077 138 153 285 376
diningtable 0.0062 33 181 230 508
diningtable 0.0011 174 96 333 434
person 0.6978 320 110 347 200
person 0.6064 48 107 65 188
person 0.5994 28 107 47 187
person 0.0333 33 108 60 186
person 0.0303 19 108 38 186
person 0.0162 31 107 46 156
person 0.0113 50 107 64 149
person 0.0044 320 109 346 149
person 0.0038 28 112 41 149
person 0.0024 335 117 349 201
person 0.0021 310 112 339 192
person 0.0020 25 109 36 162
person 0.0015 317 110 339 130
person 0.0015 41 100 68 167
person 0.0012 329 147 348 198
pottedplant 0.5830 300 168 318 199
pottedplant 0.0366 316 147 344 210
pottedplant 0.0138 321 166 347 216
pottedplant 0.0101 307 170 325 199
pottedplant 0.0079 302 169 324 221
pottedplant 0.0027 302 151 326 201
pottedplant 0.0024 324 175 347 202
pottedplant 0.0017 294 155 335 206
pottedplant 0.0016 313 168 342 202
pottedplant 0.0015 328 163 348 198
pottedplant 0.0011 302 177 317 209
