aeroplane 0.0011 1 -1 116 82
chair 0.0010 352 139 374 189
person 0.0131 306 112 327 187
person 0.0032 308 114 326 149
pottedplant 0.0016 0 189 12 213
sheep 0.8006 121 118 316 336
sheep 0.7595 17 203 250 472
sheep 0.0710 333 97 375 201
sheep 0.0365 67 133 323 473
sheep 0.0212 26 155 271 322
sheep 0.0192 302 112 334 202
sheep 0.0143 335 149 361 198
sheep 0.0092 304 111 360 210
sheep 0.0090 101 130 260 288
sheep 0.0080 15 187 188 381
sheep 0.0051 39 198 193 312
sheep 0.0049 122 113 320 231
sheep 0.0022 116 130 241 226
sheep 0.0016 342 131 374 197
sheep 0.0016 212 119 315 299
sheep 0.0012 279 110 336 216
sheep 0.0011 5 203 143 458
sheep 0.0011 232 114 321 229
