boat 0.0042 0 252 46 330
boat 0.0017 13 91 67 107
boat 0.0012 105 37 129 99
bus 0.8976 33 139 383 247
bus 0.8822 309 108 497 237
bus 0.6462 1 133 76 204
bus 0.1515 300 110 386 243
bus 0.0972 0 152 44 201
bus 0.0900 0 89 18 205
bus 0.0536 0 119 34 207
bus 0.0171 380 140 495 234
bus 0.0157 0 154 19 203
bus 0.0103 0 139 10 204
bus 0.0095 23 141 141 212
bus 0.0055 261 154 372 241
bus 0.0049 296 176 334 222
bus 0.0048 487 108 499 223
bus 0.0041 309 154 377 232
bus 0.0036 0 162 6 202
bus 0.0036 5 132 50 193
bus 0.0033 472 108 500 222
bus 0.0031 14 153 95 215
bus 0.0031 43 143 246 230
bus 0.0026 0 114 7 191
bus 0.0026 493 155 499 236
bus 0.0022 1 137 64 171
bus 0.0021 491 145 500 210
bus 0.0018 441 109 500 205
bus 0.0016 14 162 50 201
bus 0.0014 494 105 500 188
bus 0.0013 9 136 121 189
bus 0.0013 195 132 392 245
bus 0.0012 0 120 14 189
bus 0.0011 376 123 439 224
bus 0.0010 373 141 421 215
bus 0.0010 -1 85 53 198
bus 0.0010 0 52 16 167
car 0.0075 0 164 41 201
car 0.0066 0 240 45 322
person 0.0148 304 181 326 214
person 0.0070 327 162 364 222
person 0.0035 340 172 354 208
person 0.0022 388 179 404 196
person 0.0021 298 158 373 239
person 0.0012 292 174 331 225
person 0.0011 392 177 411 196
