car 0.7599 0 59 165 308
car 0.7086 436 85 499 246
car 0.5330 411 131 440 150
car 0.1191 409 126 447 164
car 0.1114 468 112 500 264
car 0.0716 21 59 483 320
car 0.0132 2 60 89 282
car 0.0091 352 126 377 151
car 0.0085 323 123 466 237
car 0.0076 406 132 433 155
car 0.0075 479 156 500 268
car 0.0066 137 70 465 248
car 0.0060 403 114 459 200
car 0.0055 440 85 499 171
car 0.0028 0 61 161 186
car 0.0028 484 77 500 243
car 0.0022 361 120 386 149
car 0.0021 0 33 10 71
car 0.0016 151 82 418 181
car 0.0014 59 67 216 208
car 0.0013 474 148 499 327
car 0.0011 0 74 46 307
car 0.0011 390 123 496 246
chair 0.0021 352 127 378 153
motorbike 0.5966 6 56 463 343
motorbike 0.0698 0 63 190 321
motorbike 0.0142 105 73 203 230
motorbike 0.0041 403 81 493 244
motorbike 0.0032 84 64 278 241
motorbike 0.0012 407 115 461 219
person 0.0498 376 114 391 147
person 0.0025 361 120 386 149
person 0.0012 337 98 355 141
person 0.0012 0 14 11 67
person 0.0011 289 103 343 147
person 0.0010 368 118 395 148
