bottle 0.0028 448 231 461 268
bus 0.0031 127 249 169 267
car 0.0079 71 261 99 271
car 0.0041 134 248 167 268
car 0.0019 184 258 210 266
car 0.0015 478 257 495 265
car 0.0011 193 257 221 265
person 0.9077 317 130 440 333
person 0.6378 316 132 370 321
person 0.0202 321 131 377 244
person 0.0064 107 262 118 275
person 0.0026 490 141 500 285
person 0.0019 321 129 339 184
person 0.0018 328 139 401 292
person 0.0018 320 130 366 201
person 0.0017 336 142 387 226
person 0.0012 486 95 500 304
train 0.0027 91 244 194 269
train 0.0016 128 248 168 268
train 0.0013 8 242 222 270
