boat 0.0038 10 273 464 370
boat 0.0027 9 270 399 331
bottle 0.8463 169 94 225 294
bottle 0.2080 220 143 300 287
bottle 0.0639 289 134 355 279
bottle 0.0107 260 146 282 191
bottle 0.0049 257 207 301 279
bottle 0.0029 210 177 324 318
bottle 0.0023 153 83 202 284
bottle 0.0022 394 138 460 215
bottle 0.0018 174 93 216 220
bottle 0.0017 235 144 285 195
bottle 0.0014 166 159 188 284
bottle 0.0013 181 94 214 172
bottle 0.0010 200 110 279 270
car 0.0307 339 258 383 280
car 0.0083 266 255 421 281
car 0.0043 303 255 377 279
car 0.0020 13 269 449 333
car 0.0019 162 168 504 323
car 0.0017 93 234 513 329
car 0.0012 22 231 493 412
car 0.0011 315 257 428 294
car 0.0010 297 252 346 277
diningtable 0.0074 23 238 357 334
diningtable 0.0026 4 186 486 317
pottedplant 0.0224 -1 56 173 308
pottedplant 0.0041 -5 156 146 305
pottedplant 0.0020 0 185 72 323
