bottle 0.0114 247 56 391 338
bottle 0.0027 460 299 501 375
bottle 0.0011 463 233 499 378
bottle 0.0010 451 -7 499 361
cat 0.1940 244 116 391 353
cat 0.0212 165 56 421 357
cat 0.0053 88 157 399 352
chair 0.0060 460 296 501 373
chair 0.0010 0 246 19 388
dog 0.6265 114 189 217 339
dog 0.1933 245 142 389 367
dog 0.0015 72 17 448 356
dog 0.0013 77 116 297 351
person 0.7997 2 232 114 375
person 0.3627 0 188 37 372
person 0.0382 0 178 39 273
person 0.0038 -1 162 91 360
person 0.0037 0 166 26 250
person 0.0022 1 229 60 364
person 0.0020 238 34 479 371
person 0.0020 6 211 72 300
person 0.0012 15 231 95 322
person 0.0011 -12 204 184 377
pottedplant 0.0021 436 -8 502 358
pottedplant 0.0011 463 109 500 383
sheep 0.0035 98 172 380 371
