bicycle 0.7038 19 94 73 140
bicycle 0.3562 92 297 387 375
bicycle 0.3325 207 225 426 380
bicycle 0.3317 6 75 52 144
bicycle 0.1405 94 253 218 375
bicycle 0.1177 4 112 40 170
bicycle 0.1176 49 192 433 374
bicycle 0.0465 49 247 322 375
bicycle 0.0343 46 104 118 140
bicycle 0.0119 74 176 233 381
bicycle 0.0088 33 286 249 378
bicycle 0.0075 222 304 384 377
bicycle 0.0074 27 84 64 131
bicycle 0.0069 8 111 68 171
bicycle 0.0041 104 311 283 374
bicycle 0.0036 0 69 90 148
bicycle 0.0027 42 103 70 137
bicycle 0.0027 1 95 26 167
bicycle 0.0026 14 127 36 163
bicycle 0.0025 283 327 423 377
bicycle 0.0022 276 267 427 383
bicycle 0.0019 0 88 15 153
bicycle 0.0019 353 231 425 353
bicycle 0.0019 34 99 60 134
bicycle 0.0017 -1 242 210 379
bicycle 0.0013 3 92 91 184
boat 0.3572 481 123 499 166
boat 0.0156 484 90 500 163
boat 0.0073 480 125 499 204
boat 0.0046 429 109 461 156
boat 0.0043 71 101 440 380
boat 0.0037 378 99 439 142
boat 0.0029 441 115 484 163
boat 0.0018 471 66 500 168
boat 0.0013 438 88 463 155
boat 0.0012 271 30 343 63
bottle 0.0084 97 244 175 375
bottle 0.0063 94 209 191 343
bottle 0.0048 84 107 134 151
bottle 0.0045 336 102 375 127
bottle 0.0042 321 96 336 127
bottle 0.0037 100 248 184 319
bottle 0.0026 78 116 216 388
bottle 0.0016 105 247 161 301
chair 0.0069 338 103 373 129
chair 0.0053 89 118 220 383
chair 0.0048 67 98 446 381
chair 0.0020 201 112 388 367
motorbike 0.0063 32 104 407 378
person 0.7987 84 44 241 382
person 0.7185 2 67 37 149
person 0.5828 196 31 391 374
person 0.3854 200 67 229 105
person 0.0122 270 79 407 377
person 0.0074 0 76 66 141
person 0.0033 336 236 425 368
person 0.0032 0 62 24 137
person 0.0016 2 66 31 111
person 0.0012 22 81 62 132
person 0.0012 192 64 231 131
person 0.0011 20 8 167 396
person 0.0010 0 61 6 142
person 0.0010 67 30 398 293
pottedplant 0.0011 59 107 115 137
