bicycle 0.2093 117 221 226 497
bicycle 0.1127 100 149 319 504
bicycle 0.0075 81 66 231 512
bicycle 0.0064 111 268 183 501
bicycle 0.0044 182 284 226 424
bicycle 0.0032 128 340 172 495
bicycle 0.0028 126 289 210 466
bicycle 0.0018 123 298 286 501
bicycle 0.0013 153 309 227 494
bottle 0.0029 230 424 332 498
bottle 0.0016 182 373 210 421
bus 0.0013 242 278 338 501
car 0.0279 229 255 339 491
car 0.0020 172 298 327 509
cat 0.0145 239 432 329 499
chair 0.0012 188 429 298 499
dog 0.0604 231 431 333 500
dog 0.0012 234 478 331 499
motorbike 0.0971 229 -1 333 76
motorbike 0.0738 101 154 338 510
motorbike 0.0598 21 137 87 252
motorbike 0.0544 237 0 332 34
motorbike 0.0210 227 166 334 313
motorbike 0.0144 22 176 73 251
motorbike 0.0129 84 0 336 266
motorbike 0.0112 178 2 334 160
motorbike 0.0098 178 107 341 408
motorbike 0.0085 256 205 333 304
motorbike 0.0073 216 192 336 495
motorbike 0.0065 272 -1 334 63
motorbike 0.0064 31 177 108 254
motorbike 0.0049 35 1 343 437
motorbike 0.0047 123 140 326 331
motorbike 0.0037 295 231 332 297
motorbike 0.0033 80 0 233 227
motorbike 0.0021 9 -3 192 238
motorbike 0.0020 159 46 333 224
motorbike 0.0019 288 0 333 29
motorbike 0.0016 250 93 339 347
motorbike 0.0012 60 95 312 221
motorbike 0.0010 288 175 337 323
person 0.0402 82 138 116 258
person 0.0381 122 -1 233 111
person 0.0298 202 0 250 92
person 0.0260 23 102 97 248
person 0.0239 163 0 246 95
person 0.0181 82 137 103 184
person 0.0172 256 0 336 24
person 0.0110 77 125 108 216
person 0.0109 69 21 235 506
person 0.0101 228 430 326 499
person 0.0100 189 0 304 92
person 0.0088 24 179 67 251
person 0.0085 235 0 318 31
person 0.0084 87 150 136 270
person 0.0078 85 141 102 170
person 0.0078 198 311 218 390
person 0.0074 76 117 100 169
person 0.0069 46 110 96 203
person 0.0063 104 -2 311 171
person 0.0054 205 0 263 48
person 0.0050 228 0 275 31
person 0.0047 291 0 337 21
person 0.0046 84 181 108 260
person 0.0044 108 1 190 128
person 0.0037 50 177 109 259
person 0.0035 76 115 94 153
person 0.0031 154 0 250 46
person 0.0029 200 289 225 400
person 0.0029 91 140 111 202
person 0.0027 273 0 337 44
person 0.0027 107 143 214 473
person 0.0024 218 0 275 68
person 0.0020 103 -1 211 37
person 0.0018 90 112 156 353
person 0.0016 205 0 269 23
person 0.0016 230 -1 323 58
person 0.0016 54 110 97 155
person 0.0015 90 216 105 258
person 0.0013 69 96 180 273
person 0.0012 72 105 108 160
person 0.0012 138 11 207 140
person 0.0012 60 92 132 197
person 0.0012 147 0 225 32
person 0.0012 47 187 76 251
person 0.0011 297 225 332 284
person 0.0011 102 0 138 47
person 0.0011 310 0 333 26
person 0.0010 172 166 323 489
person 0.0010 272 0 342 12
tvmonitor 0.0227 224 280 336 493
