bird 0.0017 108 18 155 71
cat 0.6788 155 45 385 292
cat 0.0110 52 -13 375 365
cat 0.0062 301 10 495 190
cat 0.0011 283 33 497 304
chair 0.0154 2 143 122 374
chair 0.0147 33 36 371 371
chair 0.0121 352 0 503 211
chair 0.0067 0 147 29 379
chair 0.0052 0 150 62 375
chair 0.0027 0 207 18 380
chair 0.0026 148 3 388 287
person 0.3556 0 112 109 377
person 0.0722 0 124 29 371
person 0.0218 17 110 63 156
person 0.0142 6 110 69 187
person 0.0137 0 110 77 239
person 0.0070 0 87 204 375
person 0.0068 355 -1 500 199
person 0.0026 0 111 49 309
person 0.0023 437 1 498 40
person 0.0014 393 1 498 56
pottedplant 0.0399 246 3 324 108
pottedplant 0.0061 338 -1 502 193
