chair 0.8425 57 255 208 376
chair 0.0937 1 108 137 273
chair 0.0758 381 96 500 305
chair 0.0462 305 241 478 375
chair 0.0111 32 2 390 128
chair 0.0075 -1 3 161 246
chair 0.0070 22 103 412 376
chair 0.0065 377 169 499 373
chair 0.0044 433 88 500 346
chair 0.0034 0 241 74 368
chair 0.0026 -5 9 388 248
chair 0.0024 45 240 149 368
chair 0.0021 377 4 499 109
chair 0.0018 0 11 81 226
chair 0.0016 422 226 499 377
chair 0.0015 457 112 500 300
chair 0.0012 333 307 477 375
chair 0.0012 368 220 471 348
chair 0.0010 375 7 503 245
chair 0.0010 119 200 495 371
diningtable 0.0014 0 249 193 374
pottedplant 0.0342 36 0 145 107
pottedplant 0.0071 2 -3 164 222
pottedplant 0.0010 35 0 123 67
sofa 0.0139 21 245 401 377
sofa 0.0124 30 4 392 127
sofa 0.0026 -5 7 392 249
tvmonitor 0.0121 34 1 394 126
tvmonitor 0.0108 51 78 423 313
tvmonitor 0.0078 153 116 365 256
tvmonitor 0.0075 95 239 474 376
tvmonitor 0.0047 292 280 348 339
tvmonitor 0.0040 192 255 437 356
