bicycle 0.0021 479 215 498 287
bird 0.0146 28 312 62 327
bus 0.9517 31 107 395 282
bus 0.0274 0 51 162 251
bus 0.0134 0 128 9 163
bus 0.0058 0 125 13 178
bus 0.0057 0 113 10 226
bus 0.0036 14 29 248 276
bus 0.0036 3 130 71 224
bus 0.0030 162 115 503 276
bus 0.0028 4 55 107 209
bus 0.0018 0 122 7 189
bus 0.0013 0 106 6 167
bus 0.0013 34 120 218 269
person 0.2368 261 152 289 185
person 0.0742 235 151 273 202
person 0.0354 252 153 280 188
person 0.0275 122 126 355 247
person 0.0263 244 147 296 201
person 0.0115 149 190 162 226
person 0.0094 476 200 496 284
person 0.0063 228 149 252 193
person 0.0046 473 192 495 233
person 0.0042 269 156 303 187
person 0.0034 244 161 284 211
person 0.0030 41 188 52 223
person 0.0020 296 160 312 186
person 0.0020 138 188 161 228
person 0.0018 235 142 271 182
person 0.0018 249 140 347 214
person 0.0016 239 154 266 189
person 0.0015 489 217 499 288
person 0.0015 139 166 169 231
person 0.0015 287 157 308 186
person 0.0014 269 150 292 178
person 0.0013 307 171 347 211
person 0.0011 300 160 335 200
