chair 0.0379 351 66 495 270
chair 0.0214 369 36 494 95
chair 0.0186 114 144 265 339
chair 0.0081 366 35 497 155
chair 0.0060 111 148 372 368
chair 0.0045 0 68 32 350
chair 0.0026 418 13 495 95
chair 0.0025 407 48 492 91
chair 0.0022 0 102 66 339
chair 0.0022 2 55 229 221
chair 0.0014 0 68 142 330
chair 0.0010 398 21 499 235
person 0.0013 0 59 27 357
person 0.0011 0 47 59 325
sofa 0.6340 0 63 226 342
sofa 0.6068 181 49 489 267
sofa 0.0884 337 68 495 269
sofa 0.0432 -1 42 408 324
sofa 0.0159 187 57 407 198
sofa 0.0036 -1 110 144 371
sofa 0.0029 35 49 447 207
tvmonitor 0.0514 117 145 375 351
tvmonitor 0.0099 126 154 288 310
