bird 0.0138 20 35 204 96
bird 0.0132 15 60 161 104
bird 0.0071 2 67 119 111
bird 0.0068 64 49 171 91
bird 0.0030 52 73 104 105
bird 0.0030 75 11 218 94
bird 0.0019 -6 23 270 132
bird 0.0017 57 64 123 98
bird 0.0013 -2 77 87 117
bottle 0.0012 267 -6 341 381
cat 0.4602 -3 143 317 501
cat 0.0010 233 130 344 487
chair 0.0015 259 277 343 499
dog 0.0122 -1 256 311 504
horse 0.0120 0 256 312 503
person 0.0037 212 396 234 440
person 0.0021 -1 444 42 500
person 0.0012 231 3 354 502
person 0.0010 -3 467 37 498
