bird 0.5795 404 324 454 349
bird 0.0041 440 314 454 324
bird 0.0024 320 311 338 323
bird 0.0020 437 315 455 329
bird 0.0015 303 347 328 363
bird 0.0012 418 326 447 347
boat 0.4000 55 22 281 223
boat 0.3278 19 52 504 253
boat 0.0358 2 183 96 234
boat 0.0153 51 48 220 183
boat 0.0098 58 128 316 242
boat 0.0095 45 134 481 283
boat 0.0075 1 133 100 236
boat 0.0048 213 179 377 246
boat 0.0045 20 177 96 217
boat 0.0038 50 129 116 169
boat 0.0029 232 149 442 249
boat 0.0026 0 204 79 239
boat 0.0024 51 109 207 222
boat 0.0024 292 130 322 168
boat 0.0023 35 80 141 171
boat 0.0021 267 117 326 181
boat 0.0019 27 -3 398 192
boat 0.0018 0 151 24 235
boat 0.0018 140 67 515 187
boat 0.0013 51 132 106 196
boat 0.0013 15 56 173 162
boat 0.0013 0 188 38 237
person 0.5302 351 189 368 238
person 0.1775 304 189 319 225
person 0.0630 305 194 325 236
person 0.0351 309 192 349 239
person 0.0254 296 188 335 238
person 0.0201 319 204 345 237
person 0.0129 283 188 311 238
person 0.0127 326 198 358 236
person 0.0087 287 137 322 167
person 0.0067 275 180 352 242
person 0.0043 308 189 332 217
person 0.0027 297 189 315 220
person 0.0022 290 127 321 200
person 0.0021 237 91 245 103
person 0.0016 357 188 374 237
person 0.0016 339 187 377 239
person 0.0015 146 93 172 125
person 0.0013 344 199 366 237
person 0.0013 315 195 339 228
person 0.0010 237 88 247 106
train 0.1665 352 76 498 109
train 0.0015 357 86 503 139
train 0.0014 289 72 496 120
