bottle 0.0132 231 0 298 17
bottle 0.0128 178 0 316 34
bottle 0.0069 215 -1 291 27
bottle 0.0040 258 0 329 18
bottle 0.0037 286 0 322 18
bottle 0.0022 252 0 278 15
bottle 0.0016 271 0 311 16
bottle 0.0015 220 0 286 11
cat 0.0093 150 422 370 498
chair 0.3731 48 219 352 490
chair 0.3317 29 2 365 500
chair 0.1695 1 0 293 222
chair 0.0758 243 17 377 420
chair 0.0684 172 81 374 495
chair 0.0478 279 117 373 467
chair 0.0448 0 14 208 322
chair 0.0116 120 6 320 244
chair 0.0088 133 404 370 498
chair 0.0080 2 71 115 345
chair 0.0026 218 182 374 439
chair 0.0024 296 50 378 313
chair 0.0024 91 174 350 400
chair 0.0019 1 67 68 304
chair 0.0019 115 326 375 500
chair 0.0015 306 0 375 17
chair 0.0015 4 105 186 463
chair 0.0015 1 0 105 230
chair 0.0014 24 100 325 328
chair 0.0012 187 30 373 282
diningtable 0.0069 256 7 378 335
diningtable 0.0024 172 1 379 260
dog 0.0087 138 422 372 500
person 0.1072 3 0 295 195
person 0.0120 164 0 303 39
person 0.0051 -1 0 298 94
person 0.0050 279 0 372 29
person 0.0049 279 0 330 19
person 0.0047 141 2 346 193
person 0.0029 89 0 311 60
person 0.0020 181 -2 362 49
person 0.0019 253 0 317 18
person 0.0018 293 0 365 18
person 0.0015 1 1 106 232
pottedplant 0.0343 258 23 376 451
pottedplant 0.0040 269 141 373 380
