aeroplane 0.8331 161 49 346 117
aeroplane 0.0162 155 68 274 118
bicycle 0.0466 0 193 24 262
bicycle 0.0068 0 181 24 330
bicycle 0.0025 0 180 15 254
bicycle 0.0021 0 186 7 257
bicycle 0.0016 0 214 22 251
bicycle 0.0011 0 153 32 285
chair 0.0272 242 210 462 374
chair 0.0122 156 270 306 375
chair 0.0074 138 202 369 377
chair 0.0042 245 231 342 377
chair 0.0039 214 262 408 377
chair 0.0013 0 177 20 360
person 0.8193 272 208 499 375
person 0.7623 154 192 279 376
person 0.0103 121 192 385 377
person 0.0063 172 194 250 280
person 0.0057 165 193 297 294
person 0.0014 281 210 447 319
person 0.0011 -3 191 302 380
sofa 0.0139 111 205 512 376
sofa 0.0105 -1 189 168 379
