boat 0.7678 291 153 449 243
boat 0.5350 85 170 253 265
boat 0.4465 203 117 295 191
boat 0.3535 89 108 259 252
boat 0.1141 157 118 283 211
boat 0.0648 310 148 447 199
boat 0.0459 177 142 258 204
boat 0.0444 173 184 251 234
boat 0.0394 244 136 292 184
boat 0.0247 139 252 225 269
boat 0.0165 351 155 441 188
boat 0.0162 375 184 445 208
boat 0.0159 186 162 255 190
boat 0.0136 165 167 243 203
boat 0.0093 139 144 272 250
boat 0.0087 29 213 487 337
boat 0.0081 188 194 252 223
boat 0.0060 372 170 447 200
boat 0.0059 287 218 451 251
boat 0.0053 128 235 232 269
boat 0.0045 289 171 388 224
boat 0.0044 390 178 442 202
boat 0.0042 389 156 446 193
boat 0.0038 170 119 249 188
boat 0.0036 289 122 436 216
boat 0.0034 234 194 250 209
boat 0.0033 158 127 389 243
boat 0.0033 464 152 487 182
boat 0.0030 108 116 524 256
boat 0.0028 243 119 292 169
boat 0.0028 222 131 327 236
boat 0.0026 351 162 445 211
boat 0.0025 225 145 296 192
boat 0.0023 412 152 448 189
boat 0.0022 317 158 410 189
boat 0.0022 212 117 270 176
boat 0.0021 408 168 443 200
boat 0.0020 251 173 397 244
boat 0.0017 87 222 250 274
boat 0.0015 199 144 270 187
boat 0.0015 164 164 234 185
boat 0.0014 245 140 296 228
boat 0.0013 210 148 276 219
boat 0.0012 202 164 262 181
boat 0.0011 224 196 253 218
boat 0.0010 165 243 228 264
boat 0.0010 255 173 306 234
boat 0.0010 357 156 434 172
