aeroplane 0.0076 210 66 242 86
aeroplane 0.0035 161 126 207 140
aeroplane 0.0027 205 69 246 93
aeroplane 0.0013 236 86 250 96
aeroplane 0.0013 231 82 251 96
aeroplane 0.0012 206 114 240 141
aeroplane 0.0010 204 68 232 84
bird 0.0024 293 0 315 26
car 0.1355 3 222 57 242
car 0.0162 260 210 304 237
car 0.0147 17 227 57 240
car 0.0064 33 229 53 239
car 0.0022 27 225 74 240
car 0.0012 49 226 73 239
person 0.0040 360 194 378 235
person 0.0024 361 212 371 235
person 0.0019 365 188 390 238
person 0.0017 219 233 234 279
person 0.0016 366 212 377 235
person 0.0012 371 209 379 234
person 0.0011 75 216 92 277
train 0.6059 138 204 277 254
train 0.0936 380 179 404 223
train 0.0809 170 208 340 244
train 0.0451 255 209 302 237
train 0.0306 2 220 54 242
train 0.0186 135 203 389 264
train 0.0179 472 185 497 218
train 0.0101 220 209 268 243
train 0.0087 107 131 455 326
train 0.0063 242 194 324 245
train 0.0059 298 185 324 226
train 0.0047 139 208 177 255
train 0.0046 1 289 190 374
train 0.0037 140 210 220 262
train 0.0035 287 198 319 230
train 0.0033 476 164 499 220
train 0.0031 388 180 412 224
train 0.0031 361 182 400 228
train 0.0027 82 197 227 262
train 0.0025 157 213 290 287
train 0.0021 361 188 380 232
train 0.0019 480 197 500 219
train 0.0017 214 90 507 349
train 0.0016 466 194 490 216
train 0.0015 225 208 308 240
train 0.0015 300 188 346 226
train 0.0013 -2 182 222 271
train 0.0013 -9 146 295 299
train 0.0012 -4 199 199 360
train 0.0012 176 207 262 244
train 0.0012 475 96 500 244
train 0.0012 0 200 63 242
train 0.0012 282 174 345 236
train 0.0012 159 193 292 238
train 0.0011 195 203 276 234
train 0.0011 100 247 194 341
train 0.0010 334 168 423 244
train 0.0010 0 217 99 243
