bicycle 0.8847 67 272 202 415
bicycle 0.0323 83 266 152 403
bicycle 0.0108 87 248 136 369
bicycle 0.0032 85 272 186 347
bicycle 0.0020 126 259 205 406
bicycle 0.0010 86 270 121 349
person 0.8581 191 222 222 331
person 0.8102 12 232 46 318
person 0.7830 94 180 198 393
person 0.6434 237 229 277 315
person 0.6429 84 220 118 327
person 0.4413 212 222 246 324
person 0.2180 36 235 56 316
person 0.1590 85 220 115 277
person 0.1106 0 249 15 304
person 0.0918 85 206 141 344
person 0.0252 2 233 29 311
person 0.0124 210 219 228 262
person 0.0066 210 220 225 245
person 0.0066 -1 247 10 290
person 0.0048 122 189 216 356
person 0.0043 241 229 276 276
person 0.0036 190 219 283 324
person 0.0030 211 218 236 295
person 0.0030 197 220 225 286
person 0.0029 258 242 279 313
person 0.0017 90 212 135 276
person 0.0012 148 221 260 342
person 0.0012 162 202 206 343
person 0.0011 224 233 266 302
person 0.0010 201 235 238 332
