boat 0.0013 33 193 256 354
bottle 0.4829 272 307 289 363
bottle 0.0041 65 193 104 270
car 0.5938 21 121 355 296
car 0.1437 20 153 58 220
car 0.1197 66 117 219 347
car 0.0785 18 145 101 227
car 0.0433 182 136 354 277
car 0.0361 23 129 188 241
car 0.0110 48 155 108 260
person 0.7907 62 119 193 351
person 0.0140 148 117 189 271
person 0.0118 61 186 102 271
person 0.0118 112 114 191 299
person 0.0046 117 152 219 348
person 0.0027 141 178 194 348
person 0.0020 68 194 104 246
person 0.0011 57 113 285 242
pottedplant 0.0152 0 430 38 500
pottedplant 0.0028 0 387 47 503
