bird 0.0055 51 146 99 185
bottle 0.0020 178 228 258 295
car 0.0911 200 185 255 206
chair 0.2859 193 233 318 297
chair 0.0160 0 252 84 295
chair 0.0056 0 213 90 298
chair 0.0020 189 230 250 294
chair 0.0011 -2 278 121 397
chair 0.0011 0 141 80 321
diningtable 0.0100 83 225 340 298
diningtable 0.0074 145 235 460 296
diningtable 0.0069 282 260 491 297
diningtable 0.0053 -3 246 294 297
diningtable 0.0022 -26 184 336 292
pottedplant 0.6083 264 69 348 207
pottedplant 0.5556 48 39 145 234
pottedplant 0.4179 314 57 367 207
pottedplant 0.1593 324 108 363 204
pottedplant 0.0777 53 145 123 250
pottedplant 0.0754 201 183 259 206
pottedplant 0.0639 278 40 377 227
pottedplant 0.0444 6 139 59 207
pottedplant 0.0217 329 15 462 265
pottedplant 0.0159 0 173 17 206
pottedplant 0.0154 2 54 63 215
pottedplant 0.0131 37 135 100 197
pottedplant 0.0112 181 223 306 292
pottedplant 0.0104 271 167 312 207
pottedplant 0.0093 1 153 75 260
pottedplant 0.0085 288 48 425 268
pottedplant 0.0080 75 34 154 186
pottedplant 0.0073 188 70 359 212
pottedplant 0.0069 85 12 141 48
pottedplant 0.0060 179 66 280 160
pottedplant 0.0058 81 12 151 125
pottedplant 0.0057 269 109 318 210
pottedplant 0.0057 0 27 31 213
pottedplant 0.0056 11 90 117 241
pottedplant 0.0053 98 45 161 125
pottedplant 0.0051 0 123 28 210
pottedplant 0.0050 3 130 87 221
pottedplant 0.0045 262 81 331 164
pottedplant 0.0043 318 13 412 224
pottedplant 0.0041 0 45 19 192
pottedplant 0.0034 -3 34 117 206
pottedplant 0.0032 0 163 39 227
pottedplant 0.0030 12 165 56 210
pottedplant 0.0030 99 209 334 291
pottedplant 0.0028 124 63 163 111
pottedplant 0.0026 0 182 94 299
pottedplant 0.0025 81 118 126 217
pottedplant 0.0023 316 89 385 263
pottedplant 0.0023 313 142 357 205
pottedplant 0.0023 0 179 11 205
pottedplant 0.0022 267 133 341 221
pottedplant 0.0022 131 66 306 195
pottedplant 0.0022 0 153 22 209
pottedplant 0.0021 91 154 126 196
pottedplant 0.0020 30 185 134 263
pottedplant 0.0017 275 149 321 204
pottedplant 0.0017 288 125 352 205
pottedplant 0.0016 323 48 360 99
pottedplant 0.0015 281 111 362 241
pottedplant 0.0014 146 67 165 110
pottedplant 0.0013 0 50 16 111
pottedplant 0.0013 50 48 124 172
pottedplant 0.0012 391 -4 499 274
pottedplant 0.0012 72 55 247 220
pottedplant 0.0011 295 5 335 38
pottedplant 0.0011 82 16 113 45
pottedplant 0.0011 198 179 310 230
pottedplant 0.0011 83 72 141 230
pottedplant 0.0011 205 178 299 206
pottedplant 0.0010 263 162 318 230
pottedplant 0.0010 0 146 9 208
