bottle 0.5192 239 283 255 335
bottle 0.3051 385 236 400 276
bottle 0.1409 322 255 334 279
bottle 0.1157 348 274 380 339
bottle 0.0080 296 223 307 253
bottle 0.0075 330 272 389 344
bottle 0.0056 377 240 391 274
bottle 0.0051 277 202 284 216
bottle 0.0047 226 218 236 234
bottle 0.0038 312 248 326 279
bottle 0.0034 169 258 186 306
bottle 0.0031 280 241 299 287
bottle 0.0030 422 241 438 258
bottle 0.0024 276 201 287 225
bottle 0.0023 320 251 331 276
bottle 0.0021 391 235 403 269
bottle 0.0020 297 296 310 331
bottle 0.0017 370 242 413 281
bottle 0.0016 417 264 427 277
bottle 0.0015 265 250 272 265
bottle 0.0014 348 255 363 276
bottle 0.0014 300 231 318 277
bottle 0.0012 263 278 277 298
bottle 0.0012 265 298 287 317
bottle 0.0010 290 177 302 205
bottle 0.0010 252 235 261 261
bottle 0.0010 276 217 292 246
chair 0.0090 485 238 499 279
chair 0.0083 463 235 493 269
chair 0.0058 471 239 498 277
chair 0.0044 416 273 500 373
chair 0.0024 330 266 500 371
chair 0.0019 456 243 491 283
chair 0.0018 460 241 500 358
chair 0.0015 171 261 186 307
chair 0.0015 486 243 500 370
chair 0.0012 424 317 501 374
chair 0.0010 446 237 498 291
diningtable 0.2440 187 295 483 373
diningtable 0.0049 281 268 501 368
diningtable 0.0017 331 260 498 337
pottedplant 0.8343 456 199 495 261
pottedplant 0.1526 190 157 257 183
pottedplant 0.0828 403 198 415 223
pottedplant 0.0695 402 184 413 222
pottedplant 0.0528 248 112 345 137
pottedplant 0.0482 321 255 335 279
pottedplant 0.0173 184 155 263 209
pottedplant 0.0130 0 117 22 348
pottedplant 0.0116 404 151 415 171
pottedplant 0.0089 289 117 347 136
pottedplant 0.0088 486 126 499 235
pottedplant 0.0076 485 228 499 266
pottedplant 0.0070 188 161 234 187
pottedplant 0.0063 478 196 499 260
pottedplant 0.0059 465 223 499 264
pottedplant 0.0054 432 164 450 197
pottedplant 0.0045 191 163 220 183
pottedplant 0.0045 188 161 301 195
pottedplant 0.0042 0 145 14 315
pottedplant 0.0035 254 112 299 133
pottedplant 0.0035 184 153 297 234
pottedplant 0.0032 0 241 16 319
pottedplant 0.0028 459 198 490 234
pottedplant 0.0028 255 169 300 199
pottedplant 0.0027 259 168 295 186
pottedplant 0.0025 492 194 499 262
pottedplant 0.0024 457 236 493 274
pottedplant 0.0022 0 70 61 345
pottedplant 0.0022 171 114 294 296
pottedplant 0.0018 461 213 491 250
pottedplant 0.0018 443 227 474 261
pottedplant 0.0018 241 108 349 164
pottedplant 0.0017 185 169 208 184
pottedplant 0.0015 401 177 411 211
pottedplant 0.0015 0 94 17 248
pottedplant 0.0013 241 112 313 151
pottedplant 0.0012 413 195 509 268
pottedplant 0.0011 184 172 199 183
pottedplant 0.0011 210 168 247 248
tvmonitor 0.0033 486 118 500 232
tvmonitor 0.0022 195 234 235 295
tvmonitor 0.0016 490 159 500 234
