bottle 0.0056 76 186 225 308
bottle 0.0012 98 189 197 269
chair 0.1095 92 180 244 474
chair 0.0368 141 258 246 468
chair 0.0171 60 182 144 317
chair 0.0157 70 179 117 235
chair 0.0127 35 260 132 325
chair 0.0113 35 216 157 347
chair 0.0017 70 181 141 257
chair 0.0017 17 321 270 492
chair 0.0013 35 277 77 325
diningtable 0.0115 19 271 240 494
diningtable 0.0078 11 372 219 496
diningtable 0.0024 30 302 186 435
person 0.5654 77 179 240 448
person 0.0399 55 178 196 358
person 0.0105 34 189 147 331
person 0.0014 22 193 191 468
tvmonitor 0.0010 41 258 124 319
