chair 0.8607 372 152 455 253
chair 0.6982 275 139 340 208
chair 0.0991 416 204 499 378
chair 0.0390 0 193 35 304
chair 0.0263 301 158 339 209
chair 0.0236 0 187 18 302
chair 0.0183 201 139 308 254
chair 0.0124 275 138 337 172
chair 0.0104 483 130 499 189
chair 0.0094 266 152 314 201
chair 0.0094 0 184 67 304
chair 0.0071 485 122 500 243
chair 0.0057 243 139 333 233
chair 0.0048 445 116 500 281
chair 0.0043 227 145 307 213
chair 0.0024 -3 298 123 375
chair 0.0020 422 175 501 295
chair 0.0017 83 158 239 298
chair 0.0016 471 126 499 203
chair 0.0014 464 150 499 311
chair 0.0012 0 203 7 289
chair 0.0010 0 227 27 310
chair 0.0010 301 143 342 191
chair 0.0010 492 128 499 212
diningtable 0.0061 -1 192 85 308
diningtable 0.0027 0 294 133 374
diningtable 0.0026 231 196 397 315
pottedplant 0.4376 6 159 78 219
pottedplant 0.2827 1 159 89 297
pottedplant 0.0736 0 195 17 232
pottedplant 0.0313 -1 185 37 289
pottedplant 0.0249 0 169 17 224
pottedplant 0.0243 0 184 17 285
pottedplant 0.0129 6 194 38 221
pottedplant 0.0101 0 164 34 221
pottedplant 0.0084 0 191 26 221
pottedplant 0.0027 0 194 12 219
pottedplant 0.0026 0 187 11 256
pottedplant 0.0012 32 151 116 292
pottedplant 0.0010 0 153 10 228
sofa 0.7209 79 148 316 286
sofa 0.3898 416 183 499 370
sofa 0.0021 463 123 500 262
sofa 0.0015 143 141 317 237
sofa 0.0011 458 171 499 369
