bottle 0.0750 471 119 483 156
bottle 0.0168 0 141 99 280
bottle 0.0128 240 162 258 203
bottle 0.0064 27 135 118 210
bottle 0.0057 75 141 103 206
bottle 0.0036 29 162 100 250
bottle 0.0025 7 107 165 278
bottle 0.0019 0 193 11 296
bottle 0.0017 48 176 92 242
bottle 0.0015 0 170 53 324
bottle 0.0014 53 146 102 232
bottle 0.0010 124 60 347 310
chair 0.0226 226 -7 503 216
chair 0.0162 0 194 82 376
chair 0.0120 335 9 500 293
chair 0.0072 418 49 500 306
chair 0.0064 64 2 153 61
chair 0.0031 64 85 325 381
chair 0.0031 0 1 72 188
chair 0.0026 73 20 493 358
chair 0.0023 0 28 48 237
chair 0.0022 220 9 371 196
chair 0.0020 425 142 500 353
chair 0.0015 455 72 500 316
diningtable 0.0173 221 -7 503 255
diningtable 0.0078 0 200 83 372
person 0.7872 65 47 326 368
person 0.0725 0 131 98 266
person 0.0136 39 139 100 195
person 0.0064 -6 52 184 356
person 0.0059 177 15 495 373
person 0.0049 -1 50 84 248
person 0.0044 0 99 54 301
person 0.0037 20 135 105 221
person 0.0034 0 87 154 263
person 0.0020 3 146 92 198
person 0.0017 1 114 67 232
person 0.0017 16 45 241 263
person 0.0015 0 6 34 307
person 0.0012 228 25 359 362
person 0.0011 0 99 17 341
person 0.0010 69 138 103 193
