bicycle 0.0037 412 59 499 306
bicycle 0.0028 286 109 499 343
bottle 0.0030 405 298 448 344
bus 0.2516 0 -6 503 352
bus 0.0037 0 20 29 321
bus 0.0028 1 -12 243 327
bus 0.0026 4 31 110 326
bus 0.0023 0 5 55 313
bus 0.0016 435 87 500 178
car 0.4823 13 -2 497 347
car 0.0233 432 82 500 271
car 0.0067 453 128 500 283
car 0.0021 286 97 499 345
chair 0.0088 439 129 500 307
chair 0.0054 386 117 500 323
chair 0.0037 315 159 499 341
chair 0.0030 463 148 499 340
person 0.0037 0 8 15 331
person 0.0031 463 130 500 328
person 0.0028 293 160 495 339
person 0.0023 0 39 10 178
person 0.0019 483 141 500 293
person 0.0013 0 37 30 324
person 0.0012 54 -60 119 -10
person 0.0010 77 -58 144 -15
person 0.0010 114 146 140 195
