bicycle 0.0028 236 431 347 500
bicycle 0.0021 232 464 345 500
bicycle 0.0011 231 368 346 501
bird 0.2765 28 26 333 500
bird 0.0768 47 46 190 324
bird 0.0180 40 -3 335 279
bird 0.0143 159 0 342 230
bird 0.0110 12 1 189 190
bird 0.0015 -13 36 201 496
bird 0.0011 280 72 344 265
bottle 0.0027 211 468 332 500
bottle 0.0016 207 10 351 475
bottle 0.0011 239 436 345 499
car 0.0105 283 325 345 445
car 0.0036 266 287 344 402
car 0.0015 298 331 345 374
cat 0.1192 8 41 322 505
dog 0.1040 16 41 332 509
dog 0.0016 -2 265 327 500
motorbike 0.0011 239 436 345 499
person 0.0180 271 305 346 460
person 0.0178 179 295 341 499
person 0.0061 265 301 324 384
person 0.0022 269 310 307 371
person 0.0019 28 199 53 227
person 0.0016 203 13 353 474
person 0.0015 248 280 320 430
person 0.0015 234 369 346 502
tvmonitor 0.0027 0 116 53 176
tvmonitor 0.0010 0 113 65 225
