bottle 0.0588 370 236 393 282
bottle 0.0183 363 220 417 323
bottle 0.0141 64 292 99 334
bottle 0.0126 381 242 503 336
bottle 0.0125 417 296 437 333
bottle 0.0094 354 213 405 254
bottle 0.0093 367 225 407 274
bottle 0.0085 339 206 398 245
bottle 0.0069 435 262 499 331
bottle 0.0066 169 268 223 326
bottle 0.0047 280 266 360 332
bottle 0.0046 100 281 195 334
bottle 0.0039 368 231 390 312
bottle 0.0037 345 207 437 262
bottle 0.0037 105 292 162 331
bottle 0.0035 137 284 206 330
bottle 0.0031 282 299 362 334
bottle 0.0029 150 263 260 331
bottle 0.0026 325 106 396 142
bottle 0.0024 323 190 459 278
bottle 0.0020 489 109 500 237
bottle 0.0017 104 248 317 329
bottle 0.0017 325 214 462 329
bottle 0.0014 484 70 500 327
bottle 0.0014 491 131 500 208
bottle 0.0012 358 212 383 239
bottle 0.0012 398 283 487 333
bottle 0.0011 372 249 411 331
bottle 0.0011 371 219 406 246
bottle 0.0011 112 307 154 330
bottle 0.0010 458 254 499 319
chair 0.0038 382 90 502 211
chair 0.0038 234 102 264 149
chair 0.0035 27 123 182 328
chair 0.0034 417 86 500 324
chair 0.0029 371 185 499 335
chair 0.0020 255 75 300 112
chair 0.0016 187 34 228 108
chair 0.0012 380 102 452 145
chair 0.0011 108 134 233 311
chair 0.0010 221 109 285 156
diningtable 0.0024 226 104 290 152
diningtable 0.0022 82 231 386 332
dog 0.0017 333 209 398 253
person 0.5166 159 117 313 292
person 0.2838 266 136 497 266
person 0.2224 34 89 232 331
person 0.1948 266 136 322 189
person 0.1335 216 136 459 325
person 0.1300 110 111 231 240
person 0.1186 215 120 315 196
person 0.1116 41 91 213 217
person 0.0745 171 114 308 216
person 0.0556 228 113 298 170
person 0.0515 264 133 343 210
person 0.0504 201 131 369 291
person 0.0489 285 104 390 159
person 0.0444 255 114 318 166
person 0.0352 264 103 482 213
person 0.0336 247 113 291 154
person 0.0333 251 115 375 203
person 0.0279 208 125 323 247
person 0.0234 274 113 313 155
person 0.0232 278 116 362 172
person 0.0192 277 124 327 171
person 0.0174 260 112 301 147
person 0.0164 314 156 497 333
person 0.0158 38 167 187 326
person 0.0123 291 180 426 267
person 0.0112 294 96 433 147
person 0.0110 269 110 334 147
person 0.0105 304 123 375 165
person 0.0101 273 75 329 128
person 0.0093 283 114 307 139
person 0.0088 268 133 396 239
person 0.0082 67 154 354 327
person 0.0080 297 94 496 174
person 0.0069 21 52 228 169
person 0.0063 339 204 397 246
person 0.0062 237 86 299 149
person 0.0062 188 33 228 112
person 0.0056 232 105 338 180
person 0.0047 259 119 285 152
person 0.0046 128 97 213 209
person 0.0039 272 70 456 157
person 0.0037 127 112 257 306
person 0.0036 350 223 500 334
person 0.0035 200 152 284 309
person 0.0029 274 125 412 183
person 0.0028 195 32 227 71
person 0.0025 254 132 330 262
person 0.0024 483 77 500 342
person 0.0024 273 161 413 329
person 0.0023 315 103 399 145
person 0.0022 383 83 502 308
person 0.0020 111 238 363 331
person 0.0020 2 39 202 268
person 0.0019 271 112 295 141
person 0.0016 179 5 188 18
person 0.0015 281 136 347 177
person 0.0014 159 82 274 198
person 0.0014 231 102 285 154
person 0.0014 166 1 178 17
person 0.0013 167 35 228 155
person 0.0013 196 249 295 331
person 0.0012 323 121 392 154
person 0.0012 162 124 242 248
person 0.0011 466 60 500 310
person 0.0010 183 105 289 173
person 0.0010 324 191 395 236
person 0.0010 208 63 280 161
person 0.0010 184 124 274 270
person 0.0010 233 77 349 144
pottedplant 0.0101 235 25 277 44
pottedplant 0.0010 165 1 178 17
pottedplant 0.0010 241 21 274 39
tvmonitor 0.2489 5 36 168 133
tvmonitor 0.0359 290 72 330 117
tvmonitor 0.0352 45 -3 125 23
tvmonitor 0.0174 436 87 499 195
tvmonitor 0.0087 178 31 206 94
tvmonitor 0.0049 194 34 228 90
tvmonitor 0.0040 180 32 223 104
tvmonitor 0.0028 4 30 187 206
tvmonitor 0.0021 275 29 325 59
tvmonitor 0.0019 488 105 500 215
