bottle 0.0186 251 175 278 238
bottle 0.0129 261 141 284 188
bottle 0.0073 178 188 200 239
bottle 0.0062 238 169 287 245
bottle 0.0055 201 134 233 178
bottle 0.0049 245 101 315 191
bottle 0.0040 194 150 327 309
bottle 0.0035 255 143 276 187
bottle 0.0035 162 176 184 236
bottle 0.0026 254 147 282 212
bottle 0.0025 242 140 299 215
bottle 0.0020 195 115 229 154
bottle 0.0017 293 334 484 377
bottle 0.0016 76 225 203 373
bottle 0.0015 254 184 275 221
bottle 0.0013 139 139 292 229
bottle 0.0012 192 125 240 170
bottle 0.0011 203 123 225 157
bottle 0.0011 181 112 251 182
bottle 0.0011 196 131 228 164
bottle 0.0010 161 161 195 232
bottle 0.0010 148 184 225 243
diningtable 0.2494 75 163 368 371
diningtable 0.0186 114 206 507 377
diningtable 0.0162 76 140 395 283
diningtable 0.0089 35 253 396 379
diningtable 0.0046 209 111 417 359
diningtable 0.0033 87 152 308 252
diningtable 0.0018 -3 319 339 380
diningtable 0.0015 97 295 476 383
diningtable 0.0011 153 140 325 232
person 0.8396 162 70 260 164
person 0.7204 -2 116 99 375
person 0.6313 75 83 157 208
person 0.5601 320 151 502 375
person 0.5549 306 88 389 212
person 0.4531 383 86 467 170
person 0.4510 268 83 341 182
person 0.1354 118 90 166 174
person 0.1163 371 86 500 245
person 0.0581 326 89 384 162
person 0.0412 281 84 331 144
person 0.0262 12 118 195 373
person 0.0241 298 100 420 359
person 0.0174 63 88 164 290
person 0.0134 321 88 453 253
person 0.0128 0 105 108 258
person 0.0111 401 112 502 348
person 0.0100 -1 122 19 367
person 0.0096 99 88 202 199
person 0.0085 123 88 156 146
person 0.0080 -2 122 40 370
person 0.0077 233 81 325 174
person 0.0073 204 175 478 373
person 0.0066 291 89 366 183
person 0.0057 79 85 149 150
person 0.0056 0 118 26 215
person 0.0053 57 146 279 364
person 0.0043 456 149 504 371
person 0.0041 81 150 185 359
person 0.0040 366 88 446 222
person 0.0038 251 102 339 218
person 0.0038 471 90 500 225
person 0.0037 21 86 148 226
person 0.0037 275 84 389 274
person 0.0036 385 99 424 167
person 0.0036 481 141 500 370
person 0.0033 -2 110 70 216
person 0.0033 289 95 335 173
person 0.0029 0 119 6 200
person 0.0020 105 73 262 214
person 0.0017 481 107 500 253
person 0.0016 402 88 450 159
person 0.0015 81 69 181 169
person 0.0014 467 113 504 275
person 0.0014 0 126 16 281
person 0.0013 420 92 502 220
person 0.0013 248 111 390 379
person 0.0012 413 203 502 375
person 0.0012 319 101 335 130
person 0.0011 312 96 341 160
person 0.0010 249 88 317 144
person 0.0010 302 89 338 142
person 0.0010 321 182 393 303
person 0.0010 359 100 432 182
person 0.0010 341 90 409 217
