bicycle 0.0010 204 313 375 501
bottle 0.4458 53 166 77 221
bottle 0.1060 49 144 87 228
bottle 0.0541 24 136 82 252
bottle 0.0124 131 255 256 489
bottle 0.0097 160 242 220 493
bottle 0.0081 56 162 78 201
bottle 0.0074 201 296 309 494
bottle 0.0039 103 268 349 501
bottle 0.0029 57 180 80 232
bottle 0.0013 197 177 355 496
bottle 0.0012 63 274 202 500
bottle 0.0011 60 158 86 210
chair 0.0060 137 154 257 308
chair 0.0056 187 206 256 305
chair 0.0024 158 199 249 269
chair 0.0021 293 262 376 499
chair 0.0016 -2 177 89 489
chair 0.0010 202 312 378 502
diningtable 0.0405 30 260 371 497
diningtable 0.0015 116 314 272 499
person 0.6744 214 45 293 293
person 0.5840 119 101 240 270
person 0.4136 279 10 371 313
person 0.3856 41 107 101 206
person 0.1431 0 110 84 328
person 0.1042 307 56 378 402
person 0.0468 317 7 377 231
person 0.0426 46 133 92 231
person 0.0420 330 2 377 124
person 0.0386 336 0 374 67
person 0.0231 287 18 348 113
person 0.0201 266 18 351 228
person 0.0136 46 117 120 243
person 0.0131 84 111 191 251
person 0.0130 281 10 376 163
person 0.0117 248 58 341 306
person 0.0106 -2 104 55 225
person 0.0106 47 106 89 169
person 0.0104 156 97 231 228
person 0.0084 219 45 287 173
person 0.0063 137 100 206 221
person 0.0055 154 104 284 302
person 0.0054 58 114 216 298
person 0.0054 161 108 183 159
person 0.0050 -2 156 88 464
person 0.0049 3 106 91 206
person 0.0045 292 22 336 87
person 0.0044 62 109 285 455
person 0.0041 250 37 310 257
person 0.0034 243 54 374 407
person 0.0029 286 79 346 254
person 0.0027 279 143 378 475
person 0.0025 192 144 355 487
person 0.0024 54 108 83 150
person 0.0023 -1 195 78 361
person 0.0021 159 102 191 185
person 0.0019 -3 93 199 435
person 0.0017 232 44 279 114
person 0.0016 108 104 178 216
person 0.0015 336 18 373 190
person 0.0015 1 104 42 186
person 0.0015 0 126 44 288
person 0.0014 36 88 86 156
person 0.0014 21 146 82 288
person 0.0013 29 117 153 304
person 0.0012 178 101 248 265
person 0.0012 269 19 326 117
pottedplant 0.0330 59 190 189 495
pottedplant 0.0012 -1 145 163 486
