chair 0.0192 283 188 345 267
chair 0.0090 252 188 344 292
chair 0.0021 216 186 329 255
chair 0.0021 295 190 339 246
chair 0.0013 237 187 305 243
chair 0.0012 271 221 343 303
diningtable 0.0041 -17 248 424 380
pottedplant 0.4771 330 73 390 139
pottedplant 0.3717 238 163 262 192
pottedplant 0.0314 331 83 368 135
pottedplant 0.0279 278 175 291 190
pottedplant 0.0078 325 71 426 161
pottedplant 0.0074 332 74 395 193
pottedplant 0.0073 240 148 276 192
pottedplant 0.0030 240 158 265 183
pottedplant 0.0024 232 156 267 199
pottedplant 0.0022 257 122 282 154
pottedplant 0.0021 328 88 351 132
pottedplant 0.0021 275 174 293 195
pottedplant 0.0017 276 159 293 190
pottedplant 0.0016 444 45 501 151
pottedplant 0.0015 347 76 416 139
pottedplant 0.0012 255 118 294 167
pottedplant 0.0012 253 161 299 199
sofa 0.1994 -2 178 308 274
sofa 0.0738 -3 182 329 367
sofa 0.0034 26 220 489 383
sofa 0.0026 96 172 418 323
tvmonitor 0.0012 0 112 15 201
tvmonitor 0.0012 257 126 280 156
