bottle 0.0023 0 32 88 125
bottle 0.0018 306 28 371 119
bottle 0.0018 246 27 324 122
bottle 0.0018 100 61 203 157
person 0.7010 338 33 498 338
person 0.6804 256 117 421 330
person 0.5564 167 179 276 332
person 0.4147 0 48 110 336
person 0.3757 14 79 206 333
person 0.1206 94 77 261 329
person 0.0367 329 29 449 164
person 0.0187 177 176 266 272
person 0.0085 349 187 434 319
person 0.0078 257 113 364 249
person 0.0076 157 118 373 336
person 0.0069 -4 55 52 334
person 0.0064 76 62 204 247
person 0.0057 -1 62 18 337
person 0.0033 153 135 263 287
person 0.0030 30 67 132 259
person 0.0019 340 174 421 276
person 0.0019 31 159 292 337
person 0.0016 278 28 465 224
person 0.0015 306 29 374 129
person 0.0013 110 65 192 206
person 0.0013 1 39 98 210
person 0.0011 54 85 112 192
person 0.0011 74 97 108 181
