bottle 0.0023 274 313 321 362
bottle 0.0018 217 50 366 208
bottle 0.0011 125 45 401 259
car 0.0023 -2 3 74 87
car 0.0018 0 3 121 148
car 0.0015 9 44 271 205
car 0.0012 1 0 171 98
motorbike 0.2510 20 31 405 373
motorbike 0.0039 30 2 387 191
motorbike 0.0027 190 52 433 375
motorbike 0.0015 145 73 371 289
motorbike 0.0010 37 185 337 373
person 0.1834 321 21 461 376
person 0.0682 366 1 499 363
person 0.0302 427 21 502 374
person 0.0087 344 8 418 192
person 0.0073 31 0 286 156
person 0.0059 62 -2 265 98
person 0.0057 191 21 435 348
person 0.0036 296 10 422 230
person 0.0035 206 48 378 253
person 0.0020 349 11 461 230
person 0.0012 369 -2 412 33
person 0.0011 351 0 413 112
person 0.0010 117 -3 344 110
person 0.0010 243 -1 329 97
