bird 0.5279 206 59 342 295
bird 0.0408 85 78 306 313
bird 0.0266 302 160 341 223
bird 0.0155 374 170 468 268
bird 0.0123 286 145 343 250
bird 0.0121 336 157 494 347
bird 0.0109 332 153 399 251
bird 0.0102 205 65 319 205
bird 0.0061 316 149 415 287
bird 0.0045 152 106 262 319
bird 0.0029 312 154 379 236
bird 0.0026 250 143 429 297
bird 0.0023 263 115 352 294
bird 0.0018 383 164 437 251
bird 0.0016 207 93 285 268
bird 0.0013 182 96 306 328
bird 0.0012 390 157 502 289
bird 0.0011 344 146 445 271
bird 0.0010 296 151 357 283
pottedplant 0.0022 -1 53 231 354
