aeroplane 0.0070 420 127 501 336
aeroplane 0.0012 454 153 503 334
boat 0.0062 0 234 39 328
boat 0.0046 406 112 503 329
boat 0.0014 0 233 26 303
boat 0.0013 437 125 500 293
boat 0.0012 -1 237 54 365
car 0.0367 -2 356 96 378
car 0.0128 432 345 499 375
car 0.0038 7 353 136 385
car 0.0035 390 345 499 385
car 0.0026 -3 323 95 383
car 0.0017 -2 269 70 377
car 0.0017 -2 360 122 426
car 0.0015 407 347 501 440
car 0.0013 0 357 34 376
person 0.6142 146 331 179 376
person 0.2592 187 340 209 375
person 0.1568 151 237 167 290
person 0.1199 333 341 350 376
person 0.0499 243 213 260 258
person 0.0232 345 342 364 375
person 0.0079 327 340 362 378
person 0.0037 352 343 374 376
person 0.0027 158 236 180 290
person 0.0024 247 216 275 259
person 0.0021 322 217 341 257
person 0.0020 327 346 345 376
person 0.0014 269 216 283 259
person 0.0014 175 333 213 381
person 0.0014 153 346 177 375
person 0.0013 161 333 184 374
person 0.0010 238 187 268 260
person 0.0010 334 337 346 368
person 0.0010 219 208 275 267
person 0.0010 127 328 174 374
pottedplant 0.0074 302 263 327 294
pottedplant 0.0032 311 267 329 297
pottedplant 0.0032 -3 173 141 365
pottedplant 0.0031 296 259 334 301
pottedplant 0.0022 -3 172 56 341
pottedplant 0.0020 300 269 319 294
pottedplant 0.0015 328 217 484 371
train 0.0056 206 146 329 263
train 0.0021 337 103 499 361
tvmonitor 0.0012 479 137 499 217
