horse 0.6078 150 125 314 272
horse 0.6015 77 135 127 234
horse 0.4464 345 169 412 216
horse 0.3544 240 130 372 254
horse 0.0244 143 144 241 266
horse 0.0131 345 157 382 214
horse 0.0085 227 129 304 266
horse 0.0051 262 130 327 246
horse 0.0034 287 140 390 227
horse 0.0017 190 130 269 267
horse 0.0015 398 160 414 180
horse 0.0012 63 123 168 241
person 0.8054 74 112 133 200
person 0.7274 205 71 255 212
person 0.3296 277 99 315 199
person 0.1596 368 156 385 197
person 0.0903 359 155 393 205
person 0.0746 286 101 314 167
person 0.0342 348 154 382 211
person 0.0226 287 103 311 136
person 0.0196 209 74 250 152
person 0.0072 264 105 325 241
person 0.0069 183 73 279 223
person 0.0048 292 103 317 144
person 0.0031 277 98 319 147
person 0.0024 251 104 368 223
person 0.0023 79 114 123 170
person 0.0019 281 110 337 212
person 0.0018 367 154 405 197
person 0.0016 353 162 376 200
person 0.0013 369 157 383 178
person 0.0012 360 152 384 186
person 0.0012 290 103 326 193
person 0.0010 295 110 316 191
