bicycle 0.6493 214 236 294 377
bicycle 0.0120 227 285 288 376
bicycle 0.0025 407 174 452 306
bicycle 0.0024 145 221 216 315
bicycle 0.0015 171 224 252 327
bicycle 0.0011 182 225 228 310
bicycle 0.0010 201 214 296 327
bottle 0.0015 263 199 280 233
chair 0.0308 343 260 458 377
chair 0.0113 385 265 448 369
chair 0.0071 370 236 496 377
chair 0.0044 423 295 502 376
chair 0.0042 373 297 483 374
chair 0.0037 407 172 455 310
chair 0.0030 391 181 469 374
chair 0.0030 463 304 499 375
chair 0.0020 481 305 500 376
chair 0.0019 341 267 400 375
chair 0.0018 394 304 458 367
chair 0.0017 -3 242 56 379
chair 0.0016 460 243 503 375
chair 0.0013 493 297 500 372
person 0.7804 201 152 302 337
person 0.0074 207 150 300 250
person 0.0040 252 157 309 327
person 0.0018 160 151 274 314
person 0.0010 104 127 334 331
person 0.0010 121 127 213 330
train 0.0714 -1 235 56 335
train 0.0039 -1 238 43 297
train 0.0012 -2 234 88 363
