car 0.5389 -9 78 498 353
car 0.2931 381 42 501 191
car 0.2149 0 64 125 232
car 0.0470 403 43 501 132
car 0.0192 434 65 500 218
car 0.0132 -2 67 224 265
car 0.0112 -1 62 63 130
car 0.0073 461 85 500 227
car 0.0068 321 41 482 151
car 0.0049 1 33 237 181
car 0.0047 452 45 499 171
car 0.0047 487 45 500 172
car 0.0038 397 85 489 225
car 0.0038 0 48 108 165
car 0.0036 383 21 500 95
car 0.0024 480 57 500 206
car 0.0021 0 49 18 117
car 0.0020 414 47 502 97
car 0.0020 0 71 69 215
car 0.0019 484 91 499 167
car 0.0018 7 109 271 340
car 0.0018 61 92 99 118
car 0.0017 493 68 500 140
car 0.0017 63 90 462 220
car 0.0017 298 69 493 224
car 0.0015 27 77 135 155
car 0.0015 0 116 24 295
car 0.0013 42 74 117 121
car 0.0013 466 91 500 167
car 0.0012 373 360 434 374
car 0.0011 -4 67 46 276
car 0.0010 5 136 149 221
car 0.0010 482 41 500 127
person 0.1820 350 44 386 90
person 0.1084 342 46 373 90
person 0.0620 361 42 399 89
person 0.0550 330 45 360 89
person 0.0248 378 43 403 84
person 0.0247 297 41 344 87
person 0.0243 362 44 383 81
person 0.0211 314 44 354 88
person 0.0100 262 110 319 156
person 0.0054 383 46 418 92
person 0.0035 372 35 434 89
person 0.0032 370 50 393 87
person 0.0030 292 109 338 156
person 0.0025 341 45 392 119
person 0.0023 0 131 17 304
person 0.0019 265 28 333 86
person 0.0018 152 93 419 197
person 0.0017 223 101 327 161
person 0.0015 246 104 303 159
person 0.0015 320 29 458 126
person 0.0014 6 56 18 75
person 0.0014 395 45 410 79
person 0.0014 243 108 369 168
person 0.0013 375 43 398 71
person 0.0011 1 51 20 85
person 0.0011 352 42 382 71
person 0.0011 0 46 13 77
person 0.0010 315 110 354 157
person 0.0010 493 28 500 69
