aeroplane 0.0027 38 142 338 322
boat 0.0158 14 38 467 369
boat 0.0011 70 181 283 319
chair 0.0015 -2 164 77 285
chair 0.0014 288 249 354 368
chair 0.0010 479 247 501 369
person 0.7966 403 137 494 374
person 0.7804 150 199 225 375
person 0.7524 325 130 417 375
person 0.6337 234 292 300 374
person 0.4843 212 219 300 367
person 0.0931 241 165 297 278
person 0.0228 204 214 263 360
person 0.0211 259 170 300 343
person 0.0190 285 150 380 360
person 0.0140 189 136 317 322
person 0.0136 201 175 282 273
person 0.0133 459 143 501 365
person 0.0084 149 189 233 284
person 0.0062 187 180 237 269
person 0.0055 119 211 203 372
person 0.0053 159 185 259 321
person 0.0051 357 140 447 366
person 0.0046 224 161 294 333
person 0.0042 212 130 427 368
person 0.0039 132 117 352 340
person 0.0038 242 206 296 312
person 0.0034 209 270 281 373
person 0.0034 228 293 268 372
person 0.0033 116 156 304 295
person 0.0030 200 175 231 252
person 0.0028 477 188 501 370
person 0.0028 310 130 502 350
person 0.0021 333 134 403 255
person 0.0020 202 218 285 303
person 0.0015 357 208 421 371
person 0.0013 271 167 341 343
person 0.0012 194 194 244 320
person 0.0011 253 276 362 376
person 0.0010 204 174 261 246
person 0.0010 347 131 430 290
