bottle 0.0019 0 74 6 108
bottle 0.0011 50 218 70 235
chair 0.6389 319 292 397 372
chair 0.5754 205 277 291 340
chair 0.5595 15 234 67 302
chair 0.4943 126 265 214 328
chair 0.3432 48 218 94 261
chair 0.3370 64 255 139 314
chair 0.2766 374 261 434 373
chair 0.2698 0 236 17 293
chair 0.2056 214 241 272 274
chair 0.2017 52 255 112 307
chair 0.1745 266 243 327 278
chair 0.1707 354 251 419 292
chair 0.1670 1 320 57 372
chair 0.1598 147 231 218 269
chair 0.1378 72 220 109 259
chair 0.1358 39 238 93 303
chair 0.1287 97 221 136 258
chair 0.1193 111 222 168 263
chair 0.0813 132 226 186 265
chair 0.0755 -2 231 33 294
chair 0.0734 170 236 240 271
chair 0.0725 162 274 216 329
chair 0.0649 141 245 223 313
chair 0.0516 310 247 368 284
chair 0.0452 239 243 290 275
chair 0.0350 159 272 269 334
chair 0.0311 87 264 161 316
chair 0.0291 0 319 39 351
chair 0.0269 346 252 423 336
chair 0.0255 221 268 349 345
chair 0.0241 9 233 105 308
chair 0.0214 396 255 437 340
chair 0.0180 331 249 398 287
chair 0.0159 0 346 57 376
chair 0.0148 262 291 325 346
chair 0.0147 10 292 220 377
chair 0.0137 262 244 325 338
chair 0.0136 92 233 142 308
chair 0.0133 120 270 181 319
chair 0.0130 6 234 49 290
chair 0.0121 0 321 22 349
chair 0.0120 85 263 276 364
chair 0.0109 282 269 410 349
chair 0.0097 7 320 98 375
chair 0.0090 79 255 225 332
chair 0.0085 52 217 89 237
chair 0.0083 215 239 296 289
chair 0.0075 3 288 117 378
chair 0.0074 308 283 386 343
chair 0.0069 338 270 423 372
chair 0.0053 0 217 11 279
chair 0.0053 176 279 237 334
chair 0.0048 334 352 392 376
chair 0.0048 0 223 25 278
chair 0.0048 234 324 392 378
chair 0.0045 198 242 250 272
chair 0.0040 183 241 224 269
chair 0.0039 372 299 424 367
chair 0.0038 0 253 9 297
chair 0.0035 62 222 120 271
chair 0.0034 335 333 397 376
chair 0.0033 0 291 35 351
chair 0.0033 260 298 375 354
chair 0.0032 -1 245 13 284
chair 0.0032 285 247 354 281
chair 0.0031 149 230 276 297
chair 0.0031 418 256 502 376
chair 0.0031 297 236 442 330
chair 0.0030 216 283 265 336
chair 0.0030 262 213 375 277
chair 0.0029 215 226 403 332
chair 0.0028 28 215 141 296
chair 0.0027 82 219 122 256
chair 0.0026 376 250 486 358
chair 0.0025 452 245 503 358
chair 0.0024 32 337 125 376
chair 0.0024 10 323 54 351
chair 0.0024 37 262 148 372
chair 0.0023 47 336 189 375
chair 0.0022 8 224 81 278
chair 0.0022 0 252 27 299
chair 0.0021 131 226 159 262
chair 0.0020 83 221 132 281
chair 0.0020 147 270 194 325
chair 0.0020 76 218 108 243
chair 0.0017 215 307 292 342
chair 0.0017 157 229 322 331
chair 0.0016 330 255 370 285
chair 0.0015 86 229 189 312
chair 0.0015 280 303 333 348
chair 0.0014 0 232 15 265
chair 0.0014 77 313 234 374
chair 0.0013 40 258 79 304
chair 0.0012 0 320 10 349
chair 0.0012 40 217 83 249
chair 0.0012 53 212 102 242
chair 0.0012 395 281 432 359
chair 0.0012 284 212 376 253
chair 0.0012 187 335 353 378
chair 0.0012 238 285 299 340
chair 0.0012 266 244 366 309
chair 0.0011 278 342 356 377
chair 0.0011 57 227 86 259
chair 0.0011 167 236 211 265
chair 0.0011 -1 201 16 272
chair 0.0011 207 237 279 324
chair 0.0010 41 342 88 375
chair 0.0010 373 252 441 294
chair 0.0010 -4 258 44 355
diningtable 0.0272 195 264 373 347
diningtable 0.0168 26 312 409 381
diningtable 0.0154 169 249 459 352
diningtable 0.0095 140 331 388 381
diningtable 0.0070 105 263 326 339
diningtable 0.0054 55 240 207 320
diningtable 0.0025 57 213 360 354
tvmonitor 0.7000 143 94 196 140
tvmonitor 0.0044 285 88 365 194
