bicycle 0.1568 162 178 356 378
bicycle 0.0532 178 252 330 377
bicycle 0.0033 227 217 376 366
bicycle 0.0019 230 240 305 370
bicycle 0.0018 -12 223 340 377
bicycle 0.0015 217 291 342 377
bicycle 0.0013 205 218 281 368
bottle 0.0021 275 125 352 184
bottle 0.0012 258 50 391 261
chair 0.0261 -2 95 41 234
chair 0.0052 -2 79 59 301
chair 0.0036 0 133 29 230
chair 0.0019 -4 63 93 386
chair 0.0011 0 173 39 233
motorbike 0.0010 201 154 358 359
person 0.4679 151 24 374 363
person 0.2418 -1 41 88 225
person 0.0922 167 18 338 188
person 0.0599 -2 58 42 229
person 0.0271 248 71 383 340
person 0.0226 147 0 242 184
person 0.0083 0 26 26 213
person 0.0079 -2 58 129 391
person 0.0066 0 33 39 156
person 0.0054 -2 37 70 129
person 0.0043 223 23 388 233
person 0.0035 141 49 275 343
person 0.0033 240 26 323 164
person 0.0030 0 32 17 155
person 0.0015 0 35 34 104
tvmonitor 0.0014 0 224 187 380
