bottle 0.5176 236 221 254 281
bottle 0.0270 406 194 449 262
bottle 0.0077 234 219 252 258
bottle 0.0073 230 216 261 267
bottle 0.0034 229 239 243 291
bottle 0.0024 202 215 282 340
bottle 0.0018 230 223 247 280
bottle 0.0012 226 217 245 256
bottle 0.0011 241 220 256 255
bottle 0.0010 213 226 231 260
chair 0.1712 3 260 174 377
chair 0.1493 0 263 63 376
chair 0.0228 124 254 379 380
chair 0.0187 349 263 453 375
chair 0.0124 171 257 305 375
chair 0.0110 254 262 358 373
chair 0.0090 229 262 442 377
chair 0.0069 59 285 199 377
chair 0.0068 212 284 296 374
chair 0.0062 0 261 21 375
chair 0.0042 0 220 35 372
chair 0.0026 70 179 181 289
chair 0.0024 110 224 158 269
chair 0.0023 -3 220 122 367
chair 0.0023 120 290 219 373
chair 0.0014 21 266 106 371
chair 0.0013 112 229 141 263
chair 0.0012 122 188 147 239
chair 0.0011 99 180 164 256
diningtable 0.5792 131 257 295 375
diningtable 0.0170 10 229 254 379
diningtable 0.0117 159 226 416 376
diningtable 0.0020 112 244 228 370
diningtable 0.0013 176 244 292 323
person 0.8424 135 174 231 267
person 0.6566 16 170 182 374
person 0.6279 385 61 502 377
person 0.3976 277 162 434 376
person 0.1004 385 62 502 201
person 0.0407 202 169 391 377
person 0.0367 399 148 457 308
person 0.0337 288 86 490 368
person 0.0247 452 75 501 382
person 0.0246 22 168 151 292
person 0.0211 379 111 469 331
person 0.0144 330 110 453 297
person 0.0125 41 170 131 254
person 0.0115 89 166 239 342
person 0.0082 478 77 501 385
person 0.0059 276 172 344 275
person 0.0051 368 155 446 255
person 0.0050 342 159 470 375
person 0.0048 59 169 198 286
person 0.0046 -3 192 72 372
person 0.0026 297 172 339 248
person 0.0022 384 155 422 206
person 0.0020 118 219 221 368
person 0.0020 253 164 372 295
person 0.0020 125 182 188 272
person 0.0018 0 201 36 363
person 0.0018 358 63 482 277
person 0.0018 80 174 151 265
person 0.0017 203 239 330 373
person 0.0016 385 161 411 193
person 0.0013 293 155 376 268
person 0.0012 0 207 15 358
person 0.0012 158 174 230 236
person 0.0011 425 54 501 290
pottedplant 0.0447 140 180 169 219
pottedplant 0.0283 128 176 209 254
pottedplant 0.0098 142 139 174 221
pottedplant 0.0081 130 173 175 234
pottedplant 0.0036 142 148 200 224
pottedplant 0.0033 32 182 59 228
pottedplant 0.0033 145 178 165 209
pottedplant 0.0019 29 175 102 242
pottedplant 0.0012 120 183 161 235
tvmonitor 0.0947 338 111 391 174
tvmonitor 0.0017 326 100 423 196
tvmonitor 0.0017 265 125 293 155
