boat 0.0014 23 14 496 343
bus 0.2820 0 157 208 360
bus 0.0174 -5 182 377 353
bus 0.0028 74 195 334 306
bus 0.0016 213 235 316 290
bus 0.0013 -3 101 78 316
car 0.6766 195 278 356 341
car 0.0128 250 273 342 320
car 0.0066 209 246 326 306
car 0.0053 157 276 285 342
car 0.0044 227 246 312 285
car 0.0026 56 279 330 354
car 0.0025 425 277 496 336
car 0.0023 175 286 236 341
car 0.0022 204 281 301 333
car 0.0015 12 238 365 347
car 0.0013 366 282 391 303
car 0.0013 282 334 433 376
car 0.0012 6 303 368 380
car 0.0011 11 155 185 337
car 0.0010 262 293 358 338
horse 0.0018 425 287 494 340
person 0.6981 469 274 499 342
person 0.0288 408 281 422 310
person 0.0169 485 274 500 342
person 0.0159 128 256 161 291
person 0.0144 301 278 337 303
person 0.0118 282 269 328 304
person 0.0114 35 200 292 340
person 0.0113 140 261 168 292
person 0.0082 285 272 310 300
person 0.0054 302 282 320 304
person 0.0053 121 261 150 293
person 0.0052 472 274 497 312
person 0.0048 233 256 327 314
person 0.0036 186 273 202 303
person 0.0033 145 252 181 293
person 0.0029 490 273 500 323
person 0.0029 466 295 493 342
person 0.0028 290 271 354 312
person 0.0025 153 260 176 293
person 0.0023 425 277 494 335
person 0.0020 258 259 312 299
person 0.0018 119 233 169 298
person 0.0017 169 264 199 300
person 0.0017 245 240 313 286
person 0.0015 92 194 192 333
person 0.0015 366 281 391 303
person 0.0014 185 258 205 300
person 0.0014 278 245 312 299
person 0.0012 193 248 304 307
person 0.0011 489 294 500 346
person 0.0011 173 277 192 301
person 0.0011 226 252 265 282
person 0.0011 161 248 197 297
person 0.0010 218 248 301 284
person 0.0010 317 278 344 303
pottedplant 0.0018 409 0 433 18
train 0.0013 25 49 497 339
