chair 0.7620 253 184 383 325
chair 0.2734 320 161 369 205
chair 0.1682 295 166 386 298
chair 0.1529 330 48 482 322
chair 0.1330 403 194 482 327
chair 0.1092 316 190 475 324
chair 0.0681 251 182 340 291
chair 0.0656 316 160 382 246
chair 0.0181 307 144 370 196
chair 0.0162 317 164 443 285
chair 0.0134 388 133 476 314
chair 0.0115 241 131 279 164
chair 0.0081 173 157 295 307
chair 0.0074 411 78 499 326
chair 0.0059 304 134 354 165
chair 0.0057 282 98 433 277
chair 0.0045 229 184 314 313
chair 0.0045 177 158 277 246
chair 0.0039 294 211 405 322
chair 0.0035 218 122 267 166
chair 0.0035 270 165 371 260
chair 0.0028 333 92 458 252
chair 0.0027 377 162 433 209
chair 0.0026 464 67 500 325
chair 0.0026 338 160 413 265
chair 0.0024 311 115 388 220
chair 0.0021 370 194 439 307
chair 0.0020 363 179 472 274
chair 0.0019 362 168 446 225
chair 0.0016 0 234 32 332
chair 0.0016 337 161 389 203
chair 0.0015 411 252 477 330
chair 0.0015 378 220 463 326
chair 0.0014 0 218 14 328
chair 0.0014 370 135 441 208
chair 0.0013 453 181 503 331
chair 0.0011 141 210 291 335
chair 0.0011 344 108 418 215
chair 0.0010 256 191 323 259
chair 0.0010 61 172 320 337
chair 0.0010 244 183 301 268
diningtable 0.2349 307 190 475 325
diningtable 0.0012 355 201 428 317
person 0.0020 464 23 501 321
person 0.0010 42 265 66 312
pottedplant 0.4022 32 184 165 333
pottedplant 0.0142 33 152 161 273
pottedplant 0.0141 33 201 80 317
pottedplant 0.0133 339 0 486 270
pottedplant 0.0110 21 55 162 313
pottedplant 0.0109 26 178 107 310
pottedplant 0.0078 203 109 243 164
pottedplant 0.0054 86 134 109 207
pottedplant 0.0051 209 108 238 132
pottedplant 0.0050 80 243 159 332
pottedplant 0.0039 33 175 108 249
pottedplant 0.0038 13 228 74 330
pottedplant 0.0035 3 164 64 314
pottedplant 0.0031 82 110 113 230
pottedplant 0.0024 44 238 84 314
pottedplant 0.0020 55 190 165 250
pottedplant 0.0018 71 124 121 253
pottedplant 0.0015 34 239 63 312
pottedplant 0.0014 166 146 205 167
pottedplant 0.0012 198 84 245 155
pottedplant 0.0012 37 184 79 252
pottedplant 0.0011 203 110 234 142
tvmonitor 0.0052 0 162 12 257
tvmonitor 0.0034 0 163 7 240
tvmonitor 0.0033 0 159 27 317
tvmonitor 0.0024 0 153 16 295
tvmonitor 0.0015 0 162 21 241
tvmonitor 0.0013 0 194 13 328
tvmonitor 0.0011 0 189 6 262
