cat 0.0015 48 137 136 237
chair 0.0977 119 186 212 328
chair 0.0154 121 165 289 323
chair 0.0142 258 151 458 330
chair 0.0129 26 186 209 316
chair 0.0076 264 46 354 196
chair 0.0065 -2 192 80 320
chair 0.0061 43 199 145 293
chair 0.0039 325 174 498 327
chair 0.0034 272 44 346 108
chair 0.0033 421 181 500 306
chair 0.0024 121 197 196 280
chair 0.0023 0 155 125 296
chair 0.0019 146 229 324 328
chair 0.0018 69 221 137 285
chair 0.0016 207 189 376 314
chair 0.0015 -3 222 47 327
chair 0.0014 287 177 441 281
chair 0.0014 184 160 303 261
chair 0.0013 10 198 91 274
chair 0.0013 192 239 268 316
chair 0.0011 357 167 452 299
diningtable 0.0043 205 159 377 242
diningtable 0.0033 171 151 416 307
diningtable 0.0013 213 164 346 216
person 0.4477 111 114 222 303
person 0.3783 321 121 451 275
person 0.1377 48 116 189 288
person 0.0883 244 135 449 302
person 0.0212 310 143 364 213
person 0.0132 40 124 127 273
person 0.0093 131 147 274 319
person 0.0043 100 125 359 294
person 0.0028 129 115 213 237
person 0.0028 75 138 155 279
person 0.0023 352 115 453 223
person 0.0020 290 146 381 241
person 0.0018 226 126 410 249
person 0.0016 306 112 416 221
person 0.0015 179 161 307 309
person 0.0013 268 69 364 220
person 0.0011 239 180 374 292
person 0.0010 320 155 356 227
pottedplant 0.0835 28 117 101 192
pottedplant 0.0261 313 144 361 205
pottedplant 0.0050 316 143 359 174
pottedplant 0.0038 34 121 120 227
pottedplant 0.0036 -1 112 100 244
pottedplant 0.0019 365 59 405 171
pottedplant 0.0017 261 78 414 239
pottedplant 0.0011 350 60 420 195
tvmonitor 0.0016 266 43 348 113
tvmonitor 0.0011 274 55 375 206
tvmonitor 0.0010 8 205 71 259
