bicycle 0.0819 0 385 198 501
bicycle 0.0779 -2 273 312 497
bicycle 0.0338 0 458 167 502
bicycle 0.0181 12 61 335 497
bicycle 0.0091 32 432 182 500
bicycle 0.0042 -4 318 129 499
bicycle 0.0031 -2 473 126 500
bicycle 0.0022 -5 420 128 505
bicycle 0.0022 -4 195 158 487
bicycle 0.0016 36 369 298 500
bicycle 0.0012 1 464 82 499
bicycle 0.0011 92 393 199 494
motorbike 0.0058 0 462 69 499
motorbike 0.0013 0 465 32 500
person 0.4925 8 7 301 494
person 0.0449 39 9 316 278
person 0.0381 206 1 321 177
person 0.0178 236 -1 323 81
person 0.0159 158 7 310 230
person 0.0051 108 36 333 378
person 0.0041 203 8 275 102
person 0.0041 210 12 257 71
person 0.0027 -1 275 123 490
person 0.0023 257 4 331 136
person 0.0014 -2 92 171 481
person 0.0013 213 39 327 279
person 0.0010 266 0 312 77
person 0.0010 207 21 289 141
