bird 0.0094 484 165 500 229
bird 0.0038 482 184 500 248
bird 0.0018 486 122 500 221
bird 0.0014 485 185 500 218
boat 0.0054 110 1 167 18
boat 0.0040 240 0 267 14
boat 0.0034 239 0 297 18
boat 0.0033 458 0 497 21
boat 0.0028 124 7 166 18
boat 0.0022 0 8 38 21
boat 0.0019 0 7 16 21
boat 0.0018 232 4 251 25
boat 0.0017 144 9 169 18
boat 0.0014 231 2 282 23
boat 0.0010 229 0 259 23
car 0.0051 459 0 496 20
car 0.0015 485 12 501 24
dog 0.7991 201 107 310 238
dog 0.0872 202 121 253 175
dog 0.0647 199 114 277 198
dog 0.0178 485 177 500 239
dog 0.0067 486 146 500 222
dog 0.0031 482 176 500 290
dog 0.0031 220 145 355 236
dog 0.0020 200 122 254 235
dog 0.0016 230 104 306 194
dog 0.0011 255 182 356 234
dog 0.0011 471 167 503 243
person 0.0015 235 5 250 25
sheep 0.0016 485 185 500 246
