bottle 0.0089 140 214 224 351
bottle 0.0084 286 255 374 372
bottle 0.0072 279 157 295 196
bottle 0.0037 92 206 278 359
bottle 0.0022 255 200 380 362
bottle 0.0019 275 240 360 325
bottle 0.0018 134 189 376 367
bottle 0.0015 305 299 373 373
bottle 0.0013 422 331 446 375
bottle 0.0013 138 273 213 355
bottle 0.0012 -3 121 381 366
bottle 0.0010 269 151 303 197
chair 0.0618 0 133 127 338
chair 0.0111 333 104 433 356
chair 0.0093 231 90 433 363
chair 0.0076 104 111 375 366
chair 0.0045 -1 120 214 305
chair 0.0020 -2 52 99 305
person 0.3062 112 66 364 351
person 0.0100 217 75 440 348
person 0.0064 2 78 329 278
person 0.0023 143 67 434 244
person 0.0014 198 64 311 171
person 0.0013 293 106 430 189
person 0.0011 163 70 324 211
person 0.0010 230 84 438 211
sofa 0.0014 -28 117 406 367
