bicycle 0.0017 0 187 94 373
bicycle 0.0011 -3 250 59 376
bottle 0.0081 375 178 407 257
bottle 0.0058 374 130 413 286
bottle 0.0055 -2 112 40 349
bottle 0.0024 111 132 146 164
bottle 0.0024 0 204 37 258
bottle 0.0023 373 177 395 244
bottle 0.0022 213 99 234 157
bottle 0.0014 369 189 392 294
bottle 0.0012 356 56 435 342
bottle 0.0012 366 175 411 317
bottle 0.0011 371 207 387 271
bottle 0.0011 0 206 19 249
chair 0.0298 223 171 385 372
chair 0.0148 42 131 431 373
chair 0.0035 44 143 224 369
person 0.6561 368 27 499 376
person 0.4996 -1 6 109 376
person 0.3664 142 16 381 372
person 0.0754 166 8 362 183
person 0.0615 254 20 340 113
person 0.0500 368 -2 500 206
person 0.0370 1 3 106 188
person 0.0323 370 -2 443 155
person 0.0316 6 15 210 377
person 0.0298 289 21 336 97
person 0.0268 292 21 333 63
person 0.0188 206 4 330 121
person 0.0184 0 192 58 370
person 0.0140 -3 25 47 370
person 0.0074 236 27 358 164
person 0.0068 226 6 499 353
person 0.0064 376 -2 444 83
person 0.0059 376 -3 488 105
person 0.0059 457 82 503 371
person 0.0054 358 72 441 358
person 0.0042 -1 35 24 354
person 0.0032 480 77 500 387
person 0.0024 0 194 22 369
person 0.0023 281 27 313 59
person 0.0021 137 29 214 107
person 0.0019 189 9 279 124
person 0.0018 318 -5 470 247
person 0.0018 274 39 330 103
person 0.0017 137 9 301 144
person 0.0016 95 28 239 366
person 0.0014 48 41 213 268
person 0.0013 305 86 469 348
person 0.0013 279 57 339 118
person 0.0012 -1 1 84 98
person 0.0012 133 29 231 163
person 0.0012 207 37 232 91
person 0.0011 60 3 317 318
person 0.0010 303 21 328 55
person 0.0010 282 55 357 153
person 0.0010 209 83 241 176
