bird 0.0020 138 178 188 222
bottle 0.0016 423 110 493 315
cat 0.0019 134 178 186 222
chair 0.4294 289 238 365 329
chair 0.0118 136 239 269 336
chair 0.0083 281 275 359 332
chair 0.0073 227 263 357 333
chair 0.0064 49 261 164 332
chair 0.0059 177 241 235 304
chair 0.0055 149 227 230 323
chair 0.0033 265 281 312 331
chair 0.0020 51 282 116 333
chair 0.0017 327 239 365 312
chair 0.0015 284 300 354 333
chair 0.0013 230 278 307 333
diningtable 0.0110 138 247 386 338
diningtable 0.0042 222 265 340 333
diningtable 0.0013 224 233 366 320
person 0.0036 136 179 194 224
pottedplant 0.2195 99 224 244 336
pottedplant 0.0258 429 300 478 334
pottedplant 0.0213 138 232 324 333
pottedplant 0.0126 221 229 279 283
pottedplant 0.0083 149 236 230 331
pottedplant 0.0076 214 235 365 333
pottedplant 0.0074 237 231 280 269
pottedplant 0.0060 62 255 199 333
pottedplant 0.0048 108 238 178 330
pottedplant 0.0037 134 179 192 221
pottedplant 0.0028 227 232 284 318
pottedplant 0.0026 429 306 457 333
pottedplant 0.0021 149 282 262 334
pottedplant 0.0014 141 223 201 307
pottedplant 0.0012 131 179 203 250
pottedplant 0.0011 178 229 282 296
tvmonitor 0.0028 421 105 502 319
tvmonitor 0.0015 0 121 28 170
