aeroplane 0.0109 95 132 121 145
aeroplane 0.0013 168 149 213 184
boat 0.4226 68 24 294 436
boat 0.0721 31 410 144 467
boat 0.0087 47 352 313 449
boat 0.0057 36 257 314 450
boat 0.0052 51 347 173 444
boat 0.0048 73 429 146 464
boat 0.0034 30 422 109 462
boat 0.0030 240 278 305 419
boat 0.0021 111 3 259 285
boat 0.0015 20 426 275 477
boat 0.0011 -29 128 259 443
boat 0.0011 168 148 207 177
boat 0.0010 29 383 198 473
boat 0.0010 257 321 303 421
person 0.5047 52 351 127 442
person 0.0584 73 386 127 445
person 0.0215 48 393 143 463
person 0.0115 55 360 98 440
person 0.0047 87 398 135 453
person 0.0035 109 357 123 372
person 0.0026 159 314 173 341
person 0.0022 52 395 111 444
person 0.0021 77 418 148 466
person 0.0020 83 356 143 435
person 0.0017 68 350 122 396
person 0.0013 88 355 124 383
