bus 0.0162 2 19 299 351
bus 0.0017 1 77 192 322
bus 0.0011 2 95 114 300
bus 0.0010 454 139 500 300
bus 0.0010 44 58 143 123
person 0.6141 366 201 406 292
person 0.2988 311 207 330 257
person 0.0244 315 182 346 248
person 0.0150 323 212 342 257
person 0.0098 328 209 351 244
person 0.0083 336 208 354 237
person 0.0077 304 197 342 260
person 0.0072 431 -2 503 302
person 0.0069 356 209 378 254
person 0.0068 408 212 461 296
person 0.0058 326 176 349 241
person 0.0057 392 205 414 286
person 0.0054 333 200 386 262
person 0.0050 300 169 352 245
person 0.0046 375 191 421 284
person 0.0042 436 226 463 290
person 0.0037 343 210 367 248
person 0.0032 375 201 404 262
person 0.0024 461 -6 500 145
person 0.0024 309 191 334 246
person 0.0023 438 222 485 291
person 0.0022 332 194 439 299
person 0.0022 320 181 399 279
person 0.0020 481 -8 500 119
person 0.0020 359 202 395 256
person 0.0017 393 192 434 298
person 0.0017 305 211 322 254
person 0.0017 330 204 347 234
person 0.0011 394 167 465 304
person 0.0010 313 149 419 251
person 0.0010 472 1 500 81
person 0.0010 350 214 371 251
train 0.3114 0 38 323 361
train 0.0075 60 114 329 288
train 0.0045 50 122 461 367
train 0.0025 38 13 482 308
train 0.0012 278 37 498 308
train 0.0011 168 105 444 304
