bottle 0.0075 223 323 244 364
bottle 0.0032 87 285 341 375
bottle 0.0022 195 308 249 372
bottle 0.0015 150 295 291 376
bottle 0.0010 373 166 384 183
bottle 0.0010 214 162 272 212
car 0.0039 464 149 500 220
chair 0.5335 50 172 132 279
chair 0.5277 410 240 502 376
chair 0.3145 149 180 244 276
chair 0.1529 2 165 90 232
chair 0.1226 -1 165 49 232
chair 0.0703 401 182 449 230
chair 0.0645 485 133 500 162
chair 0.0632 55 166 105 225
chair 0.0404 64 163 100 194
chair 0.0316 66 164 140 232
chair 0.0313 71 169 206 266
chair 0.0268 0 170 20 233
chair 0.0264 131 168 272 307
chair 0.0208 214 220 409 378
chair 0.0169 132 186 205 270
chair 0.0164 41 173 89 228
chair 0.0154 181 179 245 240
chair 0.0139 400 184 458 267
chair 0.0120 127 165 229 255
chair 0.0117 377 194 459 371
chair 0.0108 75 168 391 374
chair 0.0089 0 166 9 229
chair 0.0084 485 242 500 368
chair 0.0079 397 181 479 310
chair 0.0072 405 180 500 255
chair 0.0072 434 179 472 230
chair 0.0054 23 167 67 227
chair 0.0048 88 182 165 275
chair 0.0041 347 222 492 376
chair 0.0039 161 164 232 231
chair 0.0038 447 254 498 376
chair 0.0032 176 169 274 269
chair 0.0026 137 165 201 234
chair 0.0025 460 199 504 359
chair 0.0024 471 130 503 168
chair 0.0023 395 254 448 372
chair 0.0022 279 190 454 374
chair 0.0021 77 163 151 206
chair 0.0019 490 135 500 179
chair 0.0017 153 140 319 275
chair 0.0016 31 148 151 238
chair 0.0016 385 182 433 249
chair 0.0016 84 171 127 246
chair 0.0016 97 164 158 231
chair 0.0015 46 165 99 203
chair 0.0015 158 166 206 189
chair 0.0014 369 170 467 268
chair 0.0013 394 189 444 325
chair 0.0012 160 197 231 305
chair 0.0012 363 216 427 372
chair 0.0011 168 135 268 232
chair 0.0011 151 161 212 200
chair 0.0011 393 195 423 262
chair 0.0010 492 250 500 330
diningtable 0.2621 83 174 237 275
diningtable 0.0117 113 177 193 266
diningtable 0.0094 68 166 188 253
diningtable 0.0055 401 179 503 338
person 0.7104 158 89 406 376
person 0.5720 433 148 469 217
person 0.3874 382 144 432 220
person 0.3199 385 146 422 187
person 0.1333 407 149 470 231
person 0.0373 337 144 356 181
person 0.0169 79 285 252 377
person 0.0136 456 157 502 224
person 0.0122 420 143 466 196
person 0.0082 358 159 378 183
person 0.0071 332 139 368 186
person 0.0056 381 158 413 231
person 0.0054 101 182 271 367
person 0.0051 389 147 448 195
person 0.0038 429 148 455 189
person 0.0037 480 142 500 221
person 0.0037 331 138 447 235
person 0.0036 379 147 407 184
person 0.0035 355 161 379 197
person 0.0029 362 154 395 184
person 0.0027 435 141 490 207
person 0.0026 416 146 453 220
person 0.0025 70 216 369 381
person 0.0024 486 124 499 160
person 0.0022 341 153 360 184
person 0.0020 350 169 388 210
person 0.0019 361 157 406 205
person 0.0018 331 137 352 174
person 0.0017 327 137 381 203
person 0.0017 482 169 500 369
person 0.0016 393 166 437 229
person 0.0016 369 163 383 181
person 0.0016 416 137 448 178
person 0.0015 495 134 500 208
person 0.0014 377 162 388 182
person 0.0014 378 170 405 222
person 0.0014 230 83 397 304
person 0.0014 335 152 405 220
person 0.0013 492 156 500 225
person 0.0012 365 169 429 248
person 0.0012 148 203 242 331
person 0.0012 347 158 371 183
person 0.0011 338 133 353 168
person 0.0011 415 149 440 183
person 0.0011 426 141 440 164
person 0.0010 438 156 465 194
pottedplant 0.0769 465 183 499 224
pottedplant 0.0052 217 80 289 193
pottedplant 0.0047 203 150 275 212
pottedplant 0.0035 487 183 500 222
pottedplant 0.0032 164 148 256 229
pottedplant 0.0028 220 155 273 193
pottedplant 0.0025 458 160 502 222
pottedplant 0.0014 426 129 447 164
pottedplant 0.0012 181 105 316 261
pottedplant 0.0010 120 130 253 242
sofa 0.0023 410 148 512 237
