bird 0.6354 172 108 214 204
bird 0.2687 143 157 179 199
bird 0.0253 397 156 470 254
bird 0.0179 399 157 458 184
bird 0.0158 399 158 469 201
bird 0.0155 161 108 216 262
bird 0.0144 401 202 502 300
bird 0.0100 146 157 175 184
bird 0.0075 145 136 184 191
bird 0.0058 454 211 502 296
bird 0.0055 99 155 184 228
bird 0.0055 148 131 211 224
bird 0.0044 144 151 194 265
bird 0.0042 75 158 211 280
bird 0.0041 397 160 442 218
bird 0.0041 401 159 440 177
bird 0.0034 70 158 178 205
bird 0.0030 107 130 235 261
bird 0.0026 130 106 228 219
bird 0.0025 18 246 108 298
bird 0.0018 146 161 209 204
bird 0.0014 140 108 203 188
bird 0.0012 396 134 495 223
bird 0.0011 182 108 238 203
bird 0.0011 261 187 294 207
bird 0.0010 175 147 209 208
bird 0.0010 155 99 263 227
boat 0.0335 216 285 331 324
boat 0.0119 27 251 106 300
boat 0.0087 402 186 502 295
boat 0.0026 456 212 499 255
bottle 0.0643 235 221 259 272
bottle 0.0012 224 257 241 285
bottle 0.0010 249 224 267 270
chair 0.0070 379 239 433 291
chair 0.0015 355 231 434 337
chair 0.0011 174 201 265 282
cow 0.0022 455 212 500 301
diningtable 0.0109 210 277 334 329
diningtable 0.0026 180 275 376 370
diningtable 0.0022 214 254 455 378
person 0.3904 281 188 376 280
person 0.1324 279 189 387 369
person 0.0593 406 205 492 291
person 0.0517 414 204 452 282
person 0.0273 387 167 464 284
person 0.0244 282 217 298 258
person 0.0168 415 205 444 255
person 0.0132 332 227 439 373
person 0.0130 257 190 342 272
person 0.0127 277 178 448 284
person 0.0103 365 194 480 300
person 0.0096 236 219 259 263
person 0.0092 408 181 454 263
person 0.0069 374 220 450 317
person 0.0055 277 219 302 278
person 0.0051 450 211 499 298
person 0.0050 226 189 371 300
person 0.0036 453 215 480 287
person 0.0030 233 199 290 274
person 0.0027 226 212 266 271
person 0.0025 378 213 494 375
person 0.0024 383 236 442 373
person 0.0021 409 194 492 254
person 0.0019 313 198 395 282
person 0.0018 345 198 388 268
person 0.0017 294 191 339 265
person 0.0014 353 201 380 244
person 0.0012 453 212 494 251
person 0.0012 398 160 435 219
person 0.0012 285 202 320 264
person 0.0011 456 214 486 232
person 0.0011 210 232 331 326
person 0.0010 253 256 419 376
pottedplant 0.0047 19 251 105 301
sheep 0.0033 456 213 502 304
train 0.0018 455 212 500 283
tvmonitor 0.0063 28 253 105 301
