aeroplane 0.0081 33 55 487 296
aeroplane 0.0039 129 111 387 244
aeroplane 0.0031 230 142 285 216
aeroplane 0.0027 244 153 268 209
aeroplane 0.0010 248 189 265 210
boat 0.0010 13 19 173 322
bottle 0.0101 -1 9 130 327
bottle 0.0043 1 -1 270 318
bottle 0.0017 52 242 156 331
bottle 0.0011 90 67 272 283
chair 0.0017 52 242 148 331
person 0.3575 302 106 499 332
person 0.0030 213 1 508 318
person 0.0023 355 17 503 302
person 0.0022 154 116 472 330
person 0.0016 279 116 415 325
person 0.0015 412 115 502 331
tvmonitor 0.0028 53 242 153 331
