car 0.7679 58 61 379 316
car 0.0051 466 153 500 221
car 0.0049 64 76 257 167
car 0.0037 77 99 156 150
car 0.0029 70 83 212 139
car 0.0022 0 303 36 335
car 0.0016 90 2 287 81
car 0.0015 435 136 499 231
chair 0.0067 432 124 502 229
chair 0.0034 462 146 502 229
person 0.1469 95 114 125 140
person 0.0899 85 113 126 152
person 0.0495 105 115 125 131
person 0.0148 87 106 144 143
person 0.0056 297 0 390 49
person 0.0048 103 111 136 135
person 0.0028 434 127 499 222
person 0.0027 463 133 500 220
person 0.0016 79 118 118 168
person 0.0013 478 147 500 204
person 0.0012 443 137 498 190
person 0.0010 274 -1 401 75
person 0.0010 470 29 499 71
