car 0.5954 21 192 482 431
car 0.0281 0 141 36 172
car 0.0067 25 192 196 362
car 0.0049 293 201 389 258
car 0.0048 436 196 495 268
car 0.0044 322 200 382 243
car 0.0036 221 208 479 417
car 0.0029 439 187 495 238
car 0.0028 40 149 466 336
car 0.0023 228 198 391 270
car 0.0020 -3 152 13 187
car 0.0019 323 242 475 398
car 0.0018 -5 134 40 184
car 0.0017 0 139 65 177
car 0.0017 164 202 444 322
car 0.0015 0 178 18 192
car 0.0015 105 193 413 282
car 0.0014 389 202 493 275
car 0.0014 7 150 33 177
car 0.0013 438 188 473 226
car 0.0013 0 167 30 193
car 0.0012 11 169 37 196
car 0.0011 -2 164 11 192
car 0.0011 457 226 490 266
car 0.0011 60 182 315 358
car 0.0010 59 187 172 269
car 0.0010 416 189 482 242
person 0.4882 71 124 174 254
person 0.0218 53 118 178 341
person 0.0162 189 215 247 260
person 0.0030 356 223 382 259
person 0.0029 197 228 235 257
person 0.0014 343 218 389 261
person 0.0013 151 214 277 288
person 0.0013 182 203 338 265
person 0.0013 23 150 36 180
person 0.0012 26 126 162 215
person 0.0010 244 207 303 260
person 0.0010 73 127 138 217
