boat 0.0016 122 54 456 305
boat 0.0010 211 129 408 277
car 0.6123 407 162 502 358
car 0.4707 7 55 313 382
car 0.1564 -2 196 32 304
car 0.0089 0 196 29 250
car 0.0086 239 111 451 356
car 0.0055 -3 166 38 271
car 0.0046 318 130 493 371
car 0.0042 -1 138 59 303
car 0.0026 415 155 501 270
car 0.0025 104 78 473 325
car 0.0019 8 163 89 287
car 0.0016 0 169 21 255
car 0.0015 451 158 500 334
car 0.0014 177 138 412 305
car 0.0013 0 203 24 231
car 0.0010 246 147 344 253
person 0.7151 322 116 425 373
person 0.0050 482 186 499 222
person 0.0031 491 171 500 225
person 0.0017 481 164 500 230
person 0.0014 266 115 421 287
person 0.0014 325 111 413 254
pottedplant 0.0149 176 96 232 139
pottedplant 0.0123 129 95 188 146
pottedplant 0.0096 138 91 230 144
pottedplant 0.0056 81 81 239 160
pottedplant 0.0038 21 21 331 293
pottedplant 0.0036 67 98 124 140
pottedplant 0.0025 194 91 241 133
pottedplant 0.0025 33 54 292 194
pottedplant 0.0020 155 95 199 136
pottedplant 0.0012 54 91 151 151
