bicycle 0.0034 221 209 375 321
cow 0.0035 0 154 46 259
horse 0.3842 205 93 414 312
horse 0.2019 52 78 231 281
horse 0.0927 56 61 372 306
horse 0.0047 95 103 279 311
horse 0.0039 53 84 166 229
horse 0.0032 -1 153 51 256
horse 0.0022 195 107 323 302
horse 0.0014 232 102 399 231
horse 0.0012 79 126 225 231
horse 0.0012 21 104 171 278
person 0.5189 168 18 260 218
person 0.2438 172 18 257 120
person 0.0217 215 188 316 321
person 0.0076 55 83 181 230
person 0.0055 138 19 310 272
person 0.0054 228 109 385 314
person 0.0028 248 91 364 220
person 0.0018 218 209 277 324
person 0.0012 272 192 392 313
person 0.0012 163 52 235 178
