bicycle 0.0156 0 329 166 500
bottle 0.0705 166 261 183 318
bottle 0.0082 170 262 182 298
bottle 0.0061 182 258 197 310
bottle 0.0046 155 210 184 325
bottle 0.0041 175 259 188 309
bottle 0.0038 184 281 199 327
bottle 0.0026 142 295 152 329
bottle 0.0021 180 260 190 295
bottle 0.0020 179 260 201 327
bottle 0.0017 161 245 175 298
bottle 0.0014 171 263 193 326
bottle 0.0012 157 257 179 322
bottle 0.0010 183 257 195 292
chair 0.0265 196 311 310 500
chair 0.0210 269 227 373 341
chair 0.0125 116 332 226 498
chair 0.0073 288 233 376 439
chair 0.0073 300 221 373 301
chair 0.0072 202 412 300 502
chair 0.0070 24 352 167 500
chair 0.0060 183 287 227 377
chair 0.0054 215 368 371 503
chair 0.0041 165 280 225 406
chair 0.0023 62 420 186 502
chair 0.0021 115 417 234 503
chair 0.0018 93 290 295 494
chair 0.0017 272 232 359 294
chair 0.0016 146 276 239 444
chair 0.0016 79 366 137 495
chair 0.0016 318 220 367 279
chair 0.0014 191 286 225 336
chair 0.0014 158 323 221 464
chair 0.0013 330 230 374 331
chair 0.0013 229 337 302 474
chair 0.0012 224 429 332 499
chair 0.0011 199 282 228 359
chair 0.0011 168 283 219 354
diningtable 0.0137 271 228 364 301
diningtable 0.0086 139 270 213 338
diningtable 0.0037 101 227 203 335
diningtable 0.0036 130 274 225 400
diningtable 0.0032 97 252 244 427
diningtable 0.0025 88 254 217 363
diningtable 0.0017 144 367 314 503
diningtable 0.0013 158 288 213 329
person 0.7115 213 116 287 354
person 0.5855 137 184 192 285
person 0.5095 80 176 144 244
person 0.4985 79 181 156 331
person 0.3068 -1 182 139 348
person 0.2794 87 331 172 498
person 0.1486 0 196 150 493
person 0.1149 222 229 375 496
person 0.0910 0 170 93 289
person 0.0203 270 222 368 309
person 0.0164 264 206 373 407
person 0.0137 214 121 333 452
person 0.0091 303 128 330 162
person 0.0084 196 271 314 472
person 0.0068 66 209 170 408
person 0.0066 210 105 245 175
person 0.0062 25 171 86 249
person 0.0060 100 182 182 309
person 0.0052 127 164 153 196
person 0.0050 122 167 170 231
person 0.0049 55 176 143 291
person 0.0049 209 108 288 233
person 0.0045 34 301 176 492
person 0.0042 49 171 83 194
person 0.0041 141 187 188 239
person 0.0040 206 164 263 366
person 0.0039 149 183 221 295
person 0.0033 -3 202 73 346
person 0.0033 26 185 108 326
person 0.0030 45 170 84 211
person 0.0027 63 259 218 480
person 0.0025 63 204 132 331
person 0.0024 221 300 298 410
person 0.0023 153 203 187 331
person 0.0022 197 190 239 347
person 0.0021 310 216 373 287
person 0.0020 92 237 161 345
person 0.0019 107 330 174 442
person 0.0018 105 154 269 327
person 0.0016 47 173 109 267
person 0.0014 218 208 300 432
person 0.0013 164 183 274 441
person 0.0013 111 175 175 265
person 0.0013 287 264 375 494
person 0.0013 153 270 229 370
person 0.0013 55 172 80 187
person 0.0012 210 113 242 223
person 0.0011 111 167 151 227
person 0.0010 199 116 263 277
person 0.0010 32 231 151 346
tvmonitor 0.0014 299 123 334 167
