bottle 0.6340 101 151 154 199
bottle 0.5522 50 150 112 200
bottle 0.4867 144 152 192 199
bottle 0.2448 0 284 159 334
bottle 0.1911 205 287 391 335
bottle 0.1224 44 214 129 270
bottle 0.1089 190 150 239 200
bottle 0.0479 75 289 186 332
bottle 0.0345 253 118 301 161
bottle 0.0272 292 43 343 101
bottle 0.0265 230 84 277 147
bottle 0.0236 18 198 133 285
bottle 0.0174 313 151 364 200
bottle 0.0172 305 221 382 271
bottle 0.0167 403 292 502 334
bottle 0.0156 275 291 385 330
bottle 0.0154 275 151 321 199
bottle 0.0133 228 154 281 198
bottle 0.0124 -2 285 69 331
bottle 0.0121 213 107 265 166
bottle 0.0119 109 297 185 328
bottle 0.0116 357 81 404 130
bottle 0.0115 272 85 321 152
bottle 0.0114 116 41 192 160
bottle 0.0114 202 120 263 184
bottle 0.0096 350 149 409 200
bottle 0.0089 4 228 177 336
bottle 0.0081 384 85 475 203
bottle 0.0076 52 289 129 329
bottle 0.0068 316 298 386 328
bottle 0.0065 46 157 88 197
bottle 0.0064 241 127 295 183
bottle 0.0060 457 295 498 326
bottle 0.0053 396 81 453 129
bottle 0.0042 307 79 361 124
bottle 0.0040 323 129 405 198
bottle 0.0039 207 284 303 336
bottle 0.0037 279 55 331 113
bottle 0.0037 392 133 487 201
bottle 0.0035 1 288 32 330
bottle 0.0032 446 145 497 198
bottle 0.0031 25 155 110 220
bottle 0.0025 273 99 338 166
bottle 0.0025 104 157 132 194
bottle 0.0025 152 157 182 194
bottle 0.0025 122 154 164 197
bottle 0.0025 366 147 440 201
bottle 0.0023 204 289 262 331
bottle 0.0019 337 118 396 178
bottle 0.0018 477 296 500 328
bottle 0.0018 296 251 382 328
bottle 0.0016 156 152 227 199
bottle 0.0016 292 119 343 168
bottle 0.0015 58 150 152 192
bottle 0.0013 18 288 107 329
bottle 0.0012 301 84 363 166
bottle 0.0012 56 133 176 238
bottle 0.0011 326 89 405 179
bottle 0.0010 297 214 399 291
cat 0.0017 402 83 452 127
dog 0.0032 384 79 473 198
sheep 0.0017 404 82 449 129
