bottle 0.0021 457 108 500 252
bottle 0.0016 477 128 500 257
bottle 0.0013 151 128 170 153
bottle 0.0010 0 201 13 339
bottle 0.0010 461 138 500 216
chair 0.0245 44 157 170 241
chair 0.0100 460 194 503 359
chair 0.0095 328 207 491 367
chair 0.0059 448 86 502 159
chair 0.0038 455 100 503 242
chair 0.0037 -1 158 234 352
chair 0.0023 414 216 497 368
chair 0.0017 -2 185 80 367
chair 0.0015 443 106 503 347
chair 0.0013 381 171 498 348
chair 0.0010 475 160 500 332
chair 0.0010 0 226 31 364
chair 0.0010 417 85 498 202
pottedplant 0.0033 465 114 500 295
pottedplant 0.0019 478 188 499 228
pottedplant 0.0018 478 160 500 276
pottedplant 0.0011 151 128 171 153
sofa 0.5333 10 152 464 347
sofa 0.0081 74 151 404 275
tvmonitor 0.0242 184 129 217 153
tvmonitor 0.0080 449 88 500 148
