bird 0.0149 252 24 385 107
cat 0.1431 204 78 465 224
cat 0.1126 -3 127 279 278
cat 0.0222 14 74 417 277
cat 0.0155 0 130 116 273
cat 0.0133 421 110 499 236
cat 0.0117 8 61 246 193
cat 0.0096 293 79 442 205
cat 0.0069 377 81 499 226
cat 0.0051 310 77 496 279
cat 0.0034 200 103 362 211
cat 0.0033 392 103 499 313
cat 0.0025 138 104 389 243
cat 0.0020 359 77 468 152
cat 0.0017 458 106 500 221
cat 0.0017 0 125 85 230
cat 0.0014 3 84 176 242
cat 0.0014 -4 133 49 275
cat 0.0013 273 24 394 115
dog 0.1179 168 53 358 140
dog 0.0550 81 55 304 156
dog 0.0391 15 57 256 185
dog 0.0358 249 25 386 117
dog 0.0284 145 49 380 195
dog 0.0194 27 50 402 263
dog 0.0114 96 59 240 135
dog 0.0052 197 26 413 163
dog 0.0044 414 114 502 332
dog 0.0024 316 83 497 322
