cow 0.5267 47 167 116 208
cow 0.0059 72 174 116 205
sheep 0.3206 481 293 499 318
sheep 0.2809 472 277 494 291
sheep 0.0444 479 292 499 337
sheep 0.0349 488 224 499 245
sheep 0.0153 477 278 497 297
sheep 0.0145 472 283 501 326
sheep 0.0094 489 293 500 347
sheep 0.0073 466 270 497 293
sheep 0.0066 485 288 500 313
sheep 0.0051 490 231 500 259
sheep 0.0035 488 276 499 293
sheep 0.0033 473 274 495 305
sheep 0.0031 87 176 113 203
sheep 0.0028 493 303 500 364
sheep 0.0025 484 227 499 253
sheep 0.0019 486 276 500 303
sheep 0.0017 485 213 500 242
sheep 0.0017 474 307 499 345
sheep 0.0013 491 203 500 241
sheep 0.0012 483 304 500 361
sheep 0.0012 409 282 434 305
sheep 0.0011 485 254 500 293
sheep 0.0011 469 278 484 290
sheep 0.0010 494 228 500 275
sheep 0.0010 493 312 500 344
sheep 0.0010 493 266 500 293
