bicycle 0.7535 107 284 226 375
bicycle 0.0035 97 246 197 368
bicycle 0.0011 112 316 204 372
bus 0.6866 268 160 320 204
bus 0.4352 231 169 261 196
bus 0.1187 2 133 172 274
bus 0.0044 -1 148 89 298
bus 0.0025 278 163 348 201
bus 0.0025 226 164 303 198
bus 0.0017 43 146 250 256
bus 0.0016 268 164 293 202
bus 0.0014 -3 162 49 298
bus 0.0013 247 163 283 198
bus 0.0013 228 161 272 203
bus 0.0011 84 156 206 283
bus 0.0010 244 169 266 196
car 0.8392 292 189 420 251
car 0.0481 231 171 262 196
car 0.0278 0 223 15 303
car 0.0213 292 192 364 242
car 0.0078 111 228 183 261
car 0.0058 0 192 84 307
car 0.0053 112 247 180 289
car 0.0048 -3 221 39 304
car 0.0035 198 196 221 237
car 0.0033 164 235 181 272
car 0.0027 0 177 12 296
car 0.0022 108 216 184 287
car 0.0019 0 253 13 309
car 0.0013 109 237 195 320
car 0.0012 7 167 195 329
motorbike 0.0205 0 210 15 301
motorbike 0.0014 167 236 181 270
person 0.7303 45 194 100 336
person 0.0038 29 182 110 291
person 0.0027 24 194 169 342
person 0.0010 45 196 88 280
