bottle 0.0246 204 226 215 251
bottle 0.0082 287 177 298 216
bottle 0.0018 403 122 414 159
bottle 0.0012 414 16 426 42
bottle 0.0010 399 121 410 159
bottle 0.0010 408 123 419 159
chair 0.7834 205 279 407 377
chair 0.5079 -1 278 218 378
chair 0.0783 391 244 463 372
chair 0.0627 451 231 502 376
chair 0.0232 386 167 467 228
chair 0.0143 376 166 469 273
chair 0.0119 476 253 500 380
chair 0.0112 383 201 492 373
chair 0.0105 485 223 500 364
chair 0.0054 0 256 17 375
chair 0.0050 -3 261 32 376
chair 0.0039 475 308 499 372
chair 0.0028 0 204 15 310
chair 0.0026 -3 227 33 332
chair 0.0024 -3 247 56 366
chair 0.0023 221 236 400 349
chair 0.0022 -1 251 22 308
chair 0.0019 432 190 504 337
chair 0.0019 0 304 24 375
chair 0.0019 463 295 502 378
chair 0.0018 27 251 205 346
chair 0.0013 436 170 467 219
chair 0.0012 0 294 9 374
chair 0.0012 456 232 499 310
chair 0.0012 104 244 432 379
chair 0.0011 -2 194 60 300
diningtable 0.0100 409 243 500 373
pottedplant 0.0379 44 13 88 57
pottedplant 0.0376 66 15 92 56
pottedplant 0.0358 45 13 66 55
tvmonitor 0.7926 215 150 287 217
tvmonitor 0.0056 292 162 372 206
tvmonitor 0.0010 295 186 367 216
