bicycle 0.0068 26 98 93 254
bicycle 0.0026 86 158 204 318
car 0.0534 419 134 501 225
car 0.0082 405 119 502 293
car 0.0020 431 104 503 202
chair 0.0012 79 144 131 274
chair 0.0011 85 170 124 250
motorbike 0.6359 128 168 397 374
motorbike 0.1111 407 136 501 371
motorbike 0.0218 112 153 317 315
motorbike 0.0161 224 152 312 231
motorbike 0.0070 197 144 334 257
motorbike 0.0048 187 142 374 310
motorbike 0.0036 110 188 254 303
motorbike 0.0020 87 154 203 322
motorbike 0.0018 407 162 496 274
motorbike 0.0014 231 150 289 212
person 0.7282 88 81 197 319
person 0.0085 90 83 194 207
person 0.0035 63 114 79 164
person 0.0027 36 94 96 245
person 0.0018 100 101 258 338
person 0.0010 33 79 200 235
pottedplant 0.0642 255 146 280 185
pottedplant 0.0151 246 146 298 208
pottedplant 0.0030 239 150 312 228
pottedplant 0.0010 418 271 502 374
