cat 0.0214 182 128 269 188
cat 0.0111 129 111 275 187
cat 0.0075 205 116 278 177
cat 0.0018 120 110 267 280
cat 0.0012 86 263 145 317
chair 0.6904 396 85 501 308
chair 0.6564 281 109 360 262
chair 0.0945 16 117 232 327
chair 0.0940 462 97 502 254
chair 0.0470 348 53 430 257
chair 0.0343 420 80 502 233
chair 0.0260 355 78 479 280
chair 0.0254 468 95 499 199
chair 0.0206 171 122 304 314
chair 0.0177 452 117 503 316
chair 0.0160 0 190 24 299
chair 0.0159 472 68 501 168
chair 0.0159 475 104 500 304
chair 0.0124 476 98 500 137
chair 0.0079 199 117 367 344
chair 0.0070 1 150 120 306
chair 0.0063 52 84 287 283
chair 0.0063 322 13 456 249
chair 0.0062 -2 186 76 306
chair 0.0055 10 182 185 317
chair 0.0052 0 161 16 276
chair 0.0049 76 115 265 233
chair 0.0044 240 110 350 229
chair 0.0041 463 196 499 318
chair 0.0035 -3 129 35 288
chair 0.0032 397 80 471 236
chair 0.0032 97 122 327 353
chair 0.0031 186 112 304 200
chair 0.0028 439 25 502 190
chair 0.0025 410 199 499 316
chair 0.0025 271 106 381 331
chair 0.0024 115 111 242 196
chair 0.0024 211 120 324 268
chair 0.0019 262 82 401 247
chair 0.0019 376 71 430 218
chair 0.0018 286 110 344 173
chair 0.0018 112 100 245 311
chair 0.0016 203 158 284 301
chair 0.0015 476 192 500 294
chair 0.0014 238 146 300 265
chair 0.0011 389 29 491 201
chair 0.0010 228 234 495 373
chair 0.0010 0 211 22 267
diningtable 0.0215 351 81 503 302
diningtable 0.0203 17 166 228 329
diningtable 0.0191 219 107 365 274
diningtable 0.0083 293 85 443 260
diningtable 0.0024 43 129 327 342
dog 0.5452 223 239 344 372
dog 0.1786 151 121 272 190
dog 0.0160 174 118 300 281
dog 0.0109 209 120 272 175
dog 0.0095 212 139 350 366
dog 0.0086 176 143 263 201
dog 0.0082 132 113 276 237
dog 0.0075 186 111 286 180
dog 0.0027 217 233 457 371
dog 0.0021 125 120 223 185
pottedplant 0.0449 60 11 129 102
pottedplant 0.0060 10 0 131 107
pottedplant 0.0032 74 15 131 69
pottedplant 0.0023 79 38 115 102
pottedplant 0.0018 0 129 6 167
pottedplant 0.0018 16 22 122 179
pottedplant 0.0017 -2 75 36 177
pottedplant 0.0017 301 7 476 222
pottedplant 0.0015 -2 3 69 116
pottedplant 0.0014 0 126 32 168
pottedplant 0.0011 0 132 17 171
pottedplant 0.0010 -2 31 61 170
sofa 0.0181 77 101 302 307
