boat 0.0012 12 213 343 499
bottle 0.0774 181 94 307 483
bottle 0.0720 200 143 251 291
bottle 0.0205 192 147 288 319
bottle 0.0178 183 210 254 436
bottle 0.0132 86 62 328 504
bottle 0.0045 201 172 306 393
bottle 0.0037 225 211 303 320
bottle 0.0029 163 218 277 493
bottle 0.0024 229 220 286 290
bottle 0.0020 186 216 246 329
bottle 0.0014 122 133 284 342
bottle 0.0012 234 232 266 284
person 0.4788 2 9 332 501
person 0.0108 222 391 236 429
person 0.0036 218 390 266 445
person 0.0031 227 394 256 435
person 0.0027 -5 29 176 457
person 0.0016 205 350 281 483
