bird 0.0031 0 83 20 151
dog 0.0029 0 80 17 178
person 0.0070 0 81 19 153
person 0.0016 0 52 23 140
person 0.0010 0 88 9 165
pottedplant 0.0777 79 151 199 322
pottedplant 0.0762 158 79 364 258
pottedplant 0.0592 60 47 458 355
pottedplant 0.0174 150 173 416 373
pottedplant 0.0117 68 128 305 368
pottedplant 0.0087 196 146 319 283
pottedplant 0.0084 236 112 367 241
pottedplant 0.0072 215 165 289 246
pottedplant 0.0070 172 75 308 204
pottedplant 0.0059 135 188 283 368
pottedplant 0.0055 83 81 299 280
pottedplant 0.0055 96 157 204 258
pottedplant 0.0045 210 109 401 343
pottedplant 0.0040 275 220 397 374
pottedplant 0.0030 56 63 224 310
pottedplant 0.0024 162 0 244 100
pottedplant 0.0024 113 234 210 364
pottedplant 0.0024 114 172 188 285
pottedplant 0.0021 366 27 504 373
pottedplant 0.0021 313 274 394 376
pottedplant 0.0020 82 188 154 347
pottedplant 0.0018 224 245 354 375
pottedplant 0.0017 233 5 492 349
pottedplant 0.0016 111 246 180 342
pottedplant 0.0014 258 80 400 277
pottedplant 0.0013 194 253 281 374
pottedplant 0.0013 282 125 377 229
pottedplant 0.0010 262 0 473 190
pottedplant 0.0010 186 120 300 233
