bird 0.5894 212 97 275 246
bird 0.0089 217 98 270 169
bird 0.0065 218 97 262 139
bird 0.0042 -2 56 75 289
bird 0.0031 0 175 11 279
bird 0.0022 181 61 360 249
bird 0.0022 0 162 27 290
bird 0.0019 0 201 6 269
bird 0.0019 -3 173 64 309
bird 0.0017 244 85 345 250
bird 0.0017 242 102 277 174
bird 0.0016 213 23 442 275
bird 0.0015 234 99 276 143
bird 0.0015 146 88 293 254
bird 0.0015 -3 109 41 283
bird 0.0012 0 185 16 314
bird 0.0011 200 92 256 197
bird 0.0011 236 99 291 237
bird 0.0010 247 104 286 141
bird 0.0010 0 33 34 254
