bicycle 0.0041 -8 221 286 378
bicycle 0.0028 130 112 181 193
bicycle 0.0019 31 269 210 377
bicycle 0.0019 106 86 197 217
bicycle 0.0016 83 46 201 315
bicycle 0.0016 37 268 388 378
bottle 0.0045 431 121 457 163
bottle 0.0016 233 153 258 191
bottle 0.0015 412 105 477 184
bottle 0.0014 97 277 142 338
bottle 0.0011 89 270 170 373
chair 0.0332 200 198 324 345
chair 0.0149 127 191 362 359
chair 0.0093 77 143 296 365
chair 0.0077 138 91 262 342
chair 0.0065 147 213 477 381
chair 0.0056 99 139 211 352
chair 0.0055 196 195 267 338
chair 0.0048 155 106 426 344
chair 0.0027 206 201 257 294
chair 0.0024 228 208 307 308
chair 0.0017 147 174 213 312
chair 0.0017 -3 170 77 377
chair 0.0011 235 121 376 368
chair 0.0010 159 180 251 338
diningtable 0.0043 68 262 453 380
person 0.6538 153 74 269 311
person 0.5298 -1 12 176 378
person 0.4662 246 61 492 373
person 0.0150 -2 64 70 372
person 0.0113 166 73 260 215
person 0.0107 128 70 327 358
person 0.0090 28 76 280 364
person 0.0066 2 1 172 200
person 0.0065 146 86 438 311
person 0.0060 73 25 192 287
person 0.0044 380 64 499 369
person 0.0034 0 40 37 354
person 0.0017 368 67 458 167
person 0.0017 249 88 398 318
person 0.0016 -1 61 64 188
person 0.0015 100 74 184 227
person 0.0012 340 71 484 234
person 0.0012 195 101 288 242
pottedplant 0.0046 103 86 184 220
pottedplant 0.0034 110 114 178 191
pottedplant 0.0022 134 87 194 176
pottedplant 0.0011 378 0 425 27
pottedplant 0.0010 142 97 193 140
sofa 0.0040 78 82 451 362
