car 0.0087 3 76 34 90
car 0.0026 0 76 7 93
car 0.0022 0 76 20 92
cow 0.3276 187 184 295 271
dog 0.1478 180 154 209 201
sheep 0.6162 282 175 414 282
sheep 0.2209 188 182 299 272
sheep 0.1298 298 163 391 195
sheep 0.0921 178 155 211 203
sheep 0.0638 292 163 394 219
sheep 0.0438 218 170 343 275
sheep 0.0387 260 163 379 264
sheep 0.0319 187 165 299 219
sheep 0.0195 270 160 353 195
sheep 0.0165 236 160 335 200
sheep 0.0149 341 187 414 273
sheep 0.0104 248 172 313 271
sheep 0.0096 293 163 335 189
sheep 0.0082 275 178 344 276
sheep 0.0058 178 156 263 208
sheep 0.0053 215 164 295 199
sheep 0.0053 327 169 396 193
sheep 0.0043 263 162 328 188
sheep 0.0030 174 155 280 245
sheep 0.0030 258 166 329 217
sheep 0.0028 231 168 309 211
sheep 0.0026 359 216 411 269
sheep 0.0023 300 161 331 175
sheep 0.0023 326 167 410 251
sheep 0.0022 252 168 315 197
sheep 0.0017 234 196 300 275
sheep 0.0013 186 194 259 260
sheep 0.0012 282 197 369 266
sheep 0.0011 369 229 399 261
sheep 0.0011 264 166 303 189
sheep 0.0010 180 157 227 215
