bicycle 0.2035 0 223 100 364
bicycle 0.1421 45 156 121 291
bicycle 0.1357 2 135 115 353
bicycle 0.0383 33 237 99 342
bicycle 0.0140 32 117 164 327
bicycle 0.0096 102 269 258 377
bicycle 0.0045 62 168 134 264
bicycle 0.0020 8 157 103 274
bicycle 0.0019 19 196 115 317
bicycle 0.0019 -1 211 47 371
bicycle 0.0010 45 274 90 347
bicycle 0.0010 52 220 244 378
bottle 0.0023 41 210 63 268
bottle 0.0016 268 164 291 229
bus 0.0104 276 7 504 291
car 0.1123 342 12 500 282
car 0.0456 356 130 499 263
car 0.0201 252 88 485 318
car 0.0173 323 118 463 292
car 0.0125 3 61 69 99
car 0.0058 273 89 383 264
car 0.0030 412 1 498 262
car 0.0029 413 158 497 251
car 0.0028 64 144 136 211
car 0.0024 -1 56 76 122
car 0.0019 202 113 318 191
car 0.0014 175 117 349 223
car 0.0012 136 96 312 255
car 0.0010 83 150 135 194
motorbike 0.0067 349 146 482 290
motorbike 0.0012 45 123 135 238
motorbike 0.0011 106 207 254 375
person 0.7008 271 93 371 367
person 0.6364 108 104 231 372
person 0.4441 -1 121 58 362
person 0.4410 37 95 104 199
person 0.3464 170 102 241 368
person 0.0708 166 99 235 252
person 0.0672 10 103 115 297
person 0.0389 -3 109 38 203
person 0.0379 -2 111 56 237
person 0.0362 357 146 451 287
person 0.0360 0 110 30 357
person 0.0158 41 95 93 155
person 0.0104 -2 93 84 174
person 0.0100 87 107 203 303
person 0.0073 260 89 369 227
person 0.0058 178 94 237 174
person 0.0052 45 122 118 261
person 0.0047 0 111 28 173
person 0.0038 0 119 28 243
person 0.0037 34 94 162 212
person 0.0033 3 123 80 262
person 0.0032 114 102 215 213
person 0.0030 170 96 221 201
person 0.0029 45 143 160 350
person 0.0026 298 87 367 182
person 0.0025 329 107 438 311
person 0.0024 262 120 329 360
person 0.0020 418 15 502 253
person 0.0019 0 96 32 153
person 0.0018 49 97 118 170
person 0.0017 285 89 395 276
person 0.0016 254 130 341 261
person 0.0013 119 104 185 186
person 0.0012 195 96 235 147
person 0.0012 174 98 211 167
person 0.0011 331 -8 486 278
person 0.0010 122 211 257 373
pottedplant 0.0021 422 0 496 33
