bird 0.0041 457 214 503 343
bird 0.0037 407 45 502 148
bird 0.0025 369 264 494 349
bird 0.0024 405 74 483 131
bird 0.0018 383 39 500 201
bird 0.0016 0 231 32 282
bird 0.0016 414 76 464 118
bird 0.0013 379 139 496 223
bird 0.0013 467 236 500 305
bird 0.0011 373 186 500 315
bird 0.0011 382 31 484 132
bird 0.0011 437 176 503 330
bird 0.0010 464 273 502 375
bird 0.0010 420 251 496 338
bottle 0.0012 0 232 33 279
dog 0.6060 91 95 288 244
dog 0.0208 134 113 377 244
dog 0.0145 173 129 313 247
dog 0.0061 62 82 452 247
dog 0.0054 219 135 392 236
dog 0.0018 90 97 230 193
dog 0.0010 108 122 465 312
