car 0.1671 -2 0 115 77
car 0.1135 -1 4 64 73
car 0.1037 0 0 21 69
car 0.0226 0 1 19 37
car 0.0070 -4 -5 28 45
car 0.0051 30 28 453 287
car 0.0032 233 20 501 312
car 0.0029 0 35 21 69
car 0.0027 0 -5 18 20
car 0.0023 0 20 14 72
car 0.0015 -5 11 81 106
car 0.0011 -3 25 33 89
car 0.0010 14 0 140 134
car 0.0010 0 -23 15 27
cat 0.1943 254 117 298 170
cat 0.0202 251 115 339 175
cat 0.0160 100 45 412 255
cat 0.0072 209 86 374 212
cat 0.0071 221 110 297 167
cat 0.0046 253 104 351 224
cat 0.0037 2 30 511 317
cat 0.0027 206 4 485 305
cat 0.0015 281 119 354 170
dog 0.0077 256 114 300 165
sheep 0.0010 29 42 348 307
sofa 0.0076 25 38 449 312
train 0.0049 21 183 370 317
train 0.0019 15 198 257 294
train 0.0010 40 61 437 324
