bottle 0.0148 217 243 330 375
bottle 0.0037 226 46 243 65
bottle 0.0036 105 50 153 88
bottle 0.0035 3 190 96 263
bottle 0.0020 12 216 240 354
bottle 0.0020 18 190 159 264
bottle 0.0017 207 50 221 65
bottle 0.0016 54 205 90 264
bottle 0.0012 203 252 422 379
bottle 0.0012 17 192 91 234
bus 0.0013 18 43 156 220
car 0.0196 14 60 360 344
car 0.0148 -1 244 236 375
car 0.0111 71 58 103 70
car 0.0042 105 54 150 88
car 0.0027 8 16 151 225
car 0.0017 93 64 299 248
car 0.0016 1 191 89 250
car 0.0016 6 72 233 276
car 0.0010 167 49 216 67
chair 0.1312 178 71 334 326
chair 0.0412 175 66 285 235
chair 0.0265 420 122 497 320
chair 0.0091 53 63 367 340
chair 0.0054 395 133 464 354
chair 0.0038 156 67 267 172
chair 0.0022 297 123 365 224
chair 0.0020 432 111 486 238
chair 0.0019 168 119 266 267
chair 0.0017 432 231 503 374
chair 0.0017 339 85 441 272
chair 0.0016 162 89 447 361
chair 0.0014 189 153 321 258
chair 0.0014 186 158 245 228
chair 0.0014 405 234 463 365
chair 0.0013 234 105 342 308
chair 0.0012 0 170 232 329
chair 0.0011 345 162 465 368
chair 0.0010 371 89 440 225
chair 0.0010 458 130 500 335
chair 0.0010 88 205 168 260
motorbike 0.0089 4 59 308 341
motorbike 0.0012 174 181 361 374
motorbike 0.0010 4 109 238 281
person 0.0025 -1 187 94 268
person 0.0020 2 1 80 76
person 0.0012 0 182 14 278
pottedplant 0.0098 104 52 149 88
tvmonitor 0.7043 343 26 434 131
tvmonitor 0.0398 427 125 498 268
tvmonitor 0.0333 476 63 500 122
tvmonitor 0.0315 386 98 431 159
tvmonitor 0.0185 457 138 502 249
tvmonitor 0.0159 338 173 428 326
tvmonitor 0.0134 374 156 451 339
tvmonitor 0.0112 381 5 419 33
tvmonitor 0.0109 349 39 397 118
tvmonitor 0.0082 444 34 500 130
tvmonitor 0.0063 266 138 317 200
tvmonitor 0.0057 371 159 439 262
tvmonitor 0.0052 9 39 151 223
tvmonitor 0.0049 387 32 438 150
tvmonitor 0.0040 486 59 500 111
tvmonitor 0.0038 422 63 451 144
tvmonitor 0.0030 394 171 441 318
tvmonitor 0.0029 239 -1 359 104
tvmonitor 0.0026 223 97 333 251
tvmonitor 0.0026 270 127 339 218
tvmonitor 0.0025 467 19 500 122
tvmonitor 0.0022 341 186 405 288
tvmonitor 0.0018 380 2 444 35
tvmonitor 0.0018 458 74 503 154
tvmonitor 0.0016 450 88 503 230
tvmonitor 0.0015 408 48 460 151
tvmonitor 0.0014 445 62 483 130
tvmonitor 0.0013 348 120 468 297
tvmonitor 0.0013 401 173 461 363
tvmonitor 0.0013 345 74 439 179
tvmonitor 0.0011 362 182 406 234
tvmonitor 0.0011 432 52 482 156
tvmonitor 0.0011 476 156 499 239
tvmonitor 0.0010 364 2 395 33
tvmonitor 0.0010 404 105 436 161
