bottle 0.5921 366 5 387 51
bottle 0.5251 412 0 432 51
bottle 0.4142 386 7 409 50
bottle 0.3824 312 166 346 240
bottle 0.1089 373 5 403 51
bottle 0.0639 380 1 425 53
bottle 0.0317 395 4 415 51
bottle 0.0231 422 0 437 47
bottle 0.0225 336 151 360 209
bottle 0.0175 316 102 416 305
bottle 0.0119 333 148 367 235
bottle 0.0093 411 0 429 28
bottle 0.0083 85 288 100 334
bottle 0.0080 361 4 379 51
bottle 0.0072 325 120 382 244
bottle 0.0063 267 268 289 336
bottle 0.0047 325 159 350 227
bottle 0.0044 314 164 359 322
bottle 0.0036 337 150 356 186
bottle 0.0033 262 254 298 334
bottle 0.0030 235 159 253 233
bottle 0.0027 283 273 295 331
bottle 0.0026 354 101 376 141
bottle 0.0023 317 153 388 284
bottle 0.0023 274 262 294 331
bottle 0.0021 312 170 328 234
bottle 0.0021 321 184 354 253
bottle 0.0019 261 266 281 337
bottle 0.0019 424 0 456 53
bottle 0.0019 371 3 385 36
bottle 0.0018 88 283 119 336
bottle 0.0017 321 152 350 197
bottle 0.0017 390 8 402 28
bottle 0.0017 286 271 307 333
bottle 0.0013 339 149 354 172
bottle 0.0012 361 106 389 173
bottle 0.0012 334 107 389 206
bottle 0.0012 416 4 444 57
bottle 0.0012 316 155 340 207
bottle 0.0012 323 267 345 298
bottle 0.0011 260 287 271 334
bottle 0.0011 413 -1 427 16
bottle 0.0010 397 -4 437 48
car 0.0014 136 312 226 342
cat 0.0394 -1 143 86 216
diningtable 0.0012 -1 207 127 376
person 0.7295 316 70 469 371
person 0.4507 0 144 149 365
person 0.0071 -2 140 91 327
person 0.0067 311 124 403 316
person 0.0040 368 62 467 282
person 0.0026 -1 142 107 242
person 0.0022 2 133 269 328
person 0.0014 381 76 492 377
tvmonitor 0.0012 167 270 254 336
