boat 0.0069 106 3 126 25
boat 0.0068 4 14 65 59
boat 0.0044 8 17 29 54
boat 0.0013 15 21 58 52
boat 0.0010 88 -1 130 30
bottle 0.0066 131 353 190 415
bottle 0.0054 82 396 135 439
bottle 0.0016 37 387 156 447
bottle 0.0015 33 380 208 463
car 0.0064 347 -1 376 38
cat 0.0011 5 367 247 501
chair 0.6564 243 230 377 383
chair 0.0259 311 197 378 342
chair 0.0108 257 177 381 344
chair 0.0088 330 193 377 290
chair 0.0035 342 234 379 398
chair 0.0034 358 280 375 407
chair 0.0026 157 134 326 402
chair 0.0026 337 199 374 261
chair 0.0013 306 242 376 383
chair 0.0010 223 166 347 373
person 0.6551 145 124 261 489
person 0.0467 35 21 50 45
person 0.0143 345 -1 377 41
person 0.0047 28 18 52 49
person 0.0042 10 19 28 55
person 0.0027 164 123 267 346
person 0.0018 352 0 375 27
person 0.0010 41 131 273 461
