bird 0.0198 98 375 145 428
bird 0.0035 90 378 149 465
bird 0.0022 210 458 225 486
bird 0.0018 56 374 151 490
boat 0.0573 216 430 248 457
boat 0.0051 209 422 253 473
boat 0.0049 96 372 147 423
boat 0.0033 203 364 254 475
boat 0.0024 207 434 235 483
boat 0.0012 213 385 248 459
boat 0.0010 191 439 236 494
boat 0.0010 208 455 228 489
boat 0.0010 161 44 324 435
bottle 0.0020 181 56 277 374
bottle 0.0014 206 87 249 210
bottle 0.0014 142 34 312 442
car 0.8077 312 60 376 117
car 0.0029 312 62 347 113
car 0.0020 315 69 333 111
chair 0.0011 -12 16 358 464
person 0.0024 210 459 225 485
person 0.0021 8 29 341 480
