bottle 0.0011 457 282 491 336
bottle 0.0010 455 306 485 340
chair 0.0388 339 -1 502 303
chair 0.0038 1 209 220 374
chair 0.0016 232 40 501 346
dog 0.1526 130 71 289 241
dog 0.0758 175 93 328 253
dog 0.0301 8 53 293 294
dog 0.0080 170 177 266 262
dog 0.0054 138 142 276 268
dog 0.0030 98 123 325 308
dog 0.0018 179 83 261 228
dog 0.0017 103 77 262 192
dog 0.0011 219 129 294 228
dog 0.0011 173 156 238 232
person 0.2795 -1 27 267 364
person 0.0216 46 0 214 102
person 0.0129 23 2 242 209
person 0.0066 1 177 224 374
person 0.0012 73 31 212 123
pottedplant 0.0157 455 237 501 326
pottedplant 0.0023 455 265 502 369
pottedplant 0.0016 459 270 496 324
sofa 0.0013 181 21 499 328
