bicycle 0.7166 2 123 152 264
bicycle 0.4912 247 107 468 348
bicycle 0.4024 117 142 304 318
bicycle 0.0641 -1 130 64 268
bicycle 0.0263 246 176 386 361
bicycle 0.0217 0 172 48 281
bicycle 0.0192 3 146 83 207
bicycle 0.0171 260 87 474 241
bicycle 0.0134 130 84 434 315
bicycle 0.0119 76 126 172 218
bicycle 0.0115 144 75 314 283
bicycle 0.0103 82 128 163 182
bicycle 0.0072 0 125 35 257
bicycle 0.0038 0 158 25 274
bicycle 0.0036 120 204 270 314
bicycle 0.0022 321 106 477 291
bicycle 0.0021 274 101 384 232
bicycle 0.0021 90 117 248 288
bicycle 0.0019 -3 107 87 220
bicycle 0.0018 16 113 155 205
bicycle 0.0017 158 86 264 250
bicycle 0.0016 212 92 406 266
bicycle 0.0012 44 123 139 190
bicycle 0.0010 255 191 335 315
bottle 0.0254 339 52 354 81
bottle 0.0116 33 163 71 188
bottle 0.0062 22 152 78 190
bottle 0.0055 51 164 75 185
bottle 0.0018 43 162 66 182
bottle 0.0018 319 51 345 78
bottle 0.0016 338 51 358 93
bottle 0.0013 12 148 86 227
bottle 0.0013 330 31 356 82
bottle 0.0011 39 154 76 180
bottle 0.0011 313 18 351 82
bottle 0.0010 310 45 354 101
bottle 0.0010 309 32 364 129
car 0.1075 448 2 488 27
car 0.0443 363 2 422 26
car 0.0048 329 8 358 26
car 0.0034 332 1 400 29
car 0.0034 421 1 484 30
car 0.0032 405 6 435 21
car 0.0031 311 4 356 27
car 0.0022 391 5 437 24
car 0.0019 360 5 399 24
car 0.0018 420 5 447 19
car 0.0013 419 3 464 24
car 0.0013 463 3 486 23
car 0.0011 365 12 418 29
car 0.0011 448 2 473 21
car 0.0011 443 7 469 26
chair 0.0013 311 128 468 321
motorbike 0.0023 319 105 478 293
person 0.4638 189 26 326 265
person 0.0209 216 28 316 184
person 0.0161 -2 127 38 229
person 0.0045 144 104 296 276
person 0.0040 307 110 470 292
person 0.0036 228 47 367 248
person 0.0030 0 132 31 196
person 0.0015 0 89 36 201
person 0.0013 0 120 53 193
person 0.0012 310 46 367 151
person 0.0010 0 58 24 225
person 0.0010 334 49 363 128
