bus 0.3715 127 256 232 352
bus 0.0096 48 225 236 344
bus 0.0048 139 243 386 339
bus 0.0032 33 227 131 318
bus 0.0015 49 253 76 288
bus 0.0012 147 259 285 334
bus 0.0012 38 52 439 353
bus 0.0012 74 216 136 303
car 0.8000 225 254 408 347
car 0.6774 13 288 134 375
car 0.1481 9 267 47 290
car 0.0981 14 264 70 289
car 0.0630 5 267 50 313
car 0.0549 4 282 40 353
car 0.0187 0 276 17 358
car 0.0168 16 287 48 357
car 0.0152 62 303 137 374
car 0.0081 97 294 133 372
car 0.0069 14 272 86 293
car 0.0064 0 258 22 337
car 0.0058 10 274 41 300
car 0.0049 76 233 95 250
car 0.0048 142 262 231 354
car 0.0047 6 290 62 371
car 0.0033 47 243 72 267
car 0.0033 0 286 9 358
car 0.0025 310 252 417 313
car 0.0024 12 270 95 309
car 0.0023 51 268 75 287
car 0.0023 112 314 132 369
car 0.0022 -5 257 100 360
car 0.0018 48 242 69 255
car 0.0018 13 265 123 326
car 0.0017 37 263 90 295
car 0.0016 12 226 147 366
car 0.0014 37 274 80 291
car 0.0014 12 260 67 278
car 0.0013 44 259 76 286
car 0.0013 18 279 45 298
car 0.0013 12 261 42 278
car 0.0011 0 261 8 336
car 0.0011 14 282 49 310
car 0.0011 6 270 29 296
car 0.0011 64 341 129 372
car 0.0010 64 217 129 296
person 0.0027 82 217 128 294
person 0.0025 0 302 13 376
person 0.0016 100 284 132 361
person 0.0012 74 231 94 251
person 0.0012 134 254 215 342
person 0.0012 151 282 168 307
person 0.0010 6 223 25 255
train 0.0018 67 60 459 344
