chair 0.0836 113 231 148 282
chair 0.0045 109 229 151 324
chair 0.0018 89 187 203 327
chair 0.0013 125 199 162 299
person 0.6819 127 156 195 310
person 0.6648 244 155 307 312
person 0.6353 26 169 91 309
person 0.0280 41 170 122 300
person 0.0166 21 175 62 311
person 0.0131 246 156 302 236
person 0.0087 235 162 274 313
person 0.0053 164 161 222 317
person 0.0052 228 197 263 308
person 0.0035 120 183 167 314
person 0.0031 28 168 84 230
person 0.0024 273 176 313 330
person 0.0023 129 155 192 218
person 0.0017 29 168 111 252
person 0.0014 74 127 261 265
person 0.0012 233 220 257 282
person 0.0011 251 160 292 215
pottedplant 0.0022 173 190 261 324
