dog 0.0047 -1 419 110 502
horse 0.3527 69 185 267 500
horse 0.0492 78 48 298 435
horse 0.0033 156 197 278 492
horse 0.0011 215 227 278 460
person 0.7218 0 232 114 497
person 0.7120 319 246 378 506
person 0.0219 103 33 291 349
person 0.0207 1 234 90 346
person 0.0063 48 252 139 485
person 0.0035 261 246 383 495
person 0.0033 6 245 242 500
person 0.0028 124 39 284 203
person 0.0023 57 196 179 494
person 0.0019 18 212 158 430
person 0.0016 315 247 378 336
person 0.0013 326 236 376 405
person 0.0013 72 299 119 388
person 0.0013 -6 79 274 451
