bottle 0.7260 80 212 104 290
bottle 0.3788 214 202 235 288
bottle 0.2802 252 215 276 287
bottle 0.2483 182 198 209 292
bottle 0.1955 162 2 187 43
bottle 0.1643 232 211 259 286
bottle 0.1121 220 203 267 292
bottle 0.0777 190 197 231 289
bottle 0.0600 35 226 61 292
bottle 0.0432 41 119 65 160
bottle 0.0386 205 207 225 292
bottle 0.0370 45 220 68 283
bottle 0.0345 56 227 67 273
bottle 0.0252 258 234 280 290
bottle 0.0232 65 212 86 287
bottle 0.0226 145 205 184 294
bottle 0.0207 55 218 74 276
bottle 0.0204 239 209 281 292
bottle 0.0178 240 219 265 289
bottle 0.0149 103 170 120 206
bottle 0.0137 89 213 106 279
bottle 0.0109 114 195 156 291
bottle 0.0108 123 181 145 209
bottle 0.0103 89 195 138 283
bottle 0.0095 397 135 420 185
bottle 0.0094 250 237 272 291
bottle 0.0089 101 211 116 278
bottle 0.0089 127 184 141 205
bottle 0.0066 153 237 184 290
bottle 0.0055 33 223 48 280
bottle 0.0047 204 198 220 268
bottle 0.0046 104 187 123 208
bottle 0.0042 110 180 126 207
bottle 0.0040 28 212 55 272
bottle 0.0039 179 157 214 282
bottle 0.0034 23 210 66 284
bottle 0.0029 27 221 43 274
bottle 0.0024 107 204 121 277
bottle 0.0023 35 210 83 288
bottle 0.0023 111 171 153 248
bottle 0.0020 158 236 204 295
bottle 0.0019 243 0 271 48
bottle 0.0017 109 206 132 281
bottle 0.0017 1 131 37 203
bottle 0.0017 103 180 125 230
bottle 0.0017 221 12 242 48
bottle 0.0017 185 195 206 250
bottle 0.0016 0 204 20 291
bottle 0.0016 182 3 199 44
bottle 0.0015 237 2 260 48
bottle 0.0015 37 254 60 295
bottle 0.0014 93 166 140 236
bottle 0.0014 23 118 68 181
bottle 0.0014 232 208 270 262
bottle 0.0013 314 140 324 173
bottle 0.0013 112 174 152 212
bottle 0.0013 142 5 175 44
bottle 0.0013 138 18 163 43
bottle 0.0013 96 178 112 206
bottle 0.0012 32 221 46 255
bottle 0.0012 56 240 69 288
bottle 0.0012 253 244 268 283
bottle 0.0011 169 1 205 44
bottle 0.0011 63 224 80 262
bottle 0.0011 41 214 63 269
bottle 0.0010 94 180 123 271
bottle 0.0010 249 210 279 257
bottle 0.0010 102 133 127 157
chair 0.0071 408 282 477 331
chair 0.0053 409 213 484 331
chair 0.0013 62 8 117 42
diningtable 0.0010 23 212 404 323
person 0.7709 256 110 448 334
person 0.0073 398 135 418 182
person 0.0064 395 123 425 190
person 0.0046 197 118 398 298
person 0.0019 368 121 430 189
person 0.0019 358 105 468 326
person 0.0013 308 116 417 193
person 0.0012 379 133 403 175
person 0.0011 267 114 422 238
person 0.0010 359 116 405 178
pottedplant 0.0247 35 234 59 292
pottedplant 0.0018 53 236 68 290
tvmonitor 0.0091 411 117 451 190
