bicycle 0.0025 23 178 293 333
bicycle 0.0012 126 170 355 337
bicycle 0.0011 -1 279 53 335
bird 0.0030 222 159 282 256
bird 0.0030 152 162 276 257
boat 0.0016 57 93 458 285
bottle 0.0053 43 141 62 205
bottle 0.0028 26 131 64 216
bottle 0.0024 1 122 74 253
bottle 0.0024 39 141 70 223
bottle 0.0013 0 267 14 333
bottle 0.0013 150 264 181 317
bottle 0.0012 432 239 449 259
chair 0.0034 173 177 367 333
chair 0.0029 441 255 502 335
chair 0.0014 227 203 448 332
chair 0.0013 342 243 484 337
chair 0.0010 314 252 415 334
diningtable 0.0038 365 233 501 335
diningtable 0.0033 431 240 503 334
person 0.4748 1 75 172 331
person 0.3651 332 173 460 331
person 0.0883 339 171 437 262
person 0.0849 -2 99 84 328
person 0.0473 46 74 169 231
person 0.0188 252 162 371 288
person 0.0143 239 170 438 332
person 0.0128 486 115 500 256
person 0.0107 482 3 500 64
person 0.0106 420 178 443 209
person 0.0104 52 183 173 325
person 0.0092 154 158 277 255
person 0.0089 -1 102 33 319
person 0.0086 361 172 495 282
person 0.0085 0 107 55 188
person 0.0079 349 170 415 238
person 0.0070 2 73 145 198
person 0.0069 403 167 473 242
person 0.0060 412 161 456 211
person 0.0057 71 74 149 161
person 0.0056 33 69 276 315
person 0.0049 442 146 500 222
person 0.0048 466 125 500 249
person 0.0048 218 157 286 255
person 0.0044 407 162 427 205
person 0.0042 94 129 293 279
person 0.0040 -1 85 18 293
person 0.0039 0 99 63 250
person 0.0038 423 150 501 254
person 0.0032 -3 162 48 336
person 0.0032 409 173 440 212
person 0.0027 466 1 502 65
person 0.0027 394 161 443 212
person 0.0027 485 4 500 40
person 0.0026 402 0 442 63
person 0.0026 449 167 490 218
person 0.0023 0 183 16 336
person 0.0023 413 179 448 232
person 0.0023 265 154 362 238
person 0.0022 440 161 478 212
person 0.0021 138 146 390 317
person 0.0020 295 172 422 295
person 0.0018 388 174 448 248
person 0.0017 470 169 500 269
person 0.0016 462 153 503 295
person 0.0016 125 159 262 301
person 0.0014 0 107 17 188
person 0.0014 415 173 503 335
person 0.0014 374 172 433 226
person 0.0014 376 176 416 212
person 0.0013 61 193 152 286
person 0.0012 481 2 501 113
person 0.0011 167 140 342 249
person 0.0011 0 112 31 179
person 0.0011 0 267 16 333
person 0.0011 489 4 500 82
person 0.0010 306 159 362 210
person 0.0010 0 115 38 226
person 0.0010 0 153 84 266
person 0.0010 482 175 499 252
person 0.0010 -2 200 130 336
