aeroplane 0.0039 404 116 499 182
boat 0.1959 169 130 409 265
boat 0.0178 43 113 441 281
boat 0.0159 403 122 490 178
boat 0.0087 171 60 484 273
boat 0.0087 112 176 190 282
boat 0.0044 349 77 407 144
boat 0.0027 146 190 213 293
boat 0.0021 101 115 197 273
boat 0.0020 387 81 496 180
boat 0.0017 391 141 453 177
boat 0.0016 183 198 212 282
boat 0.0014 132 190 190 326
boat 0.0013 323 65 452 168
boat 0.0013 260 69 464 207
boat 0.0012 55 59 253 278
boat 0.0010 14 14 374 275
boat 0.0010 0 135 104 207
boat 0.0010 92 173 247 308
bottle 0.0223 123 179 188 318
bottle 0.0022 137 252 190 326
car 0.0032 -2 155 56 217
car 0.0028 1 177 49 213
car 0.0011 15 184 50 208
car 0.0010 1 137 102 204
chair 0.0013 179 187 396 274
person 0.0046 404 123 475 176
pottedplant 0.0015 84 -6 444 271
