boat 0.0175 319 95 500 217
boat 0.0073 358 283 482 398
boat 0.0033 440 86 498 186
boat 0.0028 360 52 506 192
boat 0.0026 75 27 533 357
boat 0.0011 326 122 470 194
chair 0.0021 404 300 466 366
person 0.6154 350 283 406 426
person 0.0515 403 296 471 372
person 0.0250 356 286 400 372
person 0.0087 344 294 377 417
person 0.0061 446 305 470 367
person 0.0047 310 275 417 429
person 0.0046 413 265 500 371
person 0.0044 389 294 488 406
person 0.0043 372 284 409 360
person 0.0042 349 298 369 373
person 0.0040 355 275 473 372
person 0.0038 345 291 461 418
person 0.0030 460 293 502 391
person 0.0021 241 269 450 454
person 0.0020 343 102 374 183
person 0.0020 441 74 493 158
person 0.0018 447 102 476 140
person 0.0017 444 302 489 382
person 0.0017 447 99 481 168
person 0.0017 344 103 373 140
person 0.0013 406 270 463 352
person 0.0012 481 252 500 367
person 0.0012 298 311 388 443
person 0.0010 321 85 400 186
train 0.2574 30 68 360 455
train 0.0397 40 251 389 458
train 0.0039 73 36 528 405
train 0.0036 142 228 514 449
train 0.0015 339 262 482 383
train 0.0011 77 319 437 484
