aeroplane 0.4197 134 107 333 206
aeroplane 0.0236 232 153 285 206
aeroplane 0.0179 160 139 305 204
aeroplane 0.0153 198 131 329 191
aeroplane 0.0106 256 149 331 179
aeroplane 0.0056 185 156 283 204
aeroplane 0.0041 138 144 252 183
aeroplane 0.0023 209 144 262 202
aeroplane 0.0023 143 152 222 179
aeroplane 0.0021 18 85 368 203
aeroplane 0.0017 208 117 277 198
aeroplane 0.0010 187 122 254 193
car 0.7767 420 157 501 261
car 0.0197 40 174 57 191
car 0.0191 34 171 59 209
car 0.0069 464 151 499 169
car 0.0046 -1 164 33 221
car 0.0036 0 161 10 202
car 0.0031 471 156 496 168
car 0.0030 444 149 499 174
car 0.0020 463 156 497 184
car 0.0018 443 140 503 222
car 0.0017 30 171 57 195
car 0.0017 37 166 69 195
car 0.0016 268 161 335 178
car 0.0014 455 155 492 168
motorbike 0.3561 98 191 153 225
motorbike 0.0046 95 199 137 223
motorbike 0.0037 123 190 151 223
motorbike 0.0016 114 192 141 222
person 0.7835 54 163 77 227
person 0.7735 16 168 44 229
person 0.4266 105 172 127 215
person 0.3731 366 170 383 204
person 0.2302 0 163 11 229
person 0.1722 253 164 268 208
person 0.0855 107 176 147 222
person 0.0827 128 166 142 205
person 0.0633 106 171 123 200
person 0.0395 0 157 6 209
person 0.0362 36 168 58 225
person 0.0268 125 174 145 220
person 0.0210 244 155 273 207
person 0.0184 115 172 138 215
person 0.0181 98 187 134 222
person 0.0173 25 172 54 229
person 0.0054 217 158 271 206
person 0.0052 0 164 31 221
person 0.0046 0 185 6 236
person 0.0035 0 154 5 186
person 0.0032 250 169 263 206
person 0.0025 0 154 12 206
person 0.0024 47 157 92 226
person 0.0022 42 177 63 229
person 0.0018 19 193 38 228
person 0.0016 120 169 139 202
person 0.0014 466 168 490 188
person 0.0013 55 194 75 227
person 0.0011 130 183 157 222
person 0.0011 363 169 401 204
