bottle 0.0042 372 191 390 220
bottle 0.0039 216 181 231 208
bottle 0.0028 436 190 455 230
bottle 0.0024 373 187 401 223
bottle 0.0015 375 190 387 211
bottle 0.0011 381 196 394 222
chair 0.2804 374 230 458 372
chair 0.1132 212 211 316 347
chair 0.1000 -1 212 71 375
chair 0.0528 235 192 284 220
chair 0.0478 223 193 295 244
chair 0.0415 215 213 308 276
chair 0.0400 380 231 456 283
chair 0.0251 438 226 502 368
chair 0.0119 0 210 62 306
chair 0.0106 4 214 139 374
chair 0.0100 369 221 465 307
chair 0.0034 481 225 500 365
chair 0.0033 78 220 325 380
chair 0.0031 287 198 401 347
chair 0.0024 215 205 280 261
chair 0.0024 16 256 227 378
chair 0.0021 312 206 379 331
chair 0.0021 0 204 12 364
chair 0.0020 269 169 361 221
chair 0.0019 233 181 303 229
chair 0.0018 383 280 474 381
chair 0.0018 425 201 502 321
chair 0.0017 376 188 451 269
chair 0.0016 233 204 373 335
chair 0.0015 278 227 457 375
chair 0.0015 455 182 499 339
chair 0.0013 306 200 479 317
chair 0.0012 195 214 417 376
chair 0.0011 217 188 270 214
chair 0.0011 207 186 343 289
chair 0.0011 -3 207 108 320
chair 0.0011 343 276 451 374
chair 0.0010 1 215 48 271
chair 0.0010 195 325 323 380
chair 0.0010 382 279 450 345
diningtable 0.1782 20 233 299 378
diningtable 0.0057 218 185 400 328
diningtable 0.0026 251 194 474 363
tvmonitor 0.1405 380 160 440 223
tvmonitor 0.0598 378 143 473 220
tvmonitor 0.0397 130 118 251 208
tvmonitor 0.0209 269 107 330 176
tvmonitor 0.0099 90 81 251 220
tvmonitor 0.0071 -4 52 115 243
tvmonitor 0.0049 127 131 203 210
tvmonitor 0.0043 56 18 263 237
tvmonitor 0.0031 0 139 77 226
tvmonitor 0.0029 178 127 253 201
tvmonitor 0.0018 140 141 188 202
tvmonitor 0.0011 392 142 470 190
