bicycle 0.0050 205 185 304 349
bus 0.0304 0 121 86 160
bus 0.0036 -1 118 44 158
car 0.0999 0 126 33 160
car 0.0789 52 128 101 158
car 0.0741 11 125 102 160
car 0.0455 0 122 61 160
car 0.0187 0 134 20 161
car 0.0154 266 105 326 138
car 0.0097 437 96 499 146
car 0.0093 347 99 451 152
car 0.0080 86 124 149 159
car 0.0070 350 122 382 146
car 0.0069 189 73 438 257
car 0.0042 337 103 404 154
car 0.0040 68 114 147 151
car 0.0031 259 83 413 184
car 0.0030 287 103 342 135
car 0.0027 350 107 391 141
car 0.0027 334 96 448 189
car 0.0026 239 103 330 149
car 0.0026 0 125 11 159
car 0.0023 111 118 156 157
car 0.0022 87 110 142 139
car 0.0020 46 116 116 161
car 0.0017 361 97 423 141
car 0.0014 317 105 338 131
car 0.0012 177 87 340 175
car 0.0012 456 110 498 148
car 0.0012 263 100 366 152
car 0.0012 484 93 500 147
car 0.0011 0 138 9 161
car 0.0011 56 133 85 156
car 0.0010 316 97 348 132
motorbike 0.4843 199 111 434 352
motorbike 0.0450 205 154 327 351
motorbike 0.0111 434 107 499 148
motorbike 0.0085 354 98 463 153
motorbike 0.0051 428 127 492 149
motorbike 0.0041 404 106 455 149
motorbike 0.0026 401 95 485 148
motorbike 0.0016 446 132 496 147
motorbike 0.0015 271 96 437 241
motorbike 0.0014 342 94 446 191
person 0.3275 176 80 330 281
person 0.0848 194 85 435 316
person 0.0153 116 133 143 157
person 0.0036 113 114 144 157
person 0.0031 231 78 379 270
person 0.0015 283 81 382 207
person 0.0012 313 88 368 192
person 0.0011 118 128 160 156
person 0.0011 176 133 209 156
person 0.0010 75 121 136 158
person 0.0010 482 105 500 148
