aeroplane 0.4584 116 227 461 343
aeroplane 0.0479 14 224 318 341
aeroplane 0.0283 233 264 483 339
aeroplane 0.0248 404 323 462 341
aeroplane 0.0200 168 232 454 298
aeroplane 0.0172 396 325 438 340
aeroplane 0.0127 431 273 501 319
aeroplane 0.0112 367 268 499 334
aeroplane 0.0092 120 222 361 303
aeroplane 0.0080 368 240 502 314
aeroplane 0.0066 453 244 503 306
aeroplane 0.0064 178 232 355 286
aeroplane 0.0059 291 260 365 285
aeroplane 0.0058 388 309 484 343
aeroplane 0.0057 44 155 486 319
aeroplane 0.0052 435 230 502 284
aeroplane 0.0050 418 302 499 346
aeroplane 0.0038 420 315 468 341
aeroplane 0.0032 376 323 465 355
aeroplane 0.0028 457 281 500 321
aeroplane 0.0027 289 267 343 286
aeroplane 0.0026 436 289 494 313
aeroplane 0.0020 109 234 277 338
aeroplane 0.0019 340 300 476 341
aeroplane 0.0019 147 227 292 289
aeroplane 0.0017 10 268 259 347
aeroplane 0.0017 380 289 493 349
aeroplane 0.0017 393 328 425 342
aeroplane 0.0017 414 321 501 363
aeroplane 0.0016 451 289 503 344
aeroplane 0.0013 147 196 473 287
aeroplane 0.0013 212 253 370 288
aeroplane 0.0012 346 227 494 291
aeroplane 0.0011 433 326 466 341
aeroplane 0.0010 471 273 501 315
aeroplane 0.0010 408 319 476 352
car 0.0218 397 326 428 340
car 0.0057 412 324 458 341
car 0.0017 422 327 447 340
car 0.0016 433 326 459 341
car 0.0015 0 324 18 348
person 0.0024 266 365 279 375
