bus 0.0023 -4 162 125 300
bus 0.0011 256 162 465 242
car 0.2136 0 131 160 252
car 0.0459 -16 131 287 268
car 0.0031 -5 134 76 227
car 0.0030 19 128 191 206
car 0.0029 0 144 17 214
car 0.0021 -3 137 37 221
car 0.0018 316 199 365 236
car 0.0017 327 207 361 233
car 0.0016 -9 136 99 275
car 0.0014 0 143 9 202
chair 0.0033 450 267 503 376
person 0.7611 49 185 93 298
person 0.7171 -1 158 37 316
person 0.5887 349 207 471 376
person 0.3199 350 191 419 303
person 0.3137 304 194 333 260
person 0.0468 467 205 502 337
person 0.0196 339 219 409 378
person 0.0157 483 182 500 338
person 0.0101 418 216 500 377
person 0.0093 377 193 484 325
person 0.0072 472 250 500 331
person 0.0071 445 176 502 338
person 0.0062 385 247 483 375
person 0.0043 366 191 441 281
person 0.0032 373 191 414 267
person 0.0031 4 181 113 302
person 0.0030 396 213 463 306
person 0.0025 319 187 417 265
person 0.0019 0 140 20 280
person 0.0019 0 144 35 250
person 0.0018 427 242 482 342
person 0.0015 466 185 500 251
person 0.0013 0 195 24 333
person 0.0013 0 112 6 182
person 0.0012 434 194 456 247
person 0.0011 30 123 41 149
person 0.0011 489 242 500 326
person 0.0010 300 189 351 269
person 0.0010 32 166 85 282
person 0.0010 0 121 14 195
train 0.2768 76 136 391 263
train 0.0113 245 175 393 262
train 0.0030 172 150 440 284
train 0.0016 79 60 487 260
