bottle 0.1872 481 250 500 330
bottle 0.0177 472 224 502 327
bottle 0.0102 364 239 380 277
bottle 0.0030 488 237 500 321
bottle 0.0029 369 235 384 273
bottle 0.0022 357 209 391 305
bottle 0.0013 494 229 500 298
chair 0.5236 225 132 321 282
chair 0.4041 303 129 391 272
chair 0.3313 -4 173 154 371
chair 0.1567 217 127 282 268
chair 0.1276 249 135 366 272
chair 0.0575 288 132 353 260
chair 0.0259 264 137 320 260
chair 0.0206 347 126 414 231
chair 0.0181 213 124 263 187
chair 0.0151 201 130 259 260
chair 0.0141 280 134 332 235
chair 0.0098 343 139 390 281
chair 0.0096 380 126 414 187
chair 0.0075 325 119 405 193
chair 0.0065 309 117 378 202
chair 0.0042 261 138 294 218
chair 0.0042 374 133 431 202
chair 0.0040 327 121 380 164
chair 0.0037 230 130 297 217
chair 0.0034 272 141 311 223
chair 0.0033 214 128 246 175
chair 0.0030 258 98 328 222
chair 0.0025 220 134 260 220
chair 0.0025 252 125 275 139
chair 0.0020 289 178 343 276
chair 0.0018 357 132 397 210
chair 0.0018 300 138 341 220
chair 0.0014 -1 5 163 350
chair 0.0013 74 215 160 369
chair 0.0013 380 122 410 159
chair 0.0013 -2 156 90 268
chair 0.0011 108 211 154 361
chair 0.0011 281 102 394 226
chair 0.0011 222 125 284 171
chair 0.0010 241 128 290 188
chair 0.0010 249 126 289 160
chair 0.0010 283 148 323 213
diningtable 0.3491 224 133 332 283
diningtable 0.0046 54 258 433 380
diningtable 0.0024 455 226 501 330
person 0.7489 354 150 448 342
person 0.1657 466 135 502 257
person 0.0350 345 132 418 270
person 0.0286 461 143 502 334
person 0.0193 477 158 499 235
person 0.0178 477 147 500 310
person 0.0084 478 132 500 211
person 0.0052 488 163 500 241
person 0.0031 357 146 445 251
person 0.0024 488 129 500 202
person 0.0013 492 179 500 249
person 0.0012 454 112 502 211
person 0.0010 412 128 506 267
pottedplant 0.0069 374 110 406 135
pottedplant 0.0032 478 119 500 201
pottedplant 0.0019 384 115 409 138
pottedplant 0.0015 369 114 390 132
pottedplant 0.0014 283 74 339 177
sofa 0.0105 -4 169 131 368
