bicycle 0.8598 0 217 118 320
bicycle 0.7166 386 191 499 305
bicycle 0.6856 143 262 368 379
bicycle 0.0317 0 222 39 318
bicycle 0.0292 246 246 384 373
bicycle 0.0131 440 130 502 288
bicycle 0.0109 118 269 277 374
bicycle 0.0066 0 215 22 303
bicycle 0.0051 461 170 499 293
bicycle 0.0031 -2 196 36 289
bicycle 0.0026 482 172 500 292
bicycle 0.0025 440 218 479 252
bicycle 0.0021 120 309 245 375
bicycle 0.0020 0 223 38 271
bicycle 0.0018 466 130 500 260
bicycle 0.0018 -3 172 79 308
bicycle 0.0018 27 222 114 285
bicycle 0.0017 428 218 493 274
bicycle 0.0013 295 223 368 368
bicycle 0.0012 197 229 343 366
bicycle 0.0012 -1 177 16 287
bicycle 0.0012 380 192 459 274
bicycle 0.0011 85 234 214 375
bicycle 0.0010 0 214 9 293
bicycle 0.0010 241 258 317 361
bottle 0.0036 438 219 480 260
bottle 0.0016 449 228 467 251
bottle 0.0014 1 226 47 268
bottle 0.0011 9 229 39 253
car 0.0028 469 135 499 202
car 0.0015 471 109 500 183
car 0.0014 463 124 502 230
person 0.8011 177 143 254 372
person 0.7647 117 146 187 369
person 0.6222 295 152 359 355
person 0.5972 241 147 309 364
person 0.1215 333 151 361 202
person 0.0309 310 150 364 256
person 0.0094 332 148 369 230
person 0.0053 115 133 244 358
person 0.0042 332 151 354 184
person 0.0042 244 144 305 266
person 0.0029 343 149 369 205
person 0.0025 198 138 274 331
person 0.0024 140 142 192 188
person 0.0021 278 142 376 282
person 0.0016 250 147 303 195
person 0.0015 451 226 465 244
person 0.0015 229 178 356 373
person 0.0015 473 128 500 286
person 0.0014 288 149 360 216
person 0.0014 228 142 335 284
pottedplant 0.0013 381 195 466 296
