bird 0.1176 60 385 290 502
bird 0.0015 124 218 393 388
boat 0.0038 6 5 195 215
bottle 0.0042 126 221 199 299
bottle 0.0030 71 138 255 384
bottle 0.0023 154 209 202 248
bottle 0.0014 149 213 206 271
bottle 0.0012 115 208 267 315
car 0.0045 34 -3 343 123
car 0.0012 6 0 208 206
car 0.0011 61 -1 270 87
chair 0.1140 166 63 222 194
chair 0.0172 100 50 179 215
chair 0.0152 2 100 117 217
chair 0.0062 83 25 234 210
chair 0.0036 8 8 194 213
chair 0.0033 169 66 226 127
chair 0.0024 155 61 251 245
chair 0.0021 0 110 68 202
chair 0.0017 0 67 83 189
chair 0.0017 138 30 249 168
chair 0.0010 106 57 315 263
dog 0.0015 47 385 265 503
person 0.4400 0 22 79 192
person 0.3093 111 56 408 412
person 0.0171 0 52 18 103
person 0.0143 9 23 71 123
person 0.0137 0 12 167 211
person 0.0079 -2 38 42 103
person 0.0061 18 0 87 61
person 0.0057 -2 123 380 499
person 0.0047 30 0 79 38
person 0.0043 4 5 100 138
person 0.0038 2 49 24 82
person 0.0022 0 49 14 85
person 0.0022 -1 37 48 149
person 0.0022 10 48 31 81
person 0.0021 112 206 381 360
person 0.0020 33 0 76 21
person 0.0017 107 23 179 196
person 0.0016 143 53 378 280
person 0.0013 44 -3 116 47
person 0.0012 -6 -2 87 88
person 0.0010 24 34 102 200
pottedplant 0.0014 354 0 389 42
pottedplant 0.0013 355 1 373 41
