aeroplane 0.0068 87 43 488 330
aeroplane 0.0016 97 155 479 303
aeroplane 0.0014 211 183 498 282
aeroplane 0.0011 346 193 496 269
bottle 0.0080 24 286 38 322
bottle 0.0069 39 300 48 322
bottle 0.0054 32 296 47 322
bottle 0.0011 19 278 41 323
car 0.0023 235 250 300 279
car 0.0018 307 231 380 265
chair 0.0025 384 256 499 326
chair 0.0020 459 173 499 214
chair 0.0011 0 226 46 314
horse 0.0015 174 58 499 323
motorbike 0.0443 111 38 469 259
person 0.7018 219 252 314 374
person 0.0760 103 150 307 246
person 0.0670 130 82 301 233
person 0.0666 310 235 340 282
person 0.0450 65 49 457 249
person 0.0249 98 163 360 286
person 0.0094 89 34 342 159
person 0.0080 163 88 293 172
person 0.0069 224 212 345 282
person 0.0053 89 153 196 242
person 0.0036 0 228 42 311
person 0.0035 0 231 17 306
person 0.0028 97 158 241 276
person 0.0025 67 148 312 341
person 0.0024 0 -2 34 117
person 0.0020 280 227 340 281
person 0.0020 312 249 334 284
person 0.0019 174 58 497 323
person 0.0018 181 61 326 203
person 0.0017 317 239 355 280
person 0.0016 154 32 419 192
person 0.0014 166 169 315 238
person 0.0013 176 171 450 301
person 0.0013 462 172 496 209
person 0.0013 291 226 406 274
person 0.0012 -4 167 44 302
sofa 0.0015 384 245 500 327
tvmonitor 0.0021 0 223 39 264
tvmonitor 0.0016 91 43 297 155
tvmonitor 0.0011 -1 136 76 254
