bird 0.0443 68 151 119 199
bird 0.0124 98 224 155 301
bird 0.0091 83 153 118 179
bird 0.0059 118 228 168 302
bird 0.0032 55 228 94 302
bird 0.0018 66 147 122 269
bird 0.0013 53 230 126 296
bird 0.0012 54 188 127 284
bird 0.0011 59 254 83 304
bird 0.0010 136 239 172 310
cow 0.3208 229 222 381 312
cow 0.1693 60 224 145 298
cow 0.1630 352 212 402 302
cow 0.0458 241 209 348 245
cow 0.0304 75 154 117 193
cow 0.0214 99 223 150 296
cow 0.0203 198 206 283 303
cow 0.0166 213 203 339 260
cow 0.0146 309 209 404 306
cow 0.0113 56 227 104 294
cow 0.0106 158 225 253 308
cow 0.0083 279 212 349 240
cow 0.0029 239 227 321 308
cow 0.0023 234 199 369 281
cow 0.0015 276 226 356 309
cow 0.0013 213 206 271 256
cow 0.0012 62 155 111 208
dog 0.0053 75 228 143 295
sheep 0.0971 233 213 372 312
sheep 0.0201 220 207 344 254
sheep 0.0091 282 210 346 239
sheep 0.0082 103 225 146 294
sheep 0.0050 122 231 186 304
sheep 0.0048 139 223 245 305
sheep 0.0026 133 228 169 293
sheep 0.0012 191 207 251 291
sheep 0.0010 264 225 347 308
sheep 0.0010 212 206 293 261
