bottle 0.0017 0 -7 59 221
chair 0.0079 396 271 501 377
chair 0.0063 -2 33 78 360
chair 0.0056 -1 174 76 336
chair 0.0055 0 284 125 380
chair 0.0034 368 194 502 371
chair 0.0029 0 181 125 369
chair 0.0021 -2 26 176 363
chair 0.0011 365 195 495 290
chair 0.0010 306 264 478 378
diningtable 0.0044 0 315 118 377
diningtable 0.0024 339 218 500 370
dog 0.3135 163 42 389 317
dog 0.0048 147 120 344 366
dog 0.0012 173 47 342 227
person 0.0077 -3 -6 82 353
person 0.0053 -4 7 179 346
pottedplant 0.0020 457 202 498 239
tvmonitor 0.0036 363 193 406 229
tvmonitor 0.0011 342 181 438 242
tvmonitor 0.0011 382 195 499 289
