bottle 0.0018 210 212 237 255
bottle 0.0013 189 247 206 283
bottle 0.0010 88 197 209 332
chair 0.0189 0 258 179 499
chair 0.0062 1 371 204 502
dog 0.0010 134 157 259 429
person 0.6043 231 72 333 458
person 0.5739 3 191 167 442
person 0.4711 189 0 271 174
person 0.4448 149 -1 225 210
person 0.2995 16 -2 140 217
person 0.2941 2 140 94 223
person 0.0943 -1 0 52 134
person 0.0654 238 40 330 300
person 0.0638 3 -1 103 143
person 0.0632 11 142 74 201
person 0.0485 10 139 133 271
person 0.0351 50 11 184 244
person 0.0281 193 -1 279 84
person 0.0255 238 49 332 181
person 0.0232 122 0 183 67
person 0.0209 0 0 29 119
person 0.0204 134 -2 216 71
person 0.0199 2 157 155 328
person 0.0189 260 0 319 58
person 0.0188 0 267 193 501
person 0.0178 308 0 331 70
person 0.0176 11 0 91 81
person 0.0157 -2 17 69 183
person 0.0150 139 31 306 442
person 0.0139 31 99 168 275
person 0.0115 170 8 282 246
person 0.0109 70 0 148 67
person 0.0093 0 -1 58 48
person 0.0082 120 0 193 126
person 0.0082 0 151 77 282
person 0.0078 37 0 149 138
person 0.0076 20 0 69 62
person 0.0070 218 253 332 453
person 0.0064 281 1 334 112
person 0.0062 164 -1 234 48
person 0.0054 225 0 331 125
person 0.0053 161 0 264 115
person 0.0053 55 199 189 368
person 0.0051 26 -2 123 52
person 0.0044 92 106 269 419
person 0.0041 1 83 72 206
person 0.0036 -1 58 41 159
person 0.0034 153 63 269 327
person 0.0032 202 46 318 218
person 0.0032 287 0 323 57
person 0.0030 44 145 113 238
person 0.0028 -1 0 26 66
person 0.0027 170 0 221 22
person 0.0026 183 0 263 44
person 0.0024 1 0 36 42
person 0.0024 24 0 87 40
person 0.0023 96 0 171 51
person 0.0022 21 0 55 42
person 0.0021 307 10 332 121
person 0.0020 52 205 161 308
person 0.0019 220 51 298 161
person 0.0019 300 0 328 47
person 0.0017 190 45 302 342
person 0.0017 49 36 249 339
person 0.0017 26 207 258 468
person 0.0016 22 0 69 27
person 0.0015 2 187 90 318
person 0.0014 182 1 217 42
person 0.0014 135 1 176 48
person 0.0013 315 105 331 131
person 0.0013 0 80 28 138
person 0.0013 269 0 316 36
person 0.0013 4 0 43 81
person 0.0011 3 95 57 148
person 0.0011 45 1 115 86
person 0.0011 170 165 328 469
person 0.0011 302 16 329 87
person 0.0010 144 -1 206 20
person 0.0010 309 0 329 32
person 0.0010 72 233 188 455
