bus 0.5958 13 14 263 340
bus 0.3978 261 81 495 358
bus 0.3233 18 34 497 348
bus 0.0204 -3 -15 66 324
bus 0.0065 -1 23 131 325
bus 0.0048 263 89 397 325
bus 0.0027 0 32 33 333
bus 0.0025 52 137 317 342
bus 0.0013 0 207 20 307
bus 0.0012 23 140 141 292
bus 0.0011 0 -3 52 191
person 0.0057 88 197 127 236
person 0.0034 267 97 370 314
person 0.0018 73 194 120 241
person 0.0015 45 165 148 268
person 0.0013 278 182 358 231
person 0.0011 456 187 467 220
person 0.0010 296 161 361 223
person 0.0010 104 196 148 240
pottedplant 0.0420 0 261 12 307
pottedplant 0.0138 0 279 11 311
pottedplant 0.0116 0 236 7 307
pottedplant 0.0023 0 226 17 309
