bicycle 0.2537 26 143 206 297
bicycle 0.0070 6 135 129 292
horse 0.2185 65 47 457 288
horse 0.0768 18 112 206 301
horse 0.0167 245 34 445 269
horse 0.0044 54 101 320 296
person 0.2684 18 85 126 213
person 0.1688 23 85 113 162
person 0.0120 18 93 187 265
person 0.0074 29 85 83 134
person 0.0033 1 90 92 241
person 0.0022 0 111 33 244
person 0.0019 29 92 176 167
person 0.0015 50 101 182 210
person 0.0013 251 28 422 261
person 0.0012 15 212 24 227
person 0.0012 -1 104 21 305
person 0.0010 -4 83 46 223
