bird 0.5171 128 173 239 258
bird 0.2316 346 453 362 494
bird 0.1953 141 189 243 394
bird 0.1098 130 173 164 214
bird 0.1012 156 203 240 254
bird 0.0386 315 451 364 493
bird 0.0065 135 381 156 422
bird 0.0053 340 451 370 495
bird 0.0046 139 199 238 305
bird 0.0041 127 174 204 227
bird 0.0040 249 474 268 488
bird 0.0036 157 223 239 265
bird 0.0034 157 292 190 316
bird 0.0030 131 388 149 420
bird 0.0028 150 246 216 361
bird 0.0023 147 364 228 402
bird 0.0021 270 453 366 499
bird 0.0017 124 376 162 424
bird 0.0016 153 273 194 325
bird 0.0016 222 290 234 327
bird 0.0014 162 216 238 349
bird 0.0012 309 448 330 472
bird 0.0012 123 172 168 233
bird 0.0011 131 151 233 223
bird 0.0011 123 379 147 417
pottedplant 0.0045 -13 289 125 511
pottedplant 0.0010 28 434 166 501
