dog 0.6067 160 171 348 374
dog 0.0014 141 106 465 426
person 0.0043 368 10 510 492
person 0.0032 77 25 495 459
person 0.0013 93 351 108 379
person 0.0010 95 73 379 358
pottedplant 0.4183 106 -2 265 231
pottedplant 0.3268 220 -4 410 235
pottedplant 0.3174 123 120 243 233
pottedplant 0.0362 259 56 387 249
pottedplant 0.0241 196 4 348 182
pottedplant 0.0111 108 54 212 254
pottedplant 0.0077 114 123 178 240
pottedplant 0.0061 307 16 421 240
pottedplant 0.0057 120 68 336 271
pottedplant 0.0055 152 120 255 194
pottedplant 0.0040 144 109 310 227
pottedplant 0.0036 175 129 239 185
pottedplant 0.0034 95 94 268 302
pottedplant 0.0026 86 16 435 365
pottedplant 0.0017 108 0 255 119
pottedplant 0.0016 233 51 436 347
pottedplant 0.0016 346 -4 461 261
pottedplant 0.0015 292 121 376 252
pottedplant 0.0013 120 144 162 223
pottedplant 0.0013 263 0 493 209
pottedplant 0.0012 117 105 203 213
pottedplant 0.0011 231 15 309 170
pottedplant 0.0011 281 -5 403 152
pottedplant 0.0010 13 2 228 236
pottedplant 0.0010 96 109 186 285
