cat 0.0143 25 57 309 358
cat 0.0099 163 12 470 295
cat 0.0083 54 90 270 264
cat 0.0041 102 106 211 235
cat 0.0035 180 31 339 279
cat 0.0022 43 41 221 233
chair 0.0203 341 130 494 322
chair 0.0021 404 140 501 357
chair 0.0020 323 180 406 289
chair 0.0018 356 196 500 377
chair 0.0012 417 126 502 239
diningtable 0.0134 -4 211 467 480
person 0.0053 157 31 365 320
person 0.0045 25 42 385 410
person 0.0043 195 90 337 289
pottedplant 0.0506 7 114 156 385
pottedplant 0.0409 7 86 214 280
pottedplant 0.0145 30 97 159 251
pottedplant 0.0124 18 103 319 399
pottedplant 0.0058 59 196 152 371
pottedplant 0.0055 161 22 319 286
pottedplant 0.0055 6 338 150 484
pottedplant 0.0054 40 131 190 315
pottedplant 0.0042 32 166 233 376
pottedplant 0.0041 0 217 142 438
pottedplant 0.0036 54 95 127 231
pottedplant 0.0031 195 108 333 290
pottedplant 0.0030 0 101 121 294
pottedplant 0.0020 87 233 141 335
pottedplant 0.0015 55 342 145 431
pottedplant 0.0014 9 74 111 217
pottedplant 0.0011 54 148 133 297
sofa 0.0808 329 130 498 330
sofa 0.0281 4 149 462 461
sofa 0.0016 39 155 330 355
sofa 0.0010 395 123 500 241
