bottle 0.0080 94 185 203 269
chair 0.0110 123 241 245 474
chair 0.0031 69 180 132 243
chair 0.0015 25 286 265 482
chair 0.0012 32 261 123 327
diningtable 0.0055 25 324 177 443
diningtable 0.0055 19 337 236 493
diningtable 0.0013 -3 412 230 504
person 0.2685 69 181 238 401
person 0.0206 32 185 173 337
person 0.0120 142 205 244 433
person 0.0093 66 182 204 299
person 0.0026 23 245 244 479
person 0.0017 32 206 187 428
person 0.0016 30 243 146 358
person 0.0011 107 187 182 273
person 0.0011 95 197 171 341
