aeroplane 0.0132 439 123 502 190
aeroplane 0.0050 376 72 502 239
aeroplane 0.0045 428 79 503 196
aeroplane 0.0041 443 103 499 170
aeroplane 0.0023 448 113 498 150
aeroplane 0.0018 385 120 501 197
bicycle 0.7742 113 111 416 312
bicycle 0.0021 14 106 259 302
bicycle 0.0012 287 114 422 287
car 0.0010 411 170 436 195
person 0.0027 410 2 499 170
person 0.0023 56 180 84 259
person 0.0015 413 170 435 195
person 0.0011 367 -8 497 228
person 0.0010 33 166 92 253
pottedplant 0.0077 -2 126 44 194
pottedplant 0.0017 -2 49 57 203
