chair 0.7927 371 151 456 251
chair 0.4308 271 138 342 208
chair 0.1130 414 190 502 375
chair 0.0400 278 140 339 179
chair 0.0341 299 143 338 206
chair 0.0299 -2 195 35 302
chair 0.0203 215 145 309 219
chair 0.0133 264 153 315 201
chair 0.0117 -3 180 74 300
chair 0.0089 223 143 341 251
chair 0.0085 424 168 501 297
chair 0.0059 0 180 18 289
chair 0.0059 236 151 304 195
chair 0.0055 482 128 499 188
chair 0.0054 0 218 23 312
chair 0.0053 437 181 499 260
chair 0.0051 78 162 238 294
chair 0.0045 455 132 504 251
chair 0.0036 483 122 500 240
chair 0.0028 -3 290 140 375
chair 0.0026 304 169 340 207
chair 0.0022 273 138 322 169
chair 0.0015 202 146 310 282
chair 0.0015 287 156 352 229
chair 0.0015 237 181 322 302
chair 0.0014 248 149 391 294
chair 0.0014 466 120 504 196
chair 0.0013 256 161 301 194
chair 0.0012 0 219 5 299
chair 0.0011 460 175 500 314
diningtable 0.0127 234 188 398 315
diningtable 0.0018 -2 208 57 312
pottedplant 0.1710 4 158 80 223
pottedplant 0.0651 0 157 90 293
pottedplant 0.0203 0 193 26 225
pottedplant 0.0107 -3 183 39 294
pottedplant 0.0063 0 176 16 222
pottedplant 0.0036 0 162 41 222
pottedplant 0.0028 5 191 37 219
pottedplant 0.0025 0 193 12 221
pottedplant 0.0014 0 190 11 240
pottedplant 0.0012 0 190 21 253
sofa 0.7210 76 144 316 291
sofa 0.2195 414 187 502 366
sofa 0.0082 176 144 309 264
sofa 0.0011 454 183 499 359
