bus 0.2589 153 -1 464 123
bus 0.0012 291 9 474 115
car 0.4023 0 25 162 150
car 0.0556 109 -4 441 126
car 0.0087 10 8 316 145
car 0.0068 146 0 241 36
car 0.0061 431 61 475 93
car 0.0046 0 30 16 142
car 0.0043 1 69 134 160
car 0.0042 119 -3 344 74
car 0.0029 -2 21 86 143
car 0.0028 204 46 380 123
car 0.0021 415 48 476 96
car 0.0018 226 18 482 123
car 0.0016 146 3 264 65
car 0.0014 14 1 460 199
car 0.0013 -3 19 39 139
car 0.0013 0 16 24 104
car 0.0012 6 15 172 97
car 0.0010 129 -5 323 43
motorbike 0.2739 17 36 462 291
motorbike 0.0817 166 90 435 274
motorbike 0.0032 37 78 177 241
motorbike 0.0020 25 25 248 253
