boat 0.0050 223 21 496 320
boat 0.0016 0 10 291 292
chair 0.0174 134 125 258 244
chair 0.0046 264 103 347 241
chair 0.0044 168 88 337 234
chair 0.0038 131 130 194 246
chair 0.0017 202 96 409 252
person 0.1343 141 117 272 233
person 0.0347 145 63 342 221
person 0.0263 259 25 352 182
person 0.0174 281 23 348 130
person 0.0074 148 100 283 186
person 0.0067 140 120 193 176
person 0.0058 141 120 227 194
person 0.0040 230 40 380 251
person 0.0023 271 88 340 200
person 0.0022 175 131 255 182
person 0.0020 196 29 466 268
person 0.0015 29 50 275 257
person 0.0015 164 8 346 179
person 0.0015 158 146 336 238
person 0.0014 264 2 337 111
person 0.0013 279 115 332 174
person 0.0011 278 132 315 177
person 0.0011 86 99 219 203
person 0.0010 294 6 342 90
sofa 0.2591 143 100 353 242
tvmonitor 0.0011 1 1 172 305
tvmonitor 0.0010 343 3 501 315
