bicycle 0.0331 40 316 144 499
car 0.0335 -1 215 36 363
car 0.0122 239 210 375 379
car 0.0065 217 213 283 309
car 0.0047 0 222 39 294
car 0.0043 -1 249 24 378
car 0.0022 2 187 147 453
car 0.0021 2 250 73 367
car 0.0013 -8 207 99 368
motorbike 0.5985 232 206 375 497
motorbike 0.3221 15 177 168 502
motorbike 0.0456 34 298 156 497
motorbike 0.0118 219 212 361 373
motorbike 0.0087 218 211 290 341
motorbike 0.0083 95 173 176 343
motorbike 0.0025 17 181 149 364
person 0.8068 173 88 265 316
person 0.6399 98 97 174 324
person 0.0405 0 212 22 355
person 0.0206 122 224 176 333
person 0.0125 69 169 175 399
person 0.0090 213 213 276 315
person 0.0068 98 102 162 233
person 0.0063 0 211 36 308
person 0.0060 0 202 21 230
person 0.0044 113 101 221 319
person 0.0034 0 201 22 255
person 0.0034 113 255 169 404
person 0.0030 143 237 176 322
person 0.0029 98 206 169 460
person 0.0028 -3 201 29 276
person 0.0028 222 219 255 310
person 0.0019 -7 220 31 378
person 0.0018 184 197 298 329
person 0.0013 175 86 265 198
person 0.0013 0 219 21 292
person 0.0012 0 259 20 393
person 0.0011 171 127 227 321
person 0.0010 72 86 271 312
