bicycle 0.0013 221 210 374 310
bottle 0.0113 272 220 283 258
bottle 0.0046 253 221 275 261
bottle 0.0032 239 225 254 266
bottle 0.0031 285 220 302 260
bottle 0.0022 264 219 280 256
bottle 0.0020 254 221 267 255
bottle 0.0015 249 225 268 266
bottle 0.0012 244 223 260 263
bottle 0.0010 283 218 306 290
chair 0.2749 399 206 487 298
chair 0.0462 403 206 471 265
chair 0.0452 464 207 502 293
chair 0.0369 403 208 501 374
chair 0.0126 105 321 284 378
chair 0.0045 454 211 503 375
chair 0.0042 339 205 492 318
chair 0.0034 473 208 500 266
chair 0.0021 247 239 366 318
chair 0.0016 103 319 173 375
chair 0.0013 203 214 387 329
chair 0.0011 476 203 500 356
chair 0.0010 108 296 354 379
chair 0.0010 471 166 500 277
diningtable 0.0238 174 287 500 377
diningtable 0.0011 99 242 440 370
diningtable 0.0011 19 294 311 378
person 0.2229 41 140 75 237
person 0.0065 59 168 77 235
person 0.0010 54 146 89 234
pottedplant 0.5038 293 210 413 317
pottedplant 0.2178 157 133 201 269
pottedplant 0.0915 157 130 199 171
pottedplant 0.0345 279 87 311 183
pottedplant 0.0258 161 207 193 274
pottedplant 0.0229 351 279 410 328
pottedplant 0.0087 166 94 201 175
pottedplant 0.0081 319 209 465 286
pottedplant 0.0068 286 217 365 311
pottedplant 0.0068 159 136 202 208
pottedplant 0.0064 183 96 201 173
pottedplant 0.0061 266 235 421 343
pottedplant 0.0043 163 154 199 236
pottedplant 0.0042 339 227 414 329
pottedplant 0.0039 163 182 206 277
pottedplant 0.0036 219 282 489 370
pottedplant 0.0034 157 215 199 305
pottedplant 0.0027 250 84 310 165
pottedplant 0.0026 304 255 385 326
pottedplant 0.0025 159 159 239 277
pottedplant 0.0025 342 254 400 314
pottedplant 0.0023 304 271 364 315
pottedplant 0.0021 247 86 295 105
pottedplant 0.0020 351 210 437 263
pottedplant 0.0020 202 81 310 148
pottedplant 0.0019 218 220 377 321
pottedplant 0.0019 293 8 428 285
pottedplant 0.0017 321 276 458 355
pottedplant 0.0017 109 124 217 280
pottedplant 0.0017 359 215 414 295
pottedplant 0.0015 275 88 321 243
pottedplant 0.0015 316 237 403 305
pottedplant 0.0013 138 139 189 295
pottedplant 0.0012 324 208 406 266
pottedplant 0.0012 370 213 416 258
pottedplant 0.0011 359 295 421 332
pottedplant 0.0010 165 194 198 252
pottedplant 0.0010 303 212 374 270
pottedplant 0.0010 238 86 300 120
pottedplant 0.0010 164 220 190 258
tvmonitor 0.6880 197 92 292 176
tvmonitor 0.0021 457 107 500 162
