diningtable 0.0014 16 360 471 504
dog 0.1804 7 201 199 494
dog 0.1189 12 203 187 353
dog 0.0152 55 202 183 301
dog 0.0063 21 320 170 496
dog 0.0026 31 210 305 430
dog 0.0026 2 251 122 502
dog 0.0012 96 203 200 337
person 0.1886 98 169 142 210
person 0.1145 9 87 474 492
person 0.0591 9 196 288 492
person 0.0354 41 -1 187 103
person 0.0092 200 47 473 451
person 0.0081 85 157 152 215
person 0.0066 54 142 194 267
person 0.0043 46 19 139 107
person 0.0027 77 5 151 96
person 0.0027 16 281 435 498
person 0.0020 151 72 177 93
person 0.0020 69 80 342 406
person 0.0019 98 166 172 247
person 0.0019 50 0 131 69
person 0.0018 68 -1 173 44
person 0.0018 136 56 174 94
person 0.0017 53 317 283 497
person 0.0016 184 169 263 310
person 0.0016 58 163 150 243
person 0.0016 102 6 174 95
person 0.0015 100 196 184 279
person 0.0014 152 130 344 343
person 0.0012 56 169 279 368
person 0.0012 133 39 184 102
person 0.0012 129 188 274 335
person 0.0011 51 0 114 42
person 0.0011 8 247 110 488
pottedplant 0.0015 28 207 142 296
tvmonitor 0.0436 32 -4 195 114
tvmonitor 0.0050 51 134 188 242
