bicycle 0.0028 384 92 496 221
bottle 0.0035 251 230 262 259
bottle 0.0012 240 143 279 212
car 0.0035 463 108 502 237
car 0.0025 429 104 502 244
car 0.0019 371 101 489 261
car 0.0014 481 112 500 245
car 0.0012 3 318 36 346
car 0.0011 0 298 44 349
chair 0.3418 262 280 375 376
chair 0.2991 80 235 156 374
chair 0.0136 75 187 195 375
chair 0.0098 261 301 334 374
chair 0.0057 166 250 277 374
chair 0.0024 98 257 206 375
chair 0.0023 135 231 244 369
chair 0.0023 167 242 223 369
chair 0.0022 261 296 294 374
chair 0.0022 80 208 135 331
chair 0.0020 84 291 179 380
chair 0.0014 63 150 137 377
chair 0.0013 79 226 287 374
diningtable 0.0478 188 239 324 371
diningtable 0.0273 207 207 379 375
diningtable 0.0026 204 256 280 373
diningtable 0.0010 161 230 277 364
person 0.6689 122 123 209 370
person 0.6150 342 104 422 355
person 0.5385 69 115 141 353
person 0.4905 264 189 369 375
person 0.3460 190 126 287 244
person 0.2796 272 187 356 278
person 0.1437 179 129 285 365
person 0.0933 339 102 420 232
person 0.0558 200 129 263 209
person 0.0324 292 186 349 242
person 0.0098 122 124 241 269
person 0.0094 295 176 414 369
person 0.0085 218 129 283 200
person 0.0075 232 137 292 224
person 0.0060 73 113 146 222
person 0.0060 80 116 191 290
person 0.0050 359 102 443 289
person 0.0049 163 130 256 252
person 0.0042 363 167 437 369
person 0.0041 318 127 385 228
person 0.0038 236 148 323 252
person 0.0037 213 128 255 174
person 0.0035 246 194 351 313
person 0.0033 368 105 426 210
person 0.0031 190 201 339 366
person 0.0029 121 126 196 242
person 0.0019 345 176 405 335
person 0.0018 219 180 294 309
person 0.0018 286 186 393 294
person 0.0017 261 124 414 295
person 0.0016 378 129 423 254
person 0.0015 335 137 388 271
person 0.0015 204 129 367 277
person 0.0014 202 131 246 188
person 0.0014 189 152 271 306
person 0.0012 317 200 387 362
person 0.0011 335 148 365 217
person 0.0011 300 182 380 258
person 0.0010 384 135 421 207
person 0.0010 352 92 414 172
pottedplant 0.0036 424 132 502 366
pottedplant 0.0022 6 249 97 344
pottedplant 0.0018 378 101 498 346
pottedplant 0.0014 461 171 500 371
pottedplant 0.0012 246 138 284 206
pottedplant 0.0011 429 250 501 376
