bicycle 0.0017 269 21 310 161
bicycle 0.0010 117 228 336 497
bottle 0.0185 244 221 334 494
bottle 0.0046 254 336 331 497
bottle 0.0033 -7 0 290 493
bottle 0.0026 236 69 338 448
bottle 0.0012 142 283 313 504
bottle 0.0011 236 428 332 503
bottle 0.0010 253 173 333 392
car 0.0052 5 3 317 247
motorbike 0.0873 23 -2 328 492
motorbike 0.0011 211 2 317 161
person 0.1548 19 -5 330 500
person 0.0047 276 0 320 38
person 0.0027 270 -1 328 59
person 0.0022 241 -1 321 149
person 0.0016 5 8 166 491
person 0.0016 2 -2 33 71
person 0.0015 258 0 311 22
person 0.0014 157 16 335 469
person 0.0014 0 -2 54 40
person 0.0012 297 0 327 42
