bus 0.6267 32 119 494 316
bus 0.1584 431 87 502 305
bus 0.0531 350 84 496 262
bus 0.0317 0 171 14 221
bus 0.0302 -1 15 63 285
bus 0.0208 -1 154 18 236
bus 0.0182 0 160 22 299
bus 0.0172 461 123 502 301
bus 0.0139 -1 15 128 314
bus 0.0128 -4 157 47 298
bus 0.0106 388 146 458 252
bus 0.0092 2 152 274 293
bus 0.0081 0 202 18 338
bus 0.0062 7 48 215 250
bus 0.0048 -2 70 33 291
bus 0.0046 255 79 487 226
bus 0.0042 0 137 123 260
bus 0.0038 -1 64 18 275
bus 0.0037 455 85 499 235
bus 0.0032 388 89 498 200
bus 0.0024 46 97 215 185
bus 0.0022 0 79 55 229
bus 0.0018 13 158 175 275
bus 0.0015 64 70 465 241
bus 0.0014 0 173 8 255
bus 0.0013 476 161 500 304
bus 0.0012 239 98 483 318
bus 0.0011 434 62 503 207
bus 0.0010 -1 133 33 229
bus 0.0010 0 212 19 284
bus 0.0010 474 102 501 263
car 0.0065 466 203 502 299
car 0.0040 65 104 193 160
car 0.0033 84 111 157 155
car 0.0030 0 231 17 349
car 0.0023 0 279 7 329
car 0.0019 0 264 35 347
car 0.0013 0 273 20 336
car 0.0012 -1 225 51 354
car 0.0010 45 90 165 171
person 0.7737 5 207 68 364
person 0.0306 394 156 450 242
person 0.0148 401 169 430 222
person 0.0104 409 182 441 229
person 0.0070 0 203 28 345
person 0.0058 398 166 420 206
person 0.0039 397 147 480 275
person 0.0039 220 199 236 219
person 0.0027 417 183 456 232
person 0.0026 274 189 307 218
person 0.0012 411 179 432 215
person 0.0011 422 190 443 226
person 0.0011 211 191 235 219
person 0.0010 394 172 417 220
train 0.0019 -2 7 65 206
