aeroplane 0.3772 22 30 503 294
aeroplane 0.0274 391 62 501 151
aeroplane 0.0167 277 72 499 276
aeroplane 0.0157 421 237 501 289
aeroplane 0.0139 0 142 73 186
aeroplane 0.0094 1 135 116 216
aeroplane 0.0080 344 226 495 283
aeroplane 0.0079 0 27 299 269
aeroplane 0.0055 2 126 174 235
aeroplane 0.0052 331 50 503 170
aeroplane 0.0049 323 227 499 324
aeroplane 0.0042 374 67 500 234
aeroplane 0.0041 430 198 502 277
aeroplane 0.0040 4 165 118 239
aeroplane 0.0033 362 242 451 275
aeroplane 0.0032 1 83 112 195
aeroplane 0.0031 4 146 278 248
aeroplane 0.0030 449 319 495 335
aeroplane 0.0030 428 264 503 334
aeroplane 0.0030 434 256 499 301
aeroplane 0.0025 2 149 54 179
aeroplane 0.0024 -3 139 54 213
aeroplane 0.0022 364 182 502 288
aeroplane 0.0021 405 211 503 300
aeroplane 0.0019 446 307 501 337
aeroplane 0.0019 -2 144 81 247
aeroplane 0.0019 6 152 469 293
aeroplane 0.0019 455 252 499 291
aeroplane 0.0018 459 196 503 262
aeroplane 0.0018 11 52 175 265
aeroplane 0.0016 473 196 499 227
aeroplane 0.0015 462 303 500 331
aeroplane 0.0015 215 234 294 296
aeroplane 0.0013 45 204 107 236
aeroplane 0.0012 416 76 500 193
aeroplane 0.0011 4 122 104 180
aeroplane 0.0011 9 155 80 182
aeroplane 0.0011 99 194 412 312
aeroplane 0.0011 376 248 502 339
aeroplane 0.0011 409 56 498 96
aeroplane 0.0010 443 175 502 251
boat 0.0091 404 66 500 138
boat 0.0016 417 74 502 113
bus 0.0010 230 247 287 296
car 0.0514 40 256 180 321
car 0.0160 87 310 197 333
car 0.0110 136 265 201 312
car 0.0110 38 269 119 324
car 0.0072 171 266 210 309
car 0.0060 53 208 99 233
car 0.0055 91 291 198 328
car 0.0051 0 295 8 335
car 0.0040 207 247 287 298
car 0.0039 187 279 231 303
car 0.0038 195 279 221 296
car 0.0015 146 276 184 310
car 0.0012 72 258 148 313
car 0.0011 184 273 219 296
car 0.0011 160 260 236 310
person 0.1210 140 275 157 311
person 0.0244 245 316 261 334
person 0.0096 155 263 204 312
person 0.0088 177 266 204 310
person 0.0056 137 274 175 314
person 0.0054 8 265 16 280
person 0.0046 165 260 193 294
person 0.0033 166 262 181 288
person 0.0026 163 261 183 303
person 0.0025 169 260 185 283
person 0.0020 174 276 194 310
person 0.0017 181 264 199 286
person 0.0017 176 261 191 281
person 0.0016 135 277 154 300
person 0.0015 170 272 187 305
person 0.0013 4 262 18 281
person 0.0011 187 266 202 285
person 0.0011 184 268 205 297
person 0.0010 135 293 174 321
