aeroplane 0.2538 21 66 487 330
aeroplane 0.0695 181 69 489 242
aeroplane 0.0157 206 80 473 371
aeroplane 0.0071 -1 89 285 325
aeroplane 0.0011 73 132 396 348
aeroplane 0.0010 299 100 501 237
bicycle 0.0013 277 305 431 378
car 0.0020 0 111 39 351
car 0.0010 65 55 463 198
motorbike 0.0127 -2 86 277 369
motorbike 0.0010 280 278 426 378
person 0.8231 288 165 419 378
person 0.7068 0 178 117 376
person 0.3729 108 168 232 373
person 0.0309 30 127 245 374
person 0.0193 254 225 278 285
person 0.0158 0 172 32 368
person 0.0126 -2 97 74 369
person 0.0124 220 253 247 323
person 0.0055 0 199 13 363
person 0.0044 56 159 151 373
person 0.0032 186 138 450 376
person 0.0030 -1 75 185 340
person 0.0028 -3 106 44 305
person 0.0025 177 190 355 314
person 0.0024 -2 106 69 239
person 0.0020 279 188 362 371
person 0.0020 0 80 119 274
person 0.0016 0 88 32 200
person 0.0015 138 142 271 347
person 0.0013 203 257 252 336
person 0.0013 -1 81 22 332
person 0.0013 -2 57 61 198
person 0.0012 239 216 294 301
person 0.0011 0 266 16 370
person 0.0010 228 249 249 293
