bicycle 0.4872 59 111 415 375
bicycle 0.2924 113 143 327 296
bicycle 0.0157 251 110 421 346
bicycle 0.0013 227 165 323 295
boat 0.0038 -2 141 38 192
boat 0.0034 -2 136 65 203
boat 0.0019 -2 137 80 252
boat 0.0014 -3 144 45 238
boat 0.0013 -3 117 69 166
boat 0.0011 0 121 37 165
bottle 0.2456 193 189 243 247
bottle 0.0968 181 175 250 263
bottle 0.0520 246 177 285 254
bottle 0.0170 156 145 310 283
bottle 0.0085 228 178 289 273
bottle 0.0047 208 204 252 251
bottle 0.0033 179 176 232 228
bottle 0.0021 157 165 238 248
bottle 0.0020 212 184 271 253
bottle 0.0014 185 186 223 242
bottle 0.0013 198 195 257 276
bottle 0.0011 223 216 251 253
bus 0.0013 461 118 499 192
car 0.0056 455 117 502 229
car 0.0012 462 125 500 188
person 0.0682 312 115 414 257
person 0.0049 362 113 416 251
person 0.0013 221 98 418 270
person 0.0012 292 115 459 326
train 0.0010 447 98 502 217
