bird 0.0203 0 112 24 137
bird 0.0132 6 115 52 139
bird 0.0112 23 118 63 136
bird 0.0087 30 115 80 137
bird 0.0077 0 106 13 135
bird 0.0066 30 119 52 134
bird 0.0051 5 119 37 143
bird 0.0041 21 110 95 142
bird 0.0034 57 109 98 138
bird 0.0022 41 119 73 136
bird 0.0019 -2 108 35 141
bird 0.0015 15 117 68 146
bird 0.0014 48 111 84 135
bird 0.0013 0 119 29 155
bird 0.0010 0 87 6 133
sheep 0.8500 164 205 356 344
sheep 0.0721 234 287 304 340
sheep 0.0422 225 274 334 345
sheep 0.0034 250 230 359 348
sheep 0.0024 154 205 204 239
sheep 0.0023 153 204 288 317
sheep 0.0017 180 205 351 272
sheep 0.0013 147 203 231 248
sheep 0.0011 115 201 212 243
