bottle 0.0194 46 403 117 490
dog 0.0210 39 400 119 496
dog 0.0066 64 402 117 431
dog 0.0065 59 402 118 463
person 0.4612 24 178 72 287
person 0.4026 0 179 37 290
person 0.3257 145 107 372 500
person 0.3211 15 138 199 480
person 0.2474 268 90 367 296
person 0.0613 0 178 37 229
person 0.0411 66 188 100 260
person 0.0409 274 90 359 208
person 0.0222 61 176 128 275
person 0.0221 25 179 66 229
person 0.0205 -1 165 84 458
person 0.0167 59 147 171 284
person 0.0137 35 180 99 279
person 0.0111 27 178 58 208
person 0.0108 14 178 51 211
person 0.0084 156 98 281 286
person 0.0079 0 284 93 439
person 0.0069 150 89 356 330
person 0.0068 6 179 32 213
person 0.0053 13 96 338 451
person 0.0042 75 191 99 241
person 0.0037 1 280 136 493
person 0.0025 247 79 381 487
person 0.0025 71 213 104 270
person 0.0018 229 87 350 242
person 0.0016 16 178 55 256
person 0.0015 295 136 362 324
person 0.0012 80 190 96 215
person 0.0012 54 159 129 343
person 0.0011 3 188 58 310
person 0.0011 39 176 86 239
pottedplant 0.0074 331 420 373 502
pottedplant 0.0020 322 332 376 501
