bicycle 0.6207 39 225 232 336
bicycle 0.0649 41 143 271 335
bicycle 0.0171 104 252 227 334
bicycle 0.0157 74 214 328 337
bicycle 0.0117 118 221 262 327
bicycle 0.0098 39 63 430 331
bicycle 0.0029 141 163 288 331
bicycle 0.0025 99 77 307 327
bicycle 0.0021 24 236 167 323
bicycle 0.0013 107 303 224 335
bicycle 0.0013 142 231 217 317
bicycle 0.0010 165 253 217 313
bicycle 0.0010 88 167 486 333
bottle 0.0012 197 84 260 147
bottle 0.0010 132 40 329 295
person 0.6739 49 21 266 323
person 0.0032 112 48 356 323
person 0.0014 175 62 294 311
person 0.0014 80 11 236 234
person 0.0010 25 52 179 308
