bird 0.0020 399 294 414 313
dog 0.4782 278 266 323 331
dog 0.4319 92 259 137 329
dog 0.0148 59 252 140 333
dog 0.0092 103 260 136 287
dog 0.0084 288 264 363 330
dog 0.0050 278 231 350 335
dog 0.0024 243 253 342 334
dog 0.0022 302 199 363 331
dog 0.0014 260 268 311 327
person 0.7093 55 170 118 327
person 0.6944 212 146 264 275
person 0.6199 261 150 305 280
person 0.5445 308 156 377 330
person 0.2464 279 158 328 286
person 0.0979 58 156 112 223
person 0.0423 288 163 355 325
person 0.0233 89 181 122 284
person 0.0146 74 156 106 193
person 0.0116 244 149 342 285
person 0.0054 262 150 294 237
person 0.0044 222 150 257 236
person 0.0039 76 157 117 210
person 0.0038 254 150 275 232
person 0.0034 90 184 141 311
person 0.0025 338 152 382 320
person 0.0019 46 153 129 251
person 0.0017 235 144 283 234
person 0.0012 82 156 105 181
