car 0.0118 -1 2 71 91
car 0.0106 -1 6 117 140
car 0.0093 3 3 235 147
car 0.0066 3 1 182 95
car 0.0034 18 69 211 180
car 0.0025 19 113 88 160
car 0.0024 0 15 65 146
car 0.0022 275 312 321 362
car 0.0012 0 86 84 169
motorbike 0.2989 11 34 411 371
motorbike 0.0082 31 7 353 235
motorbike 0.0024 35 214 232 374
motorbike 0.0015 1 57 279 312
person 0.2647 314 17 457 377
person 0.0600 372 0 499 367
person 0.0484 197 25 480 372
person 0.0141 345 6 420 188
person 0.0099 441 25 503 373
person 0.0053 305 9 426 231
person 0.0044 182 34 394 269
person 0.0040 43 -1 269 97
person 0.0031 351 0 414 111
person 0.0031 368 -2 413 47
person 0.0030 345 9 475 240
person 0.0026 288 196 390 370
person 0.0025 43 -3 368 148
person 0.0021 274 35 408 354
person 0.0019 359 2 451 158
person 0.0018 375 -1 409 28
person 0.0017 276 7 396 141
person 0.0014 254 0 365 108
person 0.0013 205 20 372 189
person 0.0010 154 -5 373 108
tvmonitor 0.0017 276 313 322 363
