aeroplane 0.0018 102 135 164 152
aeroplane 0.0013 0 108 58 136
aeroplane 0.0013 80 130 158 150
bus 0.0229 270 137 305 156
bus 0.0042 230 132 308 159
car 0.8469 249 156 384 204
car 0.0394 269 138 305 156
car 0.0114 306 143 320 155
car 0.0077 243 162 325 201
car 0.0072 290 140 324 156
car 0.0061 258 137 378 189
car 0.0055 307 158 381 200
car 0.0030 284 140 305 156
car 0.0019 331 145 382 171
car 0.0014 292 142 310 156
car 0.0012 251 157 328 181
car 0.0012 346 145 382 161
car 0.0011 305 140 335 156
person 0.0013 340 145 348 156
