bicycle 0.0010 68 137 98 169
bottle 0.0024 49 245 100 294
bottle 0.0023 1 285 24 333
bottle 0.0020 68 138 85 167
bottle 0.0015 355 302 370 324
chair 0.0056 163 231 219 284
chair 0.0017 223 390 369 499
dog 0.0300 61 244 107 287
dog 0.0137 62 247 130 305
dog 0.0096 37 231 127 318
dog 0.0022 182 272 233 327
person 0.7559 164 336 313 499
person 0.6913 189 122 271 345
person 0.6799 6 287 118 501
person 0.4951 266 258 372 464
person 0.4800 252 129 339 334
person 0.4411 152 271 235 349
person 0.2488 0 159 106 363
person 0.0388 170 124 214 249
person 0.0156 188 268 369 504
person 0.0143 187 275 238 341
person 0.0131 178 247 259 358
person 0.0126 172 129 210 200
person 0.0109 61 240 130 310
person 0.0088 247 257 348 381
person 0.0081 169 203 276 387
person 0.0075 100 332 269 496
person 0.0071 188 253 301 371
person 0.0065 150 283 192 347
person 0.0063 -2 176 72 437
person 0.0060 57 239 107 289
person 0.0060 161 125 254 290
person 0.0055 147 276 242 403
person 0.0049 163 336 244 487
person 0.0044 234 376 372 501
person 0.0044 172 117 264 228
person 0.0038 250 184 361 402
person 0.0033 240 136 279 310
person 0.0032 130 274 207 353
person 0.0032 164 135 313 432
person 0.0027 14 208 140 402
person 0.0022 111 267 243 458
person 0.0021 0 243 27 374
person 0.0020 309 404 377 501
person 0.0020 155 115 328 274
person 0.0018 35 185 126 306
person 0.0017 21 158 90 255
person 0.0016 183 116 257 184
person 0.0016 243 128 326 257
person 0.0015 156 283 283 442
person 0.0014 178 331 250 411
person 0.0013 162 142 218 318
person 0.0013 263 256 323 337
person 0.0012 115 91 167 179
person 0.0012 248 157 270 263
person 0.0011 104 264 224 368
person 0.0010 51 235 134 361
person 0.0010 0 260 59 396
person 0.0010 282 252 376 384
person 0.0010 86 94 266 326
pottedplant 0.0231 106 425 146 473
pottedplant 0.0098 103 390 158 475
pottedplant 0.0033 102 441 152 496
pottedplant 0.0033 74 337 236 490
pottedplant 0.0021 305 386 376 498
pottedplant 0.0014 -3 163 66 273
pottedplant 0.0012 113 436 141 469
pottedplant 0.0011 104 458 187 501
pottedplant 0.0011 66 380 179 490
pottedplant 0.0011 112 420 160 488
pottedplant 0.0010 -1 191 23 244
tvmonitor 0.0014 74 111 94 135
