diningtable 0.0653 -3 191 459 368
diningtable 0.0011 61 155 470 311
person 0.7524 137 110 244 239
person 0.7380 19 111 163 268
person 0.7188 333 127 408 220
person 0.5933 278 125 353 218
person 0.0392 390 147 448 211
person 0.0125 444 44 502 154
person 0.0065 464 55 499 182
person 0.0060 308 127 374 216
person 0.0057 348 129 456 219
person 0.0053 408 43 483 206
person 0.0046 483 50 500 164
person 0.0044 413 28 499 129
person 0.0031 -3 171 33 284
person 0.0026 455 49 499 122
person 0.0025 442 73 500 212
person 0.0024 340 127 402 184
person 0.0021 0 148 20 265
person 0.0019 66 113 218 245
person 0.0017 489 104 500 229
person 0.0015 -2 171 51 329
person 0.0014 -4 118 80 278
person 0.0014 241 139 343 230
person 0.0012 226 128 311 211
person 0.0011 87 117 162 243
person 0.0010 300 125 353 184
person 0.0010 463 101 499 231
person 0.0010 0 109 10 232
pottedplant 0.4773 258 255 303 302
pottedplant 0.3305 339 242 376 292
pottedplant 0.3218 316 255 350 303
pottedplant 0.2198 315 246 375 303
pottedplant 0.0170 272 222 405 321
pottedplant 0.0127 237 144 302 217
pottedplant 0.0114 284 252 367 328
pottedplant 0.0113 314 256 339 291
pottedplant 0.0093 484 64 500 175
pottedplant 0.0086 409 91 471 204
pottedplant 0.0083 159 193 414 348
pottedplant 0.0064 203 228 360 311
pottedplant 0.0061 464 55 500 183
pottedplant 0.0055 344 239 380 274
pottedplant 0.0050 425 74 500 210
pottedplant 0.0046 318 271 343 304
pottedplant 0.0043 268 264 297 299
pottedplant 0.0033 242 254 314 317
pottedplant 0.0031 0 150 14 235
pottedplant 0.0030 488 97 500 213
pottedplant 0.0029 483 101 499 156
pottedplant 0.0027 348 252 374 288
pottedplant 0.0027 267 252 342 306
pottedplant 0.0026 302 234 364 294
pottedplant 0.0025 488 81 500 150
pottedplant 0.0021 252 157 288 220
pottedplant 0.0020 329 232 400 306
pottedplant 0.0020 201 129 335 225
pottedplant 0.0018 254 239 307 291
pottedplant 0.0018 286 248 328 289
pottedplant 0.0017 326 260 362 303
pottedplant 0.0017 354 245 381 286
pottedplant 0.0017 262 225 372 291
pottedplant 0.0016 -3 145 32 269
pottedplant 0.0014 268 218 340 273
pottedplant 0.0014 0 156 7 225
pottedplant 0.0013 306 266 344 313
pottedplant 0.0013 228 240 401 357
pottedplant 0.0013 298 264 319 289
pottedplant 0.0012 256 253 292 285
pottedplant 0.0012 472 78 500 151
pottedplant 0.0011 296 236 342 281
pottedplant 0.0010 342 258 372 304
pottedplant 0.0010 270 258 316 296
