boat 0.2099 195 160 393 196
boat 0.2045 182 79 403 198
boat 0.0271 14 81 364 167
boat 0.0189 211 122 391 194
boat 0.0180 270 110 317 159
boat 0.0176 106 30 422 200
boat 0.0162 196 167 298 194
boat 0.0162 215 163 335 189
boat 0.0130 270 168 393 193
boat 0.0093 247 107 327 168
boat 0.0087 190 99 327 191
boat 0.0087 51 109 188 159
boat 0.0074 94 81 291 154
boat 0.0046 53 131 110 156
boat 0.0041 255 60 449 191
boat 0.0040 312 165 379 189
boat 0.0037 399 131 502 158
boat 0.0032 260 139 396 189
boat 0.0032 192 174 277 190
boat 0.0030 46 81 221 161
boat 0.0028 268 100 317 133
boat 0.0027 442 132 497 154
boat 0.0026 255 166 292 185
boat 0.0021 146 85 260 143
boat 0.0019 300 178 390 193
boat 0.0019 54 129 154 157
boat 0.0018 461 136 495 152
boat 0.0017 200 129 256 146
boat 0.0017 200 119 268 161
boat 0.0015 277 167 306 190
boat 0.0015 387 114 498 163
boat 0.0013 456 121 502 156
boat 0.0011 320 64 491 175
boat 0.0011 384 106 402 167
boat 0.0011 202 132 236 144
boat 0.0010 328 146 369 185
boat 0.0010 389 128 402 167
car 0.0014 460 132 496 150
person 0.1404 340 155 356 182
person 0.0089 264 165 275 183
person 0.0055 268 115 315 160
person 0.0039 324 157 366 188
person 0.0039 284 169 298 185
person 0.0035 263 165 292 184
person 0.0015 334 163 375 185
person 0.0014 274 166 308 185
person 0.0011 323 170 380 191
person 0.0011 338 170 355 186
person 0.0011 242 167 287 189
person 0.0010 342 159 366 180
