bird 0.0017 423 94 501 212
bird 0.0016 247 105 304 169
bus 0.0342 25 20 489 372
bus 0.0016 2 59 267 349
car 0.0048 -3 342 66 378
car 0.0026 211 19 419 97
car 0.0018 0 122 58 289
dog 0.0034 242 109 304 175
person 0.0045 101 69 235 219
person 0.0044 92 87 179 202
person 0.0036 24 53 296 350
person 0.0028 247 110 305 178
person 0.0028 157 81 251 213
person 0.0025 228 120 304 210
person 0.0022 1 77 155 337
person 0.0016 201 214 296 361
person 0.0015 142 63 390 280
person 0.0014 203 344 275 380
person 0.0013 126 64 258 298
person 0.0012 247 267 270 297
person 0.0012 136 66 198 191
person 0.0011 197 98 278 205
person 0.0011 234 58 288 158
pottedplant 0.0028 171 29 500 371
train 0.0045 15 42 503 381
tvmonitor 0.0320 194 209 283 330
tvmonitor 0.0034 144 182 351 340
tvmonitor 0.0013 5 86 211 355
