car 0.6662 23 131 509 312
car 0.4809 -1 133 33 232
car 0.0078 0 137 26 198
car 0.0049 22 130 304 276
car 0.0045 24 143 188 254
car 0.0037 417 179 501 243
car 0.0028 0 119 126 237
car 0.0027 0 138 74 225
car 0.0025 0 163 23 239
car 0.0021 9 30 98 98
car 0.0019 305 82 349 101
car 0.0013 12 21 95 64
car 0.0012 283 59 336 104
car 0.0012 433 176 498 220
car 0.0011 0 98 30 204
car 0.0011 0 146 49 252
car 0.0011 0 133 13 210
chair 0.0035 285 53 329 101
person 0.0039 128 140 141 179
pottedplant 0.0032 208 76 225 95
pottedplant 0.0021 205 74 233 113
pottedplant 0.0017 202 77 239 135
pottedplant 0.0012 134 0 201 21
pottedplant 0.0011 204 107 238 139
