bottle 0.7274 305 238 352 379
bottle 0.6949 349 256 392 377
bottle 0.6768 272 232 314 345
bottle 0.6649 418 227 459 355
bottle 0.6188 384 229 423 364
bottle 0.2588 99 156 126 207
bottle 0.2343 343 180 372 252
bottle 0.1840 427 243 493 352
bottle 0.1646 453 265 500 346
bottle 0.0729 393 215 418 261
bottle 0.0317 380 215 422 279
bottle 0.0312 287 157 330 263
bottle 0.0251 357 193 408 261
bottle 0.0249 228 74 330 212
bottle 0.0229 411 211 466 292
bottle 0.0186 444 132 500 201
bottle 0.0184 383 129 495 201
bottle 0.0151 461 200 500 308
bottle 0.0136 107 153 135 204
bottle 0.0123 249 116 322 226
bottle 0.0119 91 149 133 214
bottle 0.0106 339 206 384 297
bottle 0.0102 430 209 495 300
bottle 0.0101 389 227 420 304
bottle 0.0090 377 140 456 212
bottle 0.0084 265 160 294 224
bottle 0.0082 345 238 390 326
bottle 0.0077 363 184 391 254
bottle 0.0069 451 213 488 321
bottle 0.0066 419 293 458 353
bottle 0.0065 349 185 386 261
bottle 0.0065 215 291 272 374
bottle 0.0062 353 227 386 286
bottle 0.0058 281 150 327 212
bottle 0.0055 358 161 419 250
bottle 0.0053 424 228 459 303
bottle 0.0050 327 171 378 247
bottle 0.0050 88 110 138 226
bottle 0.0049 475 271 499 346
bottle 0.0049 325 194 398 310
bottle 0.0047 249 151 296 242
bottle 0.0044 276 234 315 293
bottle 0.0043 340 229 373 286
bottle 0.0042 447 165 501 287
bottle 0.0041 54 135 129 253
bottle 0.0040 309 206 364 313
bottle 0.0040 405 215 436 264
bottle 0.0039 358 236 393 301
bottle 0.0038 336 185 361 254
bottle 0.0038 281 210 334 314
bottle 0.0037 394 222 439 349
bottle 0.0037 456 133 497 173
bottle 0.0036 269 153 312 230
bottle 0.0036 109 330 161 374
bottle 0.0036 411 228 445 303
bottle 0.0034 302 214 344 333
bottle 0.0031 300 308 349 377
bottle 0.0030 361 217 390 268
bottle 0.0029 387 291 420 363
bottle 0.0029 422 268 457 338
bottle 0.0029 219 227 353 362
bottle 0.0027 434 221 474 312
bottle 0.0025 80 286 343 379
bottle 0.0024 237 161 291 287
bottle 0.0024 101 167 120 217
bottle 0.0024 80 157 120 208
bottle 0.0023 269 262 306 369
bottle 0.0022 249 184 367 338
bottle 0.0022 376 227 406 305
bottle 0.0022 144 314 225 376
bottle 0.0020 345 255 386 301
bottle 0.0019 394 131 473 179
bottle 0.0018 122 296 253 376
bottle 0.0018 241 219 318 347
bottle 0.0018 304 151 346 267
bottle 0.0016 209 116 335 281
bottle 0.0015 246 299 328 376
bottle 0.0015 219 71 315 160
bottle 0.0014 275 281 304 346
bottle 0.0014 372 148 439 256
bottle 0.0014 275 239 389 382
bottle 0.0014 379 217 496 357
bottle 0.0013 234 55 309 283
bottle 0.0013 330 225 363 288
bottle 0.0013 286 166 318 239
bottle 0.0013 275 149 318 184
bottle 0.0012 417 221 455 272
bottle 0.0011 422 131 495 180
bottle 0.0011 39 71 184 258
bottle 0.0011 285 145 319 173
bottle 0.0011 473 214 501 350
bottle 0.0010 333 181 351 250
bottle 0.0010 67 152 142 285
bottle 0.0010 453 290 482 348
bottle 0.0010 374 219 411 259
car 0.0011 95 327 163 376
chair 0.0031 43 79 267 355
chair 0.0010 13 140 150 358
diningtable 0.0050 9 183 458 375
diningtable 0.0019 137 221 407 380
diningtable 0.0014 37 278 383 380
diningtable 0.0011 92 114 472 337
motorbike 0.0026 381 91 497 192
person 0.5290 53 21 269 311
person 0.0034 217 68 350 270
person 0.0028 146 39 389 305
person 0.0019 105 331 162 377
person 0.0010 23 94 144 312
pottedplant 0.0027 103 328 167 376
pottedplant 0.0017 109 297 204 373
tvmonitor 0.0056 -2 86 52 163
tvmonitor 0.0019 0 74 123 174
