aeroplane 0.0085 14 17 509 338
aeroplane 0.0015 63 131 355 321
bicycle 0.0021 425 265 502 371
bicycle 0.0010 468 252 500 365
boat 0.0056 28 50 451 358
boat 0.0014 72 185 282 325
chair 0.0020 -2 168 82 286
chair 0.0010 481 247 500 366
person 0.8289 402 137 494 369
person 0.7925 324 130 418 374
person 0.7718 151 201 224 376
person 0.5665 213 217 301 371
person 0.4836 234 292 299 374
person 0.0598 243 164 296 288
person 0.0206 260 157 300 352
person 0.0182 195 176 267 270
person 0.0161 195 176 235 254
person 0.0128 284 149 382 361
person 0.0116 152 186 233 283
person 0.0087 208 214 263 360
person 0.0081 177 135 326 325
person 0.0078 177 200 254 366
person 0.0069 155 151 275 277
person 0.0056 344 207 413 369
person 0.0054 461 146 500 362
person 0.0053 345 138 468 342
person 0.0052 332 133 409 280
person 0.0031 84 74 423 341
person 0.0030 93 168 284 297
person 0.0027 199 169 289 348
person 0.0026 114 199 209 366
person 0.0023 224 209 291 306
person 0.0019 267 154 342 356
person 0.0018 478 199 500 364
person 0.0017 221 299 275 374
person 0.0017 252 197 322 364
person 0.0013 282 80 452 290
person 0.0012 260 235 376 373
person 0.0011 407 139 496 251
person 0.0010 217 133 407 342
