cat 0.6018 223 16 471 185
cat 0.0269 345 2 467 168
cat 0.0020 349 2 458 68
cat 0.0012 220 40 370 183
cat 0.0012 401 4 502 161
cat 0.0011 384 62 492 179
chair 0.0013 3 108 213 172
chair 0.0012 400 3 501 162
dog 0.0200 239 100 331 187
dog 0.0089 200 67 368 191
dog 0.0051 193 32 459 193
dog 0.0045 99 121 212 165
dog 0.0043 -19 21 484 232
dog 0.0015 14 73 423 198
dog 0.0011 10 121 211 174
pottedplant 0.0117 349 5 407 48
pottedplant 0.0024 343 3 451 109
sofa 0.0024 2 25 519 326
sofa 0.0010 9 118 211 177
