bottle 0.3165 446 195 472 275
bottle 0.0234 411 225 436 282
bottle 0.0123 397 175 412 198
bottle 0.0095 408 236 425 281
bottle 0.0093 418 203 467 282
bottle 0.0070 382 175 394 198
bottle 0.0060 436 198 462 273
bottle 0.0057 460 192 497 279
bottle 0.0049 374 176 389 199
bottle 0.0041 380 174 402 200
bottle 0.0040 420 197 444 280
bottle 0.0038 409 170 418 199
bottle 0.0028 33 225 54 263
bottle 0.0028 472 126 500 201
bottle 0.0027 401 239 420 282
bottle 0.0027 331 184 355 259
bottle 0.0026 438 165 480 271
bottle 0.0023 431 199 449 270
bottle 0.0022 417 240 434 278
bottle 0.0017 397 207 443 283
bottle 0.0017 390 175 404 198
bottle 0.0016 459 121 493 189
bottle 0.0016 326 214 358 270
bottle 0.0016 453 73 465 131
bottle 0.0012 447 65 461 127
bottle 0.0011 418 157 471 220
bottle 0.0011 454 198 481 279
bottle 0.0010 447 186 470 240
chair 0.0030 469 197 499 283
chair 0.0014 -2 270 85 377
chair 0.0014 4 275 170 378
person 0.3105 119 143 188 213
person 0.2841 101 128 222 247
person 0.2048 350 40 378 90
person 0.0410 148 144 206 216
person 0.0183 115 154 159 209
person 0.0125 361 23 385 87
person 0.0088 366 19 385 64
person 0.0084 337 32 381 98
person 0.0070 53 115 200 231
person 0.0068 104 152 170 231
person 0.0065 138 139 194 196
person 0.0035 131 158 173 216
person 0.0029 433 30 446 54
person 0.0024 153 140 188 181
person 0.0023 159 163 197 215
person 0.0019 367 18 384 43
person 0.0017 354 38 374 72
person 0.0015 130 124 221 205
person 0.0013 142 171 189 219
person 0.0012 164 139 201 196
person 0.0012 345 20 377 82
person 0.0010 117 173 141 207
person 0.0010 114 137 180 189
pottedplant 0.0017 466 125 502 190
tvmonitor 0.7857 222 118 355 255
tvmonitor 0.5916 93 123 227 254
tvmonitor 0.0183 11 100 228 215
tvmonitor 0.0150 -1 99 89 210
tvmonitor 0.0063 423 159 468 192
tvmonitor 0.0057 359 196 427 265
tvmonitor 0.0057 0 234 27 268
tvmonitor 0.0024 114 147 200 249
tvmonitor 0.0021 56 98 342 256
tvmonitor 0.0015 421 143 481 199
tvmonitor 0.0015 0 237 35 285
tvmonitor 0.0014 142 128 225 217
tvmonitor 0.0014 0 196 27 269
tvmonitor 0.0013 2 118 109 259
tvmonitor 0.0013 80 132 175 248
tvmonitor 0.0012 0 229 49 274
tvmonitor 0.0010 0 98 12 212
tvmonitor 0.0010 469 194 500 275
