bottle 0.0106 48 368 369 502
motorbike 0.4976 130 186 227 332
motorbike 0.0107 147 192 247 291
person 0.5568 146 150 220 263
person 0.0297 154 135 208 197
person 0.0256 162 135 192 179
person 0.0142 155 152 218 217
person 0.0137 122 162 223 304
person 0.0038 160 159 260 252
person 0.0035 162 143 180 183
person 0.0033 167 137 185 164
person 0.0018 152 179 250 296
person 0.0017 71 173 368 500
person 0.0015 128 130 233 222
person 0.0011 143 137 192 187
person 0.0011 -2 0 36 75
tvmonitor 0.0015 35 355 373 501
