bus 0.0039 0 218 53 296
bus 0.0035 4 75 104 316
bus 0.0022 -2 135 67 308
car 0.8208 163 224 432 352
car 0.7618 1 259 83 307
car 0.5164 110 262 162 300
car 0.4652 74 260 148 301
car 0.0626 43 259 126 302
car 0.0448 0 261 23 309
car 0.0275 133 262 165 295
car 0.0202 -3 260 44 310
car 0.0077 0 258 7 313
car 0.0049 45 262 83 303
car 0.0039 70 262 115 301
car 0.0024 -3 218 47 300
car 0.0020 0 279 4 313
car 0.0019 11 263 59 302
car 0.0016 147 265 166 296
car 0.0012 4 237 114 301
car 0.0011 117 263 145 296
pottedplant 0.0106 421 159 498 300
pottedplant 0.0046 429 163 491 218
pottedplant 0.0014 403 54 496 304
train 0.0023 6 112 312 285
train 0.0018 0 79 166 313
