boat 0.0058 103 1 419 277
bus 0.2990 107 91 407 279
bus 0.0125 120 104 291 261
bus 0.0095 0 172 35 243
bus 0.0061 9 200 104 240
bus 0.0061 -4 201 54 246
bus 0.0021 -1 169 69 243
bus 0.0013 59 211 97 238
car 0.5262 0 209 17 250
car 0.0027 0 194 11 244
car 0.0018 10 208 32 242
car 0.0010 34 201 106 241
person 0.0445 31 216 43 243
person 0.0319 77 220 86 237
person 0.0114 19 205 41 242
person 0.0078 71 213 90 238
person 0.0077 15 204 31 241
person 0.0045 163 184 189 254
person 0.0036 54 208 91 239
person 0.0033 142 181 174 254
person 0.0019 147 185 208 262
person 0.0016 123 145 199 258
person 0.0015 79 219 94 238
person 0.0014 36 212 47 239
person 0.0013 39 205 49 237
person 0.0011 9 196 35 240
person 0.0010 23 212 35 240
train 0.0215 100 21 465 293
train 0.0013 79 12 302 263
