bird 0.0116 206 310 256 334
boat 0.0100 1 21 100 94
boat 0.0026 33 26 97 67
boat 0.0014 0 16 54 64
boat 0.0010 0 1 91 71
bus 0.0147 342 52 394 109
car 0.8575 80 100 434 308
car 0.6052 231 72 283 93
car 0.0176 343 80 391 108
car 0.0127 340 58 395 107
car 0.0112 343 88 373 107
car 0.0110 421 54 500 98
car 0.0081 252 76 285 92
car 0.0080 307 82 346 97
car 0.0048 484 64 500 99
car 0.0042 468 61 499 98
car 0.0033 418 74 450 96
car 0.0032 402 61 452 95
car 0.0031 346 91 363 106
car 0.0027 364 55 474 101
car 0.0022 323 84 365 102
car 0.0021 237 74 267 91
car 0.0018 307 82 328 94
car 0.0017 265 77 283 92
car 0.0016 445 57 487 95
car 0.0013 333 84 347 98
sheep 0.0015 369 14 493 92
