bird 0.0245 79 30 109 73
bird 0.0014 83 29 133 75
bus 0.0011 21 64 161 286
car 0.0252 398 187 485 274
car 0.0012 56 135 104 155
chair 0.0755 409 184 497 274
chair 0.0304 440 211 496 275
chair 0.0091 464 189 499 261
chair 0.0059 481 198 500 270
chair 0.0019 432 192 473 273
chair 0.0019 391 206 457 276
chair 0.0014 469 213 498 274
chair 0.0013 21 69 160 293
motorbike 0.0017 394 205 481 276
person 0.4221 388 170 423 231
person 0.1720 428 178 463 245
person 0.1120 407 177 472 254
person 0.0490 387 176 442 252
person 0.0219 389 178 492 277
person 0.0110 416 180 454 235
person 0.0062 435 179 458 211
person 0.0041 433 171 486 227
person 0.0028 403 178 438 232
person 0.0028 366 159 433 231
person 0.0015 392 167 422 204
person 0.0015 427 180 443 207
person 0.0014 439 180 474 258
person 0.0013 410 173 452 212
person 0.0012 393 180 420 219
person 0.0011 364 155 481 255
person 0.0011 391 193 417 230
train 0.0523 223 129 368 239
train 0.0059 229 113 483 243
train 0.0046 224 129 299 249
train 0.0031 104 112 387 258
train 0.0014 279 130 351 232
tvmonitor 0.0020 12 68 156 297
