chair 0.0256 281 398 377 502
chair 0.0034 141 370 193 493
chair 0.0015 286 299 379 503
chair 0.0012 295 460 376 502
pottedplant 0.5566 160 124 181 159
pottedplant 0.2742 160 313 179 340
pottedplant 0.1402 159 221 182 252
pottedplant 0.0414 153 311 185 345
pottedplant 0.0189 172 122 188 160
pottedplant 0.0076 154 122 173 160
pottedplant 0.0066 153 120 189 166
pottedplant 0.0035 152 215 188 257
pottedplant 0.0022 164 122 179 145
pottedplant 0.0010 171 218 190 253
tvmonitor 0.2633 320 288 376 442
tvmonitor 0.0151 296 285 381 488
