bicycle 0.0032 485 308 500 376
bicycle 0.0018 168 201 316 284
bus 0.0018 159 201 331 352
car 0.8660 46 263 153 334
car 0.0108 174 149 333 205
car 0.0044 157 188 325 281
car 0.0028 162 255 326 361
motorbike 0.0316 176 134 331 204
motorbike 0.0092 161 197 296 271
motorbike 0.0025 161 174 336 290
motorbike 0.0023 152 139 332 250
motorbike 0.0014 154 151 285 204
person 0.5404 159 94 219 158
person 0.5180 474 245 500 373
person 0.4287 227 99 281 155
person 0.3850 278 116 335 168
person 0.1016 157 128 205 203
person 0.0902 203 110 287 170
person 0.0473 207 124 250 164
person 0.0338 168 108 247 184
person 0.0213 194 96 235 146
person 0.0212 221 96 270 131
person 0.0155 205 94 267 146
person 0.0146 243 108 313 158
person 0.0136 258 126 336 200
person 0.0129 216 120 268 160
person 0.0108 186 98 335 194
person 0.0094 180 126 309 181
person 0.0092 184 96 223 131
person 0.0059 271 115 312 154
person 0.0057 87 272 97 286
person 0.0047 187 110 243 160
person 0.0046 244 99 281 131
person 0.0042 242 101 293 145
person 0.0041 238 101 336 175
person 0.0039 219 124 245 156
person 0.0038 284 143 334 199
person 0.0036 165 143 225 202
person 0.0036 254 124 316 169
person 0.0035 151 127 263 208
person 0.0030 205 113 249 148
person 0.0029 280 114 330 146
person 0.0027 75 271 108 291
person 0.0027 168 95 212 132
person 0.0027 160 123 220 167
person 0.0026 477 246 499 317
person 0.0022 64 268 123 297
person 0.0022 156 146 189 203
person 0.0021 220 131 287 179
person 0.0017 185 130 246 171
person 0.0016 483 292 499 375
person 0.0015 489 247 499 336
person 0.0014 113 272 125 286
person 0.0013 158 144 206 263
person 0.0012 267 113 300 146
person 0.0012 266 135 301 169
person 0.0011 77 271 92 286
person 0.0011 218 117 241 144
person 0.0010 164 159 203 203
