bottle 0.0047 97 274 130 340
bottle 0.0017 318 98 444 367
bottle 0.0015 93 280 117 337
bottle 0.0010 102 285 166 348
bottle 0.0010 108 271 147 339
chair 0.0148 168 238 345 376
chair 0.0070 390 112 500 374
chair 0.0044 167 273 287 375
chair 0.0037 15 280 108 357
chair 0.0037 163 87 400 378
chair 0.0028 295 98 488 375
chair 0.0027 0 282 47 361
diningtable 0.0015 12 328 192 378
person 0.3235 160 57 363 374
person 0.0945 282 41 499 377
person 0.0101 401 46 502 365
person 0.0052 106 2 154 77
person 0.0034 77 88 312 333
person 0.0017 450 48 503 364
tvmonitor 0.1701 169 125 222 195
tvmonitor 0.0218 289 77 345 158
tvmonitor 0.0148 409 27 498 105
tvmonitor 0.0042 117 51 304 286
tvmonitor 0.0031 122 96 255 237
tvmonitor 0.0028 234 63 363 178
tvmonitor 0.0015 116 264 177 333
tvmonitor 0.0010 143 118 239 202
