bird 0.0075 375 55 402 73
boat 0.0560 127 27 486 366
boat 0.0206 121 208 445 357
boat 0.0018 323 43 503 372
chair 0.0112 113 232 156 319
chair 0.0050 111 231 203 319
chair 0.0034 -2 -2 85 96
chair 0.0030 124 233 234 370
chair 0.0024 137 226 233 303
chair 0.0023 0 141 50 366
chair 0.0014 0 0 36 93
person 0.5459 444 298 463 348
person 0.3812 481 310 500 374
person 0.0922 484 309 500 342
person 0.0164 437 301 450 344
person 0.0160 444 301 481 364
person 0.0099 488 307 500 332
person 0.0062 440 300 457 334
person 0.0047 111 226 149 293
person 0.0035 450 298 470 347
person 0.0029 441 306 458 354
person 0.0025 429 301 467 362
person 0.0022 447 298 464 327
person 0.0020 491 294 500 329
person 0.0019 463 308 494 375
person 0.0018 489 329 500 386
person 0.0014 480 316 497 349
person 0.0013 450 310 466 368
person 0.0013 449 313 464 349
person 0.0011 446 296 459 319
person 0.0010 454 306 473 373
person 0.0010 117 229 139 248
