bicycle 0.0174 236 147 291 198
car 0.0064 85 104 116 145
motorbike 0.7113 164 228 276 388
motorbike 0.0214 236 144 291 197
motorbike 0.0144 212 206 275 375
motorbike 0.0029 167 221 234 363
motorbike 0.0014 147 202 192 329
person 0.4182 184 195 271 362
person 0.0466 149 194 188 270
person 0.0128 194 193 257 266
person 0.0071 146 192 194 319
person 0.0051 231 195 280 368
person 0.0047 162 171 267 308
person 0.0036 267 205 292 380
person 0.0020 40 211 71 347
person 0.0016 156 205 220 353
person 0.0013 253 184 292 332
person 0.0011 216 177 280 258
person 0.0011 157 192 187 242
train 0.0055 33 56 296 314
train 0.0013 105 77 294 256
train 0.0011 32 59 290 180
