car 0.1608 64 148 504 372
car 0.1063 0 132 230 335
car 0.0148 9 122 361 282
car 0.0146 13 125 244 247
car 0.0075 0 95 97 161
car 0.0052 86 97 475 265
car 0.0046 4 90 167 164
car 0.0038 2 223 187 332
car 0.0038 0 242 112 347
car 0.0034 270 168 501 377
car 0.0030 -2 229 70 314
car 0.0020 0 116 68 167
car 0.0020 1 97 60 142
car 0.0016 6 93 213 209
car 0.0013 40 262 114 327
car 0.0013 -3 214 48 296
car 0.0012 -3 130 73 209
car 0.0010 154 156 463 292
person 0.5362 201 117 280 230
person 0.0054 226 120 293 212
person 0.0015 180 119 371 237
person 0.0014 141 114 309 222
person 0.0010 216 116 270 188
