bottle 0.3056 285 244 317 330
bottle 0.0127 260 220 330 329
bottle 0.0125 214 221 320 335
bottle 0.0092 195 208 391 336
bottle 0.0057 155 202 253 270
chair 0.0038 308 78 501 331
chair 0.0024 -1 49 115 262
person 0.1438 232 2 500 323
person 0.0942 122 118 343 335
person 0.0658 62 82 464 338
person 0.0405 134 180 255 293
person 0.0225 55 182 287 335
person 0.0124 188 111 283 250
person 0.0101 -3 71 292 335
person 0.0077 158 155 300 315
person 0.0057 0 197 168 332
person 0.0041 129 194 217 276
person 0.0037 166 175 504 336
person 0.0028 363 -2 502 278
person 0.0027 -1 48 126 319
person 0.0024 115 192 232 331
person 0.0020 273 1 501 178
person 0.0019 -1 100 64 270
person 0.0016 154 89 359 234
person 0.0016 194 151 267 267
person 0.0013 382 -1 500 158
