horse 0.4799 224 90 467 316
horse 0.4119 53 136 212 294
horse 0.3071 132 139 241 297
horse 0.0265 173 133 292 301
horse 0.0187 223 113 349 308
horse 0.0130 293 146 483 310
horse 0.0055 103 140 178 291
horse 0.0054 224 130 284 296
horse 0.0035 57 133 178 242
horse 0.0031 151 135 236 239
horse 0.0030 165 42 387 304
horse 0.0019 72 149 157 290
horse 0.0015 200 80 313 272
horse 0.0014 440 176 503 308
person 0.6800 221 26 387 211
person 0.2210 180 132 233 190
person 0.1382 97 126 167 193
person 0.0251 216 23 375 126
person 0.0100 139 128 240 216
person 0.0075 216 26 322 94
person 0.0069 289 37 406 216
person 0.0061 165 131 217 184
person 0.0047 89 130 138 192
person 0.0042 92 126 213 216
person 0.0031 59 130 157 218
person 0.0030 201 139 234 200
person 0.0024 204 31 319 168
person 0.0022 119 126 180 182
person 0.0013 278 27 390 152
person 0.0013 189 28 328 269
person 0.0012 189 135 240 235
person 0.0010 131 128 207 193
