bicycle 0.2455 134 202 330 425
bicycle 0.1432 151 173 284 381
bicycle 0.0156 195 257 342 426
bicycle 0.0134 136 223 273 341
bicycle 0.0026 33 229 330 490
bicycle 0.0017 251 234 358 454
bottle 0.0019 260 436 369 499
bottle 0.0010 189 420 243 496
chair 0.0017 184 424 250 499
chair 0.0012 245 439 309 499
chair 0.0012 219 136 377 402
chair 0.0011 261 401 374 498
motorbike 0.0013 256 431 372 500
person 0.3539 164 155 275 367
person 0.0282 184 157 268 285
person 0.0117 187 158 321 427
person 0.0029 290 168 375 417
person 0.0014 141 219 300 438
person 0.0013 204 151 297 335
person 0.0011 230 172 369 448
person 0.0010 166 86 250 303
pottedplant 0.0325 130 347 163 409
pottedplant 0.0065 250 365 277 405
pottedplant 0.0063 128 380 160 409
pottedplant 0.0039 242 436 348 499
pottedplant 0.0039 282 376 332 434
pottedplant 0.0038 208 298 306 447
pottedplant 0.0033 238 344 277 405
pottedplant 0.0027 146 360 166 408
pottedplant 0.0023 120 322 202 439
pottedplant 0.0016 240 363 268 402
pottedplant 0.0015 195 389 237 450
pottedplant 0.0014 271 370 343 451
pottedplant 0.0013 106 281 236 448
pottedplant 0.0013 149 382 167 408
pottedplant 0.0013 121 356 172 437
pottedplant 0.0013 117 327 168 414
pottedplant 0.0010 189 400 243 494
pottedplant 0.0010 140 339 170 403
tvmonitor 0.0040 95 225 171 289
