bottle 0.0583 486 344 499 375
bottle 0.0574 45 158 54 188
bottle 0.0360 21 140 56 190
bottle 0.0127 21 167 33 195
bottle 0.0125 34 151 56 198
bottle 0.0089 424 342 459 378
bottle 0.0084 14 143 40 194
bottle 0.0064 25 164 38 192
bottle 0.0061 413 256 436 309
bottle 0.0056 103 164 128 190
bottle 0.0050 417 256 433 284
bottle 0.0046 432 172 444 198
bottle 0.0039 488 322 500 376
bottle 0.0033 33 163 46 192
bottle 0.0025 478 197 492 229
bottle 0.0023 455 183 469 213
bottle 0.0022 46 150 55 175
bottle 0.0021 422 172 462 211
bottle 0.0020 469 164 498 251
bottle 0.0019 431 168 449 203
bottle 0.0018 41 167 53 193
bottle 0.0017 438 175 479 213
bottle 0.0017 463 192 483 217
bottle 0.0016 410 254 453 313
bottle 0.0015 0 307 32 375
bottle 0.0014 485 293 500 375
bottle 0.0014 400 315 477 378
bottle 0.0014 469 197 488 220
bottle 0.0013 471 341 502 379
bottle 0.0013 447 159 492 230
bottle 0.0012 79 143 133 214
bottle 0.0011 17 168 37 208
bottle 0.0011 41 147 59 177
bottle 0.0010 49 158 59 185
bottle 0.0010 20 156 35 187
chair 0.2077 -1 185 94 373
chair 0.0378 -3 168 49 375
chair 0.0310 239 75 335 159
chair 0.0174 97 282 230 378
chair 0.0171 67 187 158 311
chair 0.0097 4 158 80 307
chair 0.0077 17 256 108 374
chair 0.0073 -2 273 38 377
chair 0.0059 20 184 140 328
chair 0.0050 -1 256 68 374
chair 0.0049 317 196 365 240
chair 0.0032 185 155 253 259
chair 0.0031 -1 167 26 366
chair 0.0030 1 185 60 276
chair 0.0025 215 159 289 255
chair 0.0023 29 184 101 303
chair 0.0019 312 72 391 161
chair 0.0018 226 79 350 199
chair 0.0014 159 282 229 373
chair 0.0013 150 136 280 268
chair 0.0012 110 72 244 149
chair 0.0012 10 265 225 379
chair 0.0011 281 207 324 247
diningtable 0.3439 382 186 499 284
diningtable 0.0837 189 158 368 255
diningtable 0.0333 3 148 119 297
diningtable 0.0248 275 240 506 377
diningtable 0.0060 10 187 99 277
diningtable 0.0059 356 167 505 254
diningtable 0.0054 204 205 423 369
diningtable 0.0050 41 150 438 340
diningtable 0.0046 304 160 482 334
diningtable 0.0042 420 206 498 264
diningtable 0.0042 264 165 403 245
diningtable 0.0035 223 175 449 266
diningtable 0.0030 230 143 451 237
diningtable 0.0025 387 170 495 218
diningtable 0.0025 186 156 280 257
diningtable 0.0019 90 150 340 285
diningtable 0.0018 365 266 533 381
diningtable 0.0017 188 164 391 325
diningtable 0.0015 385 253 471 326
diningtable 0.0011 352 298 488 379
diningtable 0.0010 34 174 148 290
diningtable 0.0010 404 206 501 321
diningtable 0.0010 293 162 368 224
person 0.6639 73 82 215 310
person 0.6155 348 129 434 231
person 0.6042 433 110 497 185
person 0.5846 280 233 413 375
person 0.5802 54 120 98 179
person 0.5726 8 130 51 186
person 0.4549 198 288 320 376
person 0.2532 0 126 61 273
person 0.0779 4 123 110 279
person 0.0679 0 129 21 280
person 0.0362 0 119 13 196
person 0.0324 -3 135 42 367
person 0.0279 108 82 148 126
person 0.0221 94 85 140 145
person 0.0218 471 174 500 310
person 0.0211 67 115 144 294
person 0.0179 458 117 503 287
person 0.0170 58 112 133 186
person 0.0136 363 118 500 227
person 0.0131 0 119 37 245
person 0.0116 429 112 471 177
person 0.0113 31 93 151 231
person 0.0102 482 116 501 195
person 0.0099 254 294 322 374
person 0.0085 419 125 502 278
person 0.0060 1 132 31 186
person 0.0054 23 138 64 214
person 0.0053 455 118 500 212
person 0.0049 103 74 226 136
person 0.0046 0 114 115 196
person 0.0046 461 93 500 175
person 0.0046 350 141 460 293
person 0.0044 140 280 289 378
person 0.0044 89 140 145 219
person 0.0043 -1 86 43 175
person 0.0042 33 138 54 179
person 0.0040 0 110 8 185
person 0.0038 481 147 500 292
person 0.0037 103 84 173 149
person 0.0037 174 257 355 380
person 0.0034 129 112 226 314
person 0.0031 81 78 196 168
person 0.0027 490 125 500 194
person 0.0027 378 131 445 210
person 0.0023 0 89 17 178
person 0.0021 68 89 168 193
person 0.0021 34 124 87 181
person 0.0021 84 90 132 164
person 0.0020 67 119 106 165
person 0.0019 434 183 500 324
person 0.0019 19 130 66 179
person 0.0017 315 134 428 277
person 0.0016 0 158 31 328
person 0.0016 112 72 248 247
person 0.0015 480 196 500 365
person 0.0015 316 198 368 252
person 0.0014 479 97 500 171
person 0.0014 470 129 500 189
person 0.0013 112 89 136 126
person 0.0013 19 137 47 176
person 0.0013 62 72 338 283
person 0.0013 -13 113 76 342
person 0.0011 493 204 500 289
person 0.0011 74 123 114 181
person 0.0011 0 137 10 219
person 0.0011 58 126 87 165
person 0.0011 287 230 370 341
person 0.0010 312 239 475 377
person 0.0010 274 187 390 331
person 0.0010 3 127 39 161
person 0.0010 232 294 438 382
tvmonitor 0.0013 152 284 228 375
