chair 0.7584 414 121 477 212
chair 0.7173 244 113 286 169
chair 0.1985 287 118 347 169
chair 0.1616 183 129 225 206
chair 0.1574 383 126 430 202
chair 0.1313 -1 192 56 358
chair 0.1132 349 123 406 195
chair 0.0873 291 119 325 160
chair 0.0825 296 120 377 182
chair 0.0668 279 120 317 166
chair 0.0469 369 115 405 181
chair 0.0343 370 134 409 206
chair 0.0336 303 150 401 232
chair 0.0319 276 156 396 284
chair 0.0228 402 125 436 196
chair 0.0227 477 239 500 354
chair 0.0203 266 122 300 168
chair 0.0183 366 115 402 152
chair 0.0176 356 116 397 168
chair 0.0137 307 119 348 156
chair 0.0133 338 175 396 286
chair 0.0118 351 138 416 220
chair 0.0112 273 123 344 211
chair 0.0106 417 115 473 168
chair 0.0086 372 114 406 134
chair 0.0077 406 248 484 369
chair 0.0077 390 124 424 178
chair 0.0076 226 121 362 220
chair 0.0072 185 133 274 215
chair 0.0069 451 116 483 167
chair 0.0067 368 114 390 132
chair 0.0062 340 127 391 172
chair 0.0060 444 240 503 372
chair 0.0057 309 122 352 179
chair 0.0055 380 117 419 165
chair 0.0050 433 109 485 174
chair 0.0034 343 154 401 213
chair 0.0030 244 113 277 146
chair 0.0028 249 120 278 159
chair 0.0027 351 151 401 260
chair 0.0026 186 164 283 277
chair 0.0021 394 130 424 153
chair 0.0019 278 122 301 155
chair 0.0019 -4 149 44 309
chair 0.0019 398 155 433 211
chair 0.0017 215 107 316 191
chair 0.0013 459 124 486 184
chair 0.0013 278 127 316 205
chair 0.0013 65 130 148 259
chair 0.0013 246 132 292 178
chair 0.0012 451 121 478 198
chair 0.0012 299 118 327 145
chair 0.0012 442 112 477 158
chair 0.0011 343 123 377 160
chair 0.0011 434 137 476 204
chair 0.0010 486 159 500 276
diningtable 0.4611 320 128 411 202
diningtable 0.1699 361 130 417 204
diningtable 0.1326 290 136 397 221
diningtable 0.0703 294 120 385 188
diningtable 0.0540 342 125 401 185
diningtable 0.0296 385 136 426 209
diningtable 0.0274 352 127 461 214
diningtable 0.0061 320 129 388 167
diningtable 0.0034 341 132 380 176
diningtable 0.0027 257 109 373 201
diningtable 0.0014 338 122 382 161
diningtable 0.0013 332 155 401 212
diningtable 0.0010 344 140 387 199
person 0.3031 193 150 382 274
person 0.2000 236 158 381 234
person 0.0231 477 239 500 356
person 0.0194 297 147 404 237
person 0.0152 203 132 343 226
person 0.0065 203 159 304 230
person 0.0031 271 159 347 227
person 0.0028 480 188 500 328
person 0.0026 309 160 380 225
person 0.0023 182 145 299 263
person 0.0023 283 180 375 234
person 0.0019 484 239 500 318
person 0.0010 247 142 315 219
sofa 0.1978 187 154 385 288
tvmonitor 0.7357 66 127 139 190
