bottle 0.1172 217 82 336 211
bottle 0.0073 172 143 189 190
bottle 0.0072 171 85 331 275
bottle 0.0055 239 82 341 161
bottle 0.0031 165 145 191 210
bottle 0.0025 50 114 77 193
bottle 0.0021 171 133 234 220
bottle 0.0020 170 140 207 191
bottle 0.0016 140 106 240 249
bottle 0.0015 202 186 309 263
car 0.0019 -1 158 75 299
chair 0.0040 211 95 499 328
chair 0.0015 -1 160 75 298
motorbike 0.0024 0 195 72 298
person 0.5838 71 58 217 373
person 0.3589 227 27 503 316
person 0.0554 188 79 344 326
person 0.0211 50 62 363 376
person 0.0168 419 20 502 328
person 0.0039 135 99 204 284
person 0.0030 46 115 75 226
person 0.0029 218 80 368 226
person 0.0023 130 97 273 265
person 0.0019 346 18 502 278
person 0.0015 176 139 228 248
person 0.0014 159 151 190 227
person 0.0013 164 102 245 338
person 0.0012 127 110 495 375
person 0.0010 49 110 87 189
sofa 0.0010 127 112 491 374
tvmonitor 0.7655 -1 6 58 129
