bottle 0.7734 218 45 243 128
bottle 0.7003 191 44 215 126
bottle 0.0061 265 141 305 208
bottle 0.0048 200 43 222 125
bottle 0.0037 240 13 290 122
bottle 0.0025 186 41 202 125
bottle 0.0022 263 11 299 119
bottle 0.0018 209 46 250 181
bottle 0.0017 245 36 273 121
bottle 0.0016 222 47 263 127
bottle 0.0011 122 14 164 134
bottle 0.0010 191 20 226 114
chair 0.0509 225 34 508 260
chair 0.0329 361 41 502 191
chair 0.0055 437 33 502 275
chair 0.0049 157 138 473 277
chair 0.0027 175 137 334 272
chair 0.0026 454 112 501 270
chair 0.0023 336 62 497 267
person 0.0070 199 32 484 232
person 0.0062 459 42 502 274
pottedplant 0.0608 79 143 186 225
sofa 0.0249 152 123 480 274
