bus 0.0241 -1 9 230 273
bus 0.0189 0 165 14 239
bus 0.0016 395 84 495 214
bus 0.0016 0 95 16 255
bus 0.0013 -3 8 78 265
car 0.1231 428 161 455 183
car 0.0143 443 164 465 184
car 0.0139 422 157 469 186
car 0.0134 424 164 447 188
car 0.0083 486 162 500 187
car 0.0053 436 159 453 177
car 0.0047 423 165 436 190
car 0.0012 426 176 448 196
car 0.0011 421 152 479 201
car 0.0011 435 167 456 187
chair 0.0010 380 19 501 216
person 0.0430 454 164 465 182
person 0.0049 423 165 436 190
train 0.2706 3 40 383 250
train 0.0465 162 72 372 213
train 0.0041 232 8 493 264
train 0.0016 221 58 442 215
tvmonitor 0.5391 241 19 365 96
tvmonitor 0.1936 375 6 498 82
tvmonitor 0.0024 299 -1 487 88
tvmonitor 0.0020 242 -2 372 41
tvmonitor 0.0012 373 5 441 78
