car 0.6849 22 76 492 264
car 0.5911 90 61 222 119
car 0.0338 71 61 158 116
car 0.0199 -2 116 35 235
car 0.0186 153 97 190 121
car 0.0122 136 62 222 92
car 0.0087 473 113 500 219
car 0.0085 0 108 34 178
car 0.0071 74 63 132 96
car 0.0059 492 103 500 153
car 0.0055 101 63 295 131
car 0.0049 481 137 500 206
car 0.0041 486 105 500 177
car 0.0040 88 58 205 95
car 0.0033 451 101 501 224
car 0.0027 160 59 239 99
car 0.0023 99 74 184 120
car 0.0020 149 66 222 113
car 0.0018 43 72 437 188
car 0.0012 0 40 30 84
car 0.0011 172 66 226 95
car 0.0010 59 68 216 147
car 0.0010 490 122 500 171
person 0.4077 424 102 450 136
person 0.3701 389 98 407 128
person 0.3386 370 99 393 127
person 0.3149 456 95 489 158
person 0.0734 393 98 431 133
person 0.0675 393 100 416 129
person 0.0425 360 101 384 126
person 0.0378 0 57 33 124
person 0.0305 160 100 184 121
person 0.0225 378 98 399 126
person 0.0224 357 103 371 126
person 0.0144 460 97 484 135
person 0.0110 470 99 493 156
person 0.0107 148 90 195 122
person 0.0089 445 99 472 139
person 0.0080 453 108 465 143
person 0.0074 1 53 32 93
person 0.0065 487 103 500 155
person 0.0062 0 100 29 134
person 0.0060 453 102 477 150
person 0.0059 456 97 495 206
person 0.0057 407 103 419 129
person 0.0054 209 50 233 82
person 0.0051 492 99 500 147
person 0.0051 -2 94 35 178
person 0.0048 157 102 176 120
person 0.0042 0 75 25 136
person 0.0041 341 100 357 124
person 0.0037 401 100 422 127
person 0.0032 0 100 21 160
person 0.0025 10 104 32 128
person 0.0023 413 104 427 129
person 0.0019 435 100 452 128
person 0.0019 0 52 8 117
person 0.0019 444 106 462 138
person 0.0019 71 111 85 122
person 0.0018 22 106 35 126
person 0.0017 463 97 483 119
person 0.0017 195 54 228 84
person 0.0016 410 97 476 169
person 0.0016 485 86 500 137
person 0.0015 84 107 102 122
person 0.0012 207 48 224 70
person 0.0012 334 99 362 129
person 0.0012 -3 35 35 103
person 0.0011 282 65 303 88
person 0.0010 169 99 188 119
