bottle 0.0112 143 189 161 248
bottle 0.0091 123 115 137 151
bottle 0.0050 285 140 317 204
bottle 0.0040 120 117 140 172
bottle 0.0033 132 180 153 245
bottle 0.0028 114 123 150 192
bottle 0.0022 96 120 185 202
bottle 0.0022 138 12 178 85
bottle 0.0019 126 131 157 190
bottle 0.0018 138 9 173 55
bottle 0.0018 151 190 175 247
bottle 0.0011 278 150 308 210
bottle 0.0011 119 135 165 206
diningtable 0.0028 17 160 354 333
diningtable 0.0011 20 231 306 336
person 0.3820 264 21 448 329
person 0.3296 252 61 323 199
person 0.2347 199 88 329 324
person 0.2253 47 153 140 316
person 0.2057 78 160 143 255
person 0.1711 -1 71 78 305
person 0.1287 456 55 502 313
person 0.1004 195 88 292 232
person 0.0489 33 89 141 281
person 0.0454 259 60 317 144
person 0.0416 65 103 120 194
person 0.0311 240 48 366 268
person 0.0215 294 14 432 212
person 0.0175 84 97 298 296
person 0.0130 160 100 282 268
person 0.0114 1 65 118 206
person 0.0112 461 41 499 212
person 0.0094 65 151 192 259
person 0.0093 87 132 173 239
person 0.0093 362 95 467 330
person 0.0087 148 133 212 216
person 0.0076 273 106 329 241
person 0.0062 218 105 408 330
person 0.0055 406 62 503 329
person 0.0047 61 123 127 250
person 0.0047 99 161 141 234
person 0.0041 201 63 316 188
person 0.0039 285 65 319 130
person 0.0038 56 97 165 217
person 0.0036 0 270 30 331
person 0.0036 401 81 455 295
person 0.0033 38 146 219 302
person 0.0030 151 140 228 254
person 0.0026 214 114 299 278
person 0.0026 179 97 267 203
person 0.0024 74 96 118 159
person 0.0024 0 61 42 290
person 0.0022 124 152 162 246
person 0.0021 97 170 228 271
person 0.0019 -1 65 69 162
person 0.0019 247 106 315 237
person 0.0018 141 63 297 203
person 0.0015 167 124 243 221
person 0.0014 -2 264 52 334
person 0.0014 48 55 127 177
person 0.0014 102 129 155 216
person 0.0011 255 64 291 140
person 0.0010 173 168 366 330
person 0.0010 -1 86 20 312
person 0.0010 354 24 449 275
tvmonitor 0.0273 152 146 188 188
tvmonitor 0.0016 144 145 194 215
