bicycle 0.0061 362 222 498 327
bottle 0.0034 364 226 495 307
chair 0.0365 363 232 494 331
chair 0.0056 0 187 35 238
chair 0.0031 461 96 503 302
cow 0.7718 215 187 346 327
cow 0.0010 280 194 349 325
dog 0.0042 360 226 490 329
horse 0.0011 226 195 348 330
person 0.4957 185 151 211 217
person 0.2978 204 151 228 212
person 0.0866 192 153 223 219
person 0.0144 209 151 228 189
person 0.0139 212 151 236 199
person 0.0060 186 151 206 193
person 0.0046 178 153 199 221
person 0.0042 189 148 219 188
person 0.0035 223 150 243 190
person 0.0023 459 177 503 330
person 0.0015 185 151 202 178
person 0.0013 203 157 222 195
pottedplant 0.0065 185 101 201 133
tvmonitor 0.0019 458 56 503 264
