bird 0.0054 78 100 109 157
bird 0.0024 0 173 28 290
bird 0.0022 0 188 24 250
bird 0.0018 75 88 124 168
bird 0.0011 -3 176 56 327
chair 0.0026 313 -1 344 29
person 0.0042 471 0 500 46
person 0.0011 474 1 500 82
person 0.0011 302 -2 347 37
pottedplant 0.1038 85 0 487 348
pottedplant 0.0753 268 18 503 336
pottedplant 0.0416 318 273 498 381
pottedplant 0.0271 314 234 425 352
pottedplant 0.0266 322 320 467 377
pottedplant 0.0241 212 272 336 375
pottedplant 0.0146 -10 7 337 346
pottedplant 0.0089 304 194 473 363
pottedplant 0.0087 397 282 500 378
pottedplant 0.0087 258 257 344 354
pottedplant 0.0086 266 263 322 330
pottedplant 0.0083 420 33 504 327
pottedplant 0.0083 259 258 424 374
pottedplant 0.0068 371 3 500 249
pottedplant 0.0044 242 119 442 360
pottedplant 0.0040 281 7 498 195
pottedplant 0.0038 268 324 418 376
pottedplant 0.0036 364 74 500 360
pottedplant 0.0035 330 335 408 375
pottedplant 0.0034 320 263 394 346
pottedplant 0.0027 256 314 354 373
pottedplant 0.0025 137 234 344 376
pottedplant 0.0021 234 220 387 348
pottedplant 0.0021 113 179 407 372
pottedplant 0.0019 209 209 322 352
pottedplant 0.0019 371 218 488 371
pottedplant 0.0018 442 74 503 273
pottedplant 0.0017 172 9 456 252
pottedplant 0.0017 351 332 437 376
pottedplant 0.0016 163 79 411 308
pottedplant 0.0016 375 220 439 345
pottedplant 0.0015 455 286 502 376
pottedplant 0.0014 113 16 313 241
pottedplant 0.0013 79 21 185 178
pottedplant 0.0013 35 30 239 226
pottedplant 0.0012 227 278 290 364
pottedplant 0.0012 172 148 355 342
pottedplant 0.0011 69 81 133 176
pottedplant 0.0011 145 1 324 155
pottedplant 0.0010 276 293 338 370
pottedplant 0.0010 381 -1 498 125
pottedplant 0.0010 436 18 499 194
pottedplant 0.0010 435 109 498 182
pottedplant 0.0010 453 148 499 261
