chair 0.0251 202 155 492 376
chair 0.0174 0 144 183 370
chair 0.0046 -1 163 115 335
chair 0.0037 70 134 197 324
chair 0.0037 3 148 93 247
chair 0.0027 8 215 261 376
chair 0.0024 156 133 274 232
chair 0.0022 1 258 167 376
chair 0.0019 82 139 176 224
chair 0.0013 74 148 295 378
chair 0.0012 -3 218 82 378
person 0.0091 322 67 368 123
person 0.0019 395 32 441 106
pottedplant 0.0012 70 94 156 130
sofa 0.4813 158 144 496 378
sofa 0.1114 25 129 413 338
sofa 0.0386 37 131 296 287
sofa 0.0033 153 133 274 244
tvmonitor 0.0767 1 189 91 250
