bottle 0.0036 303 235 416 343
bottle 0.0021 114 0 152 35
bottle 0.0012 254 7 323 90
car 0.0039 73 3 289 152
car 0.0027 74 0 240 81
cat 0.0578 5 193 113 286
cat 0.0010 294 10 395 143
chair 0.0057 415 190 498 326
chair 0.0032 305 196 499 359
chair 0.0021 72 133 480 368
chair 0.0012 -4 2 52 93
cow 0.0077 18 144 187 220
diningtable 0.0022 298 261 496 371
dog 0.1507 5 192 137 293
dog 0.0157 7 140 180 225
dog 0.0097 5 156 201 295
dog 0.0082 25 15 399 297
dog 0.0080 6 120 276 237
dog 0.0065 90 68 274 176
dog 0.0060 311 241 495 359
dog 0.0055 16 201 458 375
dog 0.0045 57 48 312 243
dog 0.0041 268 19 393 140
dog 0.0039 305 245 411 346
dog 0.0024 105 96 256 161
dog 0.0018 69 12 354 175
dog 0.0013 38 199 115 284
dog 0.0010 29 217 154 309
dog 0.0010 129 224 392 367
dog 0.0010 210 204 479 355
person 0.1771 252 30 412 321
person 0.0840 44 52 463 349
person 0.0721 446 3 500 110
person 0.0089 29 137 362 321
person 0.0039 0 182 274 307
person 0.0023 453 28 503 199
person 0.0020 116 0 193 35
person 0.0020 419 0 503 350
person 0.0020 471 -7 499 100
person 0.0019 270 16 393 157
person 0.0017 149 109 413 333
person 0.0015 299 39 505 317
person 0.0013 203 15 388 243
person 0.0011 91 -4 242 69
person 0.0010 117 0 156 33
sofa 0.0659 2 134 426 363
sofa 0.0102 1 174 339 317
sofa 0.0036 68 222 504 376
sofa 0.0022 -26 259 401 377
sofa 0.0017 239 84 493 362
