aeroplane 0.1702 48 79 420 232
aeroplane 0.0259 33 120 303 233
aeroplane 0.0187 4 142 221 241
aeroplane 0.0166 177 70 433 199
aeroplane 0.0029 55 138 207 213
aeroplane 0.0022 292 73 423 188
aeroplane 0.0019 0 134 136 270
aeroplane 0.0018 291 60 389 123
aeroplane 0.0015 127 66 352 174
aeroplane 0.0013 207 91 377 167
aeroplane 0.0013 -1 173 92 278
aeroplane 0.0013 232 84 479 238
aeroplane 0.0011 17 127 457 308
bird 0.0024 300 54 376 108
bird 0.0013 298 79 433 204
bird 0.0010 301 51 327 107
boat 0.0015 5 168 463 322
person 0.4744 456 315 499 375
person 0.0424 300 336 351 376
person 0.0370 422 307 498 374
person 0.0245 310 353 345 375
person 0.0211 360 276 499 380
person 0.0107 432 245 502 376
person 0.0031 492 319 500 375
person 0.0027 461 235 500 352
person 0.0026 303 361 343 376
person 0.0022 448 303 499 354
person 0.0019 321 352 354 376
person 0.0018 304 48 325 105
person 0.0016 293 339 328 375
person 0.0013 326 362 353 377
person 0.0013 476 265 500 373
person 0.0012 460 258 499 310
person 0.0010 474 309 499 362
tvmonitor 0.0077 348 273 501 381
tvmonitor 0.0024 304 54 380 107
tvmonitor 0.0018 101 203 154 240
tvmonitor 0.0011 273 212 498 381
