bottle 0.0014 90 233 116 279
bottle 0.0013 118 44 143 116
bottle 0.0010 121 187 181 256
diningtable 0.0724 -4 180 287 280
diningtable 0.0332 22 213 455 289
diningtable 0.0038 193 204 486 277
diningtable 0.0028 -1 88 229 272
diningtable 0.0022 34 129 444 281
diningtable 0.0014 -1 163 164 276
person 0.6622 17 52 142 190
person 0.5740 111 36 234 220
person 0.4327 208 44 324 227
person 0.3441 429 62 496 126
person 0.3235 244 31 486 271
person 0.1664 431 64 469 119
person 0.0603 427 61 502 182
person 0.0583 371 59 501 277
person 0.0535 -2 82 37 159
person 0.0378 116 39 319 247
person 0.0260 328 33 477 216
person 0.0230 2 86 46 134
person 0.0172 442 80 503 275
person 0.0162 222 52 392 246
person 0.0095 3 75 79 166
person 0.0093 0 82 22 180
person 0.0065 41 46 178 228
person 0.0058 270 37 423 217
person 0.0056 55 52 135 159
person 0.0051 6 89 31 124
person 0.0029 0 59 19 138
person 0.0025 -3 53 40 137
person 0.0023 418 67 451 121
person 0.0021 238 45 321 151
person 0.0017 435 68 462 107
person 0.0016 78 33 212 171
person 0.0015 459 177 503 282
person 0.0014 0 79 5 160
person 0.0014 73 56 255 269
person 0.0014 72 40 153 138
person 0.0013 31 56 106 147
person 0.0012 0 88 56 197
person 0.0012 1 71 31 120
person 0.0012 8 83 70 129
person 0.0010 418 72 433 116
pottedplant 0.0010 228 218 405 277
