aeroplane 0.0025 24 144 499 356
bicycle 0.0137 10 269 405 379
bicycle 0.0017 91 304 330 376
bird 0.0145 0 172 119 279
bird 0.0106 -2 177 83 327
bird 0.0025 -5 155 248 261
bird 0.0019 -3 171 46 291
bird 0.0015 0 272 171 373
bird 0.0013 15 175 141 241
bird 0.0013 -3 225 50 363
bird 0.0010 83 181 480 363
boat 0.1921 66 139 495 258
boat 0.0055 306 128 495 227
boat 0.0011 367 126 498 200
boat 0.0010 -7 80 485 242
cow 0.0016 1 175 89 287
motorbike 0.0025 0 260 275 380
person 0.3431 44 181 288 370
person 0.0169 0 180 168 369
person 0.0089 -2 181 74 354
person 0.0076 136 172 171 191
person 0.0073 118 200 346 356
person 0.0063 10 159 355 314
person 0.0045 0 176 132 286
person 0.0023 101 169 209 212
person 0.0023 51 181 216 308
person 0.0020 0 199 45 338
person 0.0012 158 227 297 354
