aeroplane 0.5347 -12 65 487 251
aeroplane 0.1937 288 65 469 140
aeroplane 0.1304 286 28 493 216
aeroplane 0.0163 157 52 469 148
aeroplane 0.0048 -5 104 288 251
aeroplane 0.0039 420 147 502 208
aeroplane 0.0039 266 76 405 136
aeroplane 0.0036 2 201 111 255
aeroplane 0.0033 378 166 502 250
aeroplane 0.0030 0 160 123 253
aeroplane 0.0027 64 22 497 193
aeroplane 0.0023 2 124 175 255
aeroplane 0.0020 305 181 490 254
aeroplane 0.0013 0 216 77 257
aeroplane 0.0012 410 197 504 252
aeroplane 0.0011 296 90 389 134
aeroplane 0.0010 115 121 493 261
car 0.0020 68 239 121 254
car 0.0013 0 228 15 252
car 0.0011 0 222 26 251
person 0.0029 485 227 499 258
