bottle 0.0048 158 250 208 372
bottle 0.0036 246 146 258 179
bottle 0.0014 446 196 500 368
bottle 0.0013 331 155 365 197
bottle 0.0011 131 241 235 376
car 0.0041 458 109 500 219
chair 0.4989 180 160 261 286
chair 0.2253 164 147 217 261
chair 0.2091 129 146 176 211
chair 0.1021 167 140 209 219
chair 0.0544 171 143 244 222
chair 0.0485 241 197 341 374
chair 0.0333 -3 193 47 357
chair 0.0268 106 145 153 216
chair 0.0150 215 155 286 252
chair 0.0136 156 142 189 215
chair 0.0120 247 152 334 304
chair 0.0110 181 155 279 213
chair 0.0108 232 143 288 207
chair 0.0078 224 136 255 159
chair 0.0061 201 136 273 187
chair 0.0060 140 142 202 232
chair 0.0055 443 87 504 365
chair 0.0049 0 194 20 347
chair 0.0042 243 156 283 231
chair 0.0037 250 144 285 189
chair 0.0035 199 151 258 194
chair 0.0034 243 141 266 174
chair 0.0032 242 145 271 188
chair 0.0028 257 137 286 175
chair 0.0027 98 139 186 219
chair 0.0021 204 173 250 261
chair 0.0018 179 172 224 260
chair 0.0018 182 135 228 179
chair 0.0017 314 149 370 198
chair 0.0016 227 154 307 283
chair 0.0015 170 183 209 267
chair 0.0015 0 167 41 302
chair 0.0013 234 141 261 165
chair 0.0012 203 211 259 286
chair 0.0011 180 152 224 219
chair 0.0011 122 142 160 205
chair 0.0010 -5 161 86 357
chair 0.0010 191 160 238 224
diningtable 0.1892 178 158 272 288
diningtable 0.0224 179 149 281 217
diningtable 0.0035 209 162 334 322
diningtable 0.0022 8 227 265 377
person 0.0213 246 163 334 353
person 0.0019 308 176 329 198
pottedplant 0.0017 322 151 374 198
pottedplant 0.0010 11 122 129 315
tvmonitor 0.0054 456 108 503 216
tvmonitor 0.0018 444 193 502 366
tvmonitor 0.0013 457 111 497 172
