bus 0.6786 139 7 426 242
bus 0.4875 458 118 499 198
bus 0.0226 354 106 420 152
bus 0.0118 374 109 414 146
bus 0.0084 337 104 416 185
bus 0.0027 442 118 493 174
bus 0.0016 347 78 423 159
bus 0.0016 133 0 278 211
bus 0.0012 492 117 499 200
bus 0.0011 104 16 233 191
bus 0.0011 423 122 461 161
bus 0.0010 133 49 203 157
bus 0.0010 138 85 197 121
car 0.5297 419 135 457 171
car 0.2822 454 121 504 193
car 0.0099 440 133 461 170
car 0.0041 0 136 58 198
car 0.0021 416 140 443 173
car 0.0015 451 135 461 180
car 0.0012 397 128 450 172
car 0.0011 0 134 13 202
car 0.0010 350 106 420 211
