bird 0.0021 344 165 493 319
bottle 0.0180 4 278 171 378
bottle 0.0097 34 316 178 378
bottle 0.0027 358 163 498 290
bottle 0.0013 407 345 498 376
car 0.0039 405 319 501 376
car 0.0024 382 269 500 376
motorbike 0.4003 5 24 480 331
motorbike 0.0347 51 4 224 150
motorbike 0.0235 28 19 299 235
motorbike 0.0177 54 2 207 84
motorbike 0.0144 186 21 490 274
motorbike 0.0091 4 29 222 320
motorbike 0.0061 120 0 204 66
motorbike 0.0061 56 3 468 203
motorbike 0.0040 98 7 271 88
motorbike 0.0031 -2 27 123 267
motorbike 0.0027 355 157 501 297
motorbike 0.0025 56 30 161 149
motorbike 0.0023 370 234 501 379
motorbike 0.0023 321 29 504 260
motorbike 0.0022 280 151 498 352
motorbike 0.0019 72 10 350 139
motorbike 0.0012 33 14 178 222
motorbike 0.0012 103 83 411 304
motorbike 0.0011 176 1 452 153
motorbike 0.0010 139 0 331 94
motorbike 0.0010 0 74 84 235
motorbike 0.0010 147 185 480 370
person 0.6121 -1 1 72 144
person 0.0965 336 0 494 98
person 0.0637 35 1 84 112
person 0.0375 325 2 501 198
person 0.0238 41 0 83 60
person 0.0217 388 0 496 64
person 0.0203 63 1 82 28
person 0.0192 0 5 19 132
person 0.0179 246 0 314 55
person 0.0155 51 0 81 33
person 0.0140 67 0 96 26
person 0.0128 77 0 103 25
person 0.0125 266 -1 474 140
person 0.0112 5 -2 79 71
person 0.0102 0 21 45 187
person 0.0096 0 14 96 224
person 0.0096 48 -1 113 49
person 0.0081 445 0 500 60
person 0.0079 359 0 451 73
person 0.0067 302 -3 429 93
person 0.0054 136 0 184 57
person 0.0048 181 -1 281 61
person 0.0041 38 8 141 138
person 0.0033 187 0 335 76
person 0.0032 -4 40 58 246
person 0.0031 0 36 13 171
person 0.0025 154 7 268 77
person 0.0024 424 0 503 150
person 0.0023 49 4 98 76
person 0.0020 46 11 105 123
person 0.0020 172 24 210 66
person 0.0019 68 -3 138 34
person 0.0018 14 9 169 185
person 0.0017 196 -2 439 101
person 0.0014 356 132 499 284
person 0.0014 323 1 389 100
person 0.0013 61 1 104 35
person 0.0012 0 32 19 226
person 0.0012 425 63 503 235
person 0.0011 35 1 76 41
person 0.0011 97 -2 178 38
person 0.0011 148 -1 185 26
person 0.0010 0 -3 42 104
person 0.0010 42 5 149 76
