car 0.0010 42 436 119 481
cow 0.6976 246 155 359 292
cow 0.6600 149 151 206 247
cow 0.4613 102 130 143 189
cow 0.1043 137 131 168 179
cow 0.0535 171 136 228 198
cow 0.0516 138 130 204 189
cow 0.0516 292 191 364 288
cow 0.0199 167 133 199 154
cow 0.0169 117 133 160 187
cow 0.0143 168 135 217 174
cow 0.0113 144 131 198 165
cow 0.0071 113 144 140 183
cow 0.0063 134 127 225 218
cow 0.0055 313 187 365 258
cow 0.0036 177 141 224 242
cow 0.0026 165 175 206 242
cow 0.0020 186 140 226 183
cow 0.0019 244 158 306 273
cow 0.0015 101 134 125 182
cow 0.0014 139 132 180 237
cow 0.0014 98 128 194 201
cow 0.0014 192 143 231 209
cow 0.0013 171 136 198 166
cow 0.0011 136 144 158 180
