bird 0.0023 78 253 194 371
boat 0.0088 -3 74 470 336
bottle 0.0012 77 243 200 375
car 0.0042 6 148 231 291
car 0.0027 16 102 127 189
car 0.0027 0 135 16 201
car 0.0023 6 95 230 202
car 0.0022 0 109 26 199
car 0.0016 45 106 122 159
car 0.0014 0 136 316 356
car 0.0012 -3 101 61 199
chair 0.0363 178 261 289 367
chair 0.0246 284 250 425 354
chair 0.0182 150 209 468 367
chair 0.0171 431 129 502 218
chair 0.0166 132 241 343 372
chair 0.0073 450 229 483 289
chair 0.0056 427 143 501 292
chair 0.0056 484 141 500 218
chair 0.0053 460 144 500 216
chair 0.0036 236 212 397 349
chair 0.0035 60 182 372 370
chair 0.0029 427 108 503 173
chair 0.0025 402 113 504 238
chair 0.0022 303 283 384 351
chair 0.0019 453 121 500 170
chair 0.0019 465 231 484 287
chair 0.0018 480 122 500 196
chair 0.0017 340 133 384 159
chair 0.0014 407 96 471 160
chair 0.0013 494 136 500 210
chair 0.0011 257 289 471 382
motorbike 0.0124 81 195 437 366
person 0.0118 150 202 466 361
person 0.0024 0 95 22 195
person 0.0020 78 246 199 369
person 0.0018 480 120 500 197
person 0.0015 -2 63 32 194
person 0.0015 399 127 504 260
train 0.0172 7 73 275 187
train 0.0062 4 110 465 357
train 0.0043 11 132 255 276
