bottle 0.0856 301 90 320 117
bottle 0.0051 287 91 328 121
chair 0.0062 163 108 438 376
chair 0.0060 215 175 399 374
chair 0.0044 366 181 498 374
chair 0.0027 3 115 157 370
chair 0.0023 33 160 398 376
person 0.3336 113 90 307 368
person 0.1259 168 96 386 366
person 0.0496 1 47 209 370
person 0.0142 192 87 320 266
person 0.0053 202 85 311 183
person 0.0030 55 67 370 308
person 0.0023 212 70 293 141
person 0.0014 216 5 300 125
sofa 0.1451 66 95 412 374
sofa 0.0061 191 133 512 369
tvmonitor 0.0024 0 -1 36 33
