bottle 0.2311 14 2 121 276
bottle 0.0424 29 8 114 173
bottle 0.0331 -3 5 64 270
bottle 0.0061 283 106 327 229
bottle 0.0049 41 140 119 279
bottle 0.0032 0 8 40 193
bottle 0.0030 249 75 364 262
bottle 0.0028 103 193 184 321
bottle 0.0022 -1 237 182 338
bottle 0.0017 17 144 151 314
bottle 0.0012 56 183 222 327
bottle 0.0012 380 64 500 193
bottle 0.0010 -4 94 52 303
chair 0.0044 53 128 472 323
chair 0.0010 287 68 491 227
diningtable 0.0020 147 137 485 325
person 0.0105 388 92 502 332
person 0.0062 453 121 503 334
person 0.0060 296 308 348 334
person 0.0032 287 77 501 328
pottedplant 0.1421 20 0 116 172
pottedplant 0.0017 17 0 110 83
pottedplant 0.0015 -1 0 92 122
pottedplant 0.0010 24 13 414 333
sofa 0.0109 22 10 455 335
sofa 0.0026 39 160 481 329
tvmonitor 0.0499 90 2 477 317
tvmonitor 0.0020 155 44 421 262
tvmonitor 0.0010 163 122 494 329
tvmonitor 0.0010 80 13 350 251
