bird 0.0427 180 70 282 250
bird 0.0275 166 68 237 247
bird 0.0116 186 113 254 260
bird 0.0097 118 96 213 238
bird 0.0080 179 71 230 183
bird 0.0036 13 101 83 160
bird 0.0032 177 103 339 206
bird 0.0028 121 111 190 199
bird 0.0013 205 112 276 224
bird 0.0010 134 64 250 196
bottle 0.0039 184 71 233 150
cow 0.0103 407 91 489 211
dog 0.0084 0 99 85 169
dog 0.0049 -3 99 96 249
dog 0.0028 415 138 498 247
dog 0.0024 162 67 341 201
dog 0.0024 214 112 346 212
dog 0.0020 444 155 499 270
dog 0.0016 117 111 191 199
dog 0.0014 442 139 502 358
person 0.1851 181 69 258 260
person 0.0098 182 71 230 195
person 0.0025 192 70 239 146
sheep 0.1748 444 147 501 243
sheep 0.1645 205 101 350 195
sheep 0.1563 415 87 498 203
sheep 0.0108 0 100 87 244
sheep 0.0088 2 101 82 162
sheep 0.0081 458 82 502 176
sheep 0.0069 479 79 500 159
sheep 0.0061 254 120 349 189
sheep 0.0028 399 109 461 185
sheep 0.0022 480 86 500 224
sheep 0.0021 450 143 503 352
sheep 0.0021 286 131 351 184
sheep 0.0019 421 91 484 154
sheep 0.0019 187 108 337 258
sheep 0.0013 406 131 440 174
