aeroplane 0.0240 51 97 472 235
horse 0.5281 2 69 295 244
horse 0.3902 435 107 500 226
horse 0.0125 50 97 475 236
horse 0.0046 118 101 304 238
horse 0.0029 1 82 108 244
horse 0.0023 436 119 495 184
horse 0.0015 478 108 500 221
horse 0.0014 454 127 498 213
person 0.3885 89 22 168 161
person 0.1942 460 81 502 181
person 0.0377 478 80 500 194
person 0.0345 24 26 163 155
person 0.0333 434 82 498 198
person 0.0122 79 25 217 185
person 0.0097 51 24 163 106
person 0.0084 469 83 499 146
person 0.0052 493 88 500 176
person 0.0021 446 80 497 138
person 0.0011 22 47 187 214
train 0.0507 112 143 494 218
train 0.0014 282 130 514 224
