bottle 0.0166 384 21 499 140
bottle 0.0071 396 80 495 142
bottle 0.0039 400 88 463 132
bottle 0.0025 395 60 502 175
bottle 0.0015 432 14 459 65
bottle 0.0012 475 33 500 122
bottle 0.0010 375 54 465 130
cat 0.0348 94 33 483 298
cat 0.0017 101 99 263 196
chair 0.0051 131 -1 387 137
chair 0.0019 119 -4 376 70
chair 0.0013 103 15 473 262
dog 0.1144 40 43 488 351
dog 0.0120 0 129 176 375
dog 0.0064 68 57 404 243
dog 0.0062 0 246 171 379
dog 0.0061 94 83 331 213
dog 0.0034 0 89 332 369
person 0.1331 381 10 500 132
person 0.0144 437 14 500 94
person 0.0024 478 19 500 119
person 0.0024 393 3 494 81
person 0.0012 479 18 500 71
person 0.0010 431 5 494 65
