bottle 0.0010 116 260 259 378
chair 0.0176 356 263 499 378
chair 0.0169 439 144 502 360
chair 0.0118 386 52 502 361
chair 0.0038 122 141 439 380
chair 0.0030 441 201 500 317
chair 0.0029 -3 15 80 373
chair 0.0028 41 136 186 371
chair 0.0026 192 33 475 372
chair 0.0022 0 25 174 367
chair 0.0012 273 132 502 373
chair 0.0012 96 225 280 379
person 0.3618 105 114 383 377
person 0.0069 37 76 302 360
person 0.0044 399 8 501 354
person 0.0039 170 82 493 376
person 0.0024 125 150 280 372
person 0.0016 12 8 203 351
