bicycle 0.0964 434 103 502 343
bicycle 0.0030 462 199 503 343
bicycle 0.0010 415 182 497 362
bottle 0.0023 470 251 500 332
bottle 0.0016 454 217 501 360
bottle 0.0013 0 24 31 237
car 0.0037 0 26 59 339
cat 0.3250 148 34 370 333
cat 0.0031 72 80 297 290
cat 0.0026 204 37 363 234
cat 0.0019 120 132 248 236
cat 0.0012 113 133 339 323
chair 0.0212 440 89 502 332
chair 0.0089 -2 21 64 375
chair 0.0031 418 195 501 357
chair 0.0024 467 230 500 334
chair 0.0022 455 64 503 247
dog 0.0038 76 38 377 342
dog 0.0018 197 29 350 292
tvmonitor 0.0533 0 24 34 162
tvmonitor 0.0156 0 23 43 262
tvmonitor 0.0032 0 5 29 111
tvmonitor 0.0031 0 66 62 370
