aeroplane 0.1708 5 378 340 500
aeroplane 0.0775 114 330 376 497
aeroplane 0.0713 38 405 255 500
aeroplane 0.0682 -3 400 150 491
aeroplane 0.0391 82 421 358 502
aeroplane 0.0202 -1 380 99 445
aeroplane 0.0121 227 338 379 484
aeroplane 0.0087 -4 401 77 480
aeroplane 0.0071 128 232 358 455
aeroplane 0.0055 0 386 63 424
aeroplane 0.0051 95 405 175 494
aeroplane 0.0043 -3 431 115 493
aeroplane 0.0036 15 367 119 428
aeroplane 0.0031 123 431 285 498
aeroplane 0.0028 205 434 358 498
aeroplane 0.0024 34 384 102 422
aeroplane 0.0018 279 353 378 459
aeroplane 0.0017 1 310 267 487
aeroplane 0.0016 69 384 197 490
aeroplane 0.0014 144 298 221 334
aeroplane 0.0014 143 277 292 384
aeroplane 0.0014 288 355 375 415
aeroplane 0.0013 -2 342 136 453
aeroplane 0.0012 2 386 51 409
aeroplane 0.0011 3 347 95 402
aeroplane 0.0011 148 305 286 355
aeroplane 0.0011 28 383 80 413
aeroplane 0.0011 86 -4 359 41
aeroplane 0.0010 54 388 129 420
aeroplane 0.0010 212 464 351 499
aeroplane 0.0010 16 375 168 466
bird 0.0172 110 412 172 493
boat 0.0294 22 231 372 502
boat 0.0101 137 291 230 340
boat 0.0089 117 301 248 352
boat 0.0079 152 290 206 314
boat 0.0069 102 276 306 390
boat 0.0063 140 310 216 342
boat 0.0061 153 242 252 343
boat 0.0048 146 278 217 322
boat 0.0032 127 218 274 365
boat 0.0026 198 232 240 337
boat 0.0020 71 188 293 394
boat 0.0013 186 231 284 350
boat 0.0013 129 301 201 338
boat 0.0011 146 180 348 405
boat 0.0011 134 315 187 340
