bicycle 0.5744 189 223 295 443
bicycle 0.0021 110 140 312 428
bicycle 0.0018 200 175 337 416
car 0.2260 159 66 402 313
car 0.1115 326 85 419 270
car 0.0598 23 52 338 329
car 0.0557 36 137 214 332
car 0.0329 261 93 397 325
car 0.0294 136 89 294 334
car 0.0198 276 67 414 223
car 0.0089 6 87 96 317
car 0.0084 38 13 362 113
car 0.0076 356 95 426 224
car 0.0068 60 55 393 187
car 0.0062 5 110 57 302
car 0.0043 259 20 310 53
car 0.0038 76 7 276 73
car 0.0023 273 179 384 311
car 0.0020 383 123 429 183
car 0.0020 48 25 220 83
car 0.0016 177 121 358 389
car 0.0015 377 110 430 259
car 0.0014 359 113 410 289
car 0.0011 5 158 43 275
motorbike 0.0118 24 73 199 337
motorbike 0.0014 275 180 395 326
person 0.5581 177 91 287 337
person 0.3227 31 22 122 155
person 0.1174 18 27 115 303
person 0.0848 255 77 311 140
person 0.0184 256 80 293 126
person 0.0167 23 32 96 198
person 0.0087 251 71 357 176
person 0.0079 0 32 83 250
person 0.0057 24 28 79 142
person 0.0040 270 83 330 148
person 0.0038 41 20 111 79
person 0.0034 30 28 156 234
person 0.0033 196 1 244 44
person 0.0026 209 6 236 39
person 0.0019 212 71 312 132
person 0.0016 186 73 357 292
person 0.0015 25 22 209 154
person 0.0014 54 42 207 322
person 0.0014 203 132 306 377
person 0.0013 117 0 181 44
person 0.0013 0 34 48 306
person 0.0012 12 45 64 170
person 0.0011 104 84 267 331
person 0.0010 46 23 88 71
person 0.0010 134 9 165 38
person 0.0010 194 14 251 61
person 0.0010 56 35 150 167
person 0.0010 120 -1 231 47
