bird 0.6230 212 158 295 229
bird 0.0066 222 159 294 198
bird 0.0063 195 165 260 235
bird 0.0033 205 165 238 231
bird 0.0028 120 45 215 195
bird 0.0019 138 144 307 253
bird 0.0019 196 155 295 273
bird 0.0018 134 125 226 235
bird 0.0013 190 119 327 223
bird 0.0013 217 130 295 204
bird 0.0011 138 132 216 190
bird 0.0010 207 204 233 234
bottle 0.0016 112 3 221 171
chair 0.0010 -2 67 131 281
dog 0.0034 339 23 498 321
person 0.0011 0 58 113 287
sheep 0.0017 132 134 188 178
sheep 0.0010 0 10 220 259
sheep 0.0010 0 68 119 199
