car 0.0567 457 135 499 243
car 0.0103 65 137 170 217
car 0.0018 0 127 168 270
car 0.0011 412 130 500 249
car 0.0011 29 130 229 310
horse 0.4952 109 121 425 376
horse 0.0113 80 167 298 382
horse 0.0068 1 179 131 309
horse 0.0046 274 114 493 373
horse 0.0032 11 137 251 356
horse 0.0016 375 128 500 367
horse 0.0010 458 132 503 346
person 0.7523 209 40 322 259
person 0.0053 220 41 317 165
person 0.0042 0 152 132 304
person 0.0040 -1 128 63 269
person 0.0028 258 43 339 260
person 0.0024 104 177 261 373
person 0.0021 184 30 350 334
person 0.0011 217 110 344 287
person 0.0010 159 34 344 172
train 0.0021 1 142 136 316
tvmonitor 0.0010 463 136 500 199
