bird 0.0027 487 36 499 151
bottle 0.3867 372 119 474 337
bottle 0.0658 263 -1 320 144
bottle 0.0098 410 117 502 334
bottle 0.0031 388 122 457 281
bottle 0.0024 444 55 503 314
bottle 0.0021 295 146 486 333
bottle 0.0017 372 230 468 335
bottle 0.0011 392 32 494 297
bottle 0.0010 443 217 504 333
chair 0.6021 17 24 283 322
chair 0.0073 18 12 200 153
chair 0.0044 453 135 500 330
chair 0.0020 105 65 273 300
chair 0.0016 23 97 173 317
chair 0.0010 458 215 504 331
chair 0.0010 186 42 243 108
diningtable 0.0024 259 127 488 333
diningtable 0.0012 61 67 548 334
person 0.0055 454 42 503 322
person 0.0017 480 21 500 278
person 0.0014 407 36 503 329
pottedplant 0.0062 486 15 499 136
pottedplant 0.0018 244 0 318 146
sofa 0.0017 15 22 449 317
