aeroplane 0.0021 -7 256 285 362
bottle 0.5731 366 5 386 51
bottle 0.4527 412 0 431 52
bottle 0.3415 312 167 347 239
bottle 0.3379 387 7 408 51
bottle 0.0931 372 5 402 51
bottle 0.0386 394 3 425 52
bottle 0.0255 412 -1 427 33
bottle 0.0197 314 164 360 263
bottle 0.0150 336 151 363 234
bottle 0.0129 360 4 379 50
bottle 0.0103 319 109 411 296
bottle 0.0101 328 148 375 264
bottle 0.0084 422 0 437 46
bottle 0.0081 399 9 413 53
bottle 0.0079 265 258 289 335
bottle 0.0059 338 152 358 205
bottle 0.0050 326 159 350 229
bottle 0.0046 414 0 433 26
bottle 0.0035 274 262 293 331
bottle 0.0033 85 293 101 336
bottle 0.0033 390 8 402 29
bottle 0.0031 336 151 356 182
bottle 0.0028 366 2 418 55
bottle 0.0027 283 266 294 329
bottle 0.0025 258 253 304 336
bottle 0.0024 235 155 253 234
bottle 0.0022 371 3 385 37
bottle 0.0021 281 257 311 331
bottle 0.0020 414 -1 427 17
bottle 0.0019 274 242 292 255
bottle 0.0019 401 0 418 49
bottle 0.0016 324 264 345 298
bottle 0.0012 424 1 436 25
bottle 0.0012 321 152 350 194
bottle 0.0011 338 151 354 169
bottle 0.0010 311 170 329 234
cat 0.2662 0 143 85 216
chair 0.0010 340 190 476 372
dog 0.0011 0 144 85 264
motorbike 0.0012 -9 167 273 364
person 0.7438 316 66 473 370
person 0.3127 0 147 149 363
person 0.0068 310 97 425 314
person 0.0058 -1 143 91 316
person 0.0037 361 61 469 283
person 0.0018 0 131 264 335
person 0.0015 348 62 467 172
person 0.0010 344 220 363 246
train 0.0011 9 136 287 362
tvmonitor 0.0022 259 333 366 380
