bird 0.0087 71 0 130 41
bottle 0.0304 187 288 207 344
bottle 0.0014 258 221 282 271
bottle 0.0012 299 234 311 247
bottle 0.0010 193 285 215 346
bottle 0.0010 275 235 286 248
chair 0.7297 1 339 185 501
chair 0.1709 296 260 375 422
chair 0.1249 241 276 375 448
chair 0.1234 61 259 181 462
chair 0.1119 334 253 374 298
chair 0.0995 113 275 338 462
chair 0.0866 238 250 273 284
chair 0.0813 147 260 196 316
chair 0.0798 60 269 132 334
chair 0.0631 51 268 146 419
chair 0.0435 110 256 237 445
chair 0.0384 255 245 287 283
chair 0.0361 -1 330 83 498
chair 0.0356 44 268 254 499
chair 0.0304 226 259 260 285
chair 0.0292 193 251 259 291
chair 0.0253 306 244 368 296
chair 0.0250 252 241 309 281
chair 0.0212 302 241 327 282
chair 0.0193 1 276 67 338
chair 0.0187 286 240 324 278
chair 0.0183 339 241 373 283
chair 0.0170 187 301 377 500
chair 0.0149 206 218 274 282
chair 0.0147 278 246 304 276
chair 0.0121 312 251 375 368
chair 0.0115 193 281 320 435
chair 0.0111 203 210 248 269
chair 0.0111 226 241 289 289
chair 0.0107 228 240 264 284
chair 0.0098 61 377 192 498
chair 0.0093 309 250 345 292
chair 0.0092 249 244 356 396
chair 0.0091 266 246 331 292
chair 0.0089 307 255 329 293
chair 0.0081 94 252 162 324
chair 0.0079 123 244 195 315
chair 0.0077 168 285 242 450
chair 0.0072 13 296 147 470
chair 0.0072 349 258 375 305
chair 0.0059 143 275 212 436
chair 0.0054 36 269 132 366
chair 0.0054 242 209 277 282
chair 0.0053 292 245 315 273
chair 0.0051 185 254 231 291
chair 0.0047 321 259 363 294
chair 0.0047 207 260 248 286
chair 0.0046 185 287 209 359
chair 0.0041 343 237 372 260
chair 0.0041 207 294 277 441
chair 0.0039 157 257 224 304
chair 0.0039 255 295 332 434
chair 0.0038 -1 272 113 397
chair 0.0036 199 253 300 385
chair 0.0034 295 249 326 291
chair 0.0034 316 322 374 433
chair 0.0034 240 262 264 284
chair 0.0032 164 264 230 365
chair 0.0032 52 223 299 405
chair 0.0029 148 262 205 371
chair 0.0026 122 258 193 408
chair 0.0025 43 274 101 337
chair 0.0024 257 346 375 501
chair 0.0022 41 341 141 421
chair 0.0020 362 248 375 297
chair 0.0020 180 278 219 378
chair 0.0019 232 300 302 432
chair 0.0018 239 248 258 279
chair 0.0018 89 260 164 404
chair 0.0018 54 274 91 316
chair 0.0017 113 245 233 336
chair 0.0015 198 267 265 369
chair 0.0014 344 252 375 358
chair 0.0014 216 253 254 284
chair 0.0012 198 204 244 245
chair 0.0012 -2 288 74 441
chair 0.0012 46 269 124 305
chair 0.0011 271 236 300 275
chair 0.0011 149 243 352 402
chair 0.0010 276 225 314 277
chair 0.0010 247 256 315 380
diningtable 0.1963 31 278 368 485
diningtable 0.0456 27 329 263 499
diningtable 0.0328 238 245 312 286
diningtable 0.0013 206 224 351 326
pottedplant 0.0659 113 233 168 281
pottedplant 0.0208 117 235 164 322
pottedplant 0.0153 285 199 302 239
pottedplant 0.0090 183 253 233 289
pottedplant 0.0085 199 197 218 209
pottedplant 0.0084 364 223 374 241
pottedplant 0.0051 355 227 374 253
pottedplant 0.0031 225 141 260 210
pottedplant 0.0030 198 205 246 256
pottedplant 0.0024 103 230 197 314
pottedplant 0.0019 199 188 223 210
pottedplant 0.0015 270 189 306 248
pottedplant 0.0012 284 215 301 248
pottedplant 0.0012 287 212 309 247
pottedplant 0.0011 109 236 152 263
pottedplant 0.0010 360 219 375 249
pottedplant 0.0010 195 256 223 287
pottedplant 0.0010 182 199 229 247
