bottle 0.0012 383 263 397 294
bus 0.0038 5 151 164 297
car 0.0985 0 131 162 260
car 0.0461 -9 129 297 273
car 0.0059 0 130 137 203
car 0.0018 0 140 16 219
car 0.0014 19 124 248 208
car 0.0013 0 145 30 222
car 0.0011 317 202 347 242
car 0.0010 0 140 9 204
chair 0.0011 433 272 501 376
motorbike 0.0025 332 255 441 377
person 0.7489 50 185 93 298
person 0.7154 -1 158 37 314
person 0.6850 350 205 472 377
person 0.3074 303 194 333 259
person 0.3070 352 191 420 301
person 0.0584 480 206 500 335
person 0.0303 467 186 502 339
person 0.0189 339 238 409 376
person 0.0093 370 192 484 322
person 0.0078 414 216 496 376
person 0.0044 370 192 413 252
person 0.0034 472 237 500 369
person 0.0030 325 187 425 267
person 0.0027 37 155 113 290
person 0.0027 442 204 499 332
person 0.0026 485 163 500 301
person 0.0024 -6 137 79 279
person 0.0020 408 213 472 330
person 0.0020 0 143 19 278
person 0.0017 469 128 500 289
person 0.0016 441 187 465 244
person 0.0014 -3 134 37 229
person 0.0013 455 264 503 376
person 0.0012 32 171 86 275
person 0.0012 0 198 24 330
person 0.0011 17 174 64 292
person 0.0011 381 197 446 296
person 0.0011 360 217 423 366
person 0.0010 0 127 13 191
person 0.0010 309 206 331 246
train 0.1662 53 133 414 264
train 0.0081 263 176 373 259
train 0.0057 177 154 498 250
train 0.0030 45 49 483 263
train 0.0021 -8 166 122 296
