bottle 0.3587 298 151 312 198
bottle 0.0042 288 142 316 203
bottle 0.0015 299 169 311 202
bottle 0.0013 261 199 268 227
bottle 0.0010 295 125 313 196
chair 0.6768 105 193 211 359
chair 0.6243 286 183 371 322
chair 0.4757 207 194 319 363
chair 0.2187 152 183 269 340
chair 0.1319 210 181 268 294
chair 0.0842 152 178 222 291
chair 0.0370 157 181 214 202
chair 0.0294 248 186 326 294
chair 0.0231 327 183 370 306
chair 0.0175 486 165 500 294
chair 0.0164 388 189 427 285
chair 0.0139 463 155 500 281
chair 0.0118 102 195 170 319
chair 0.0079 160 177 242 235
chair 0.0071 301 181 366 269
chair 0.0071 4 280 144 376
chair 0.0056 491 197 500 313
chair 0.0052 196 200 265 363
chair 0.0042 132 185 206 315
chair 0.0041 183 178 256 270
chair 0.0030 155 179 210 220
chair 0.0030 329 180 375 236
chair 0.0023 481 124 500 266
chair 0.0022 475 179 501 300
chair 0.0020 330 182 372 210
chair 0.0019 225 151 265 191
chair 0.0018 149 177 198 267
chair 0.0018 152 211 225 363
chair 0.0017 224 180 266 257
chair 0.0015 173 181 231 199
chair 0.0014 225 142 262 174
chair 0.0014 303 186 341 257
chair 0.0014 288 158 331 243
chair 0.0012 132 165 247 273
chair 0.0011 -2 195 138 379
chair 0.0010 269 194 347 356
chair 0.0010 401 163 490 274
diningtable 0.4563 131 189 331 367
diningtable 0.1491 109 189 244 362
diningtable 0.0065 155 192 276 324
diningtable 0.0028 446 145 502 264
diningtable 0.0018 401 153 494 259
diningtable 0.0017 254 192 374 367
person 0.0097 484 98 500 236
person 0.0069 463 100 503 256
person 0.0061 482 105 500 179
person 0.0024 469 102 503 170
person 0.0015 491 105 500 188
person 0.0010 475 106 499 154
sofa 0.0314 0 270 144 377
tvmonitor 0.0334 363 46 401 124
