chair 0.0038 -2 376 32 496
chair 0.0027 159 135 355 417
chair 0.0014 -1 227 170 466
tvmonitor 0.3231 201 9 358 169
tvmonitor 0.1667 7 182 172 417
tvmonitor 0.0882 173 119 344 297
tvmonitor 0.0220 69 188 170 345
tvmonitor 0.0172 201 39 299 147
tvmonitor 0.0083 173 134 299 254
tvmonitor 0.0043 254 44 368 172
tvmonitor 0.0034 176 291 231 375
tvmonitor 0.0030 188 34 373 281
tvmonitor 0.0027 179 269 327 394
tvmonitor 0.0020 209 64 331 182
tvmonitor 0.0019 87 177 192 411
tvmonitor 0.0015 46 159 348 417
tvmonitor 0.0014 238 44 319 162
tvmonitor 0.0010 232 170 305 285
