bottle 0.0296 92 211 132 306
bottle 0.0198 154 245 170 311
bottle 0.0072 103 234 129 305
bottle 0.0042 145 211 186 360
bottle 0.0037 101 169 148 315
bottle 0.0036 91 171 234 342
bottle 0.0023 77 190 131 327
bottle 0.0017 156 225 183 318
bottle 0.0015 115 108 216 380
bottle 0.0013 323 37 338 94
chair 0.0811 243 328 341 503
chair 0.0240 79 331 320 499
chair 0.0054 95 235 265 497
chair 0.0026 234 337 295 500
chair 0.0017 187 347 320 501
chair 0.0016 240 35 318 184
chair 0.0011 61 396 263 503
diningtable 0.0032 0 373 269 501
diningtable 0.0010 -3 396 125 501
person 0.2727 62 15 254 365
person 0.0199 76 109 159 407
person 0.0047 106 78 278 484
person 0.0022 126 80 245 373
person 0.0010 156 22 339 452
