bird 0.0188 370 268 436 322
bird 0.0046 371 263 412 297
bird 0.0034 385 267 408 287
bird 0.0034 407 270 441 316
bird 0.0015 374 265 402 288
bird 0.0013 369 230 460 311
bird 0.0010 407 267 429 288
boat 0.0163 24 111 309 254
boat 0.0077 471 214 499 273
boat 0.0043 -2 49 78 228
boat 0.0026 443 202 503 276
boat 0.0021 384 200 501 282
boat 0.0012 76 155 208 229
boat 0.0012 17 200 145 272
boat 0.0011 39 170 185 255
boat 0.0011 -7 39 114 285
bus 0.0382 30 125 387 250
chair 0.0031 394 272 440 331
chair 0.0026 469 204 502 275
chair 0.0021 360 265 446 348
chair 0.0013 429 214 502 290
chair 0.0011 413 271 438 310
chair 0.0011 0 271 19 358
person 0.0078 123 170 146 223
person 0.0031 115 172 129 215
person 0.0030 118 174 138 232
person 0.0029 131 172 146 205
person 0.0024 0 266 19 341
person 0.0010 -4 256 29 361
person 0.0010 117 173 173 231
pottedplant 0.0435 416 50 445 68
pottedplant 0.0381 427 327 502 400
pottedplant 0.0174 342 282 436 400
pottedplant 0.0106 364 271 435 334
pottedplant 0.0093 362 316 459 400
pottedplant 0.0068 414 46 451 74
pottedplant 0.0055 363 289 425 372
pottedplant 0.0048 317 309 415 401
pottedplant 0.0048 0 227 17 338
pottedplant 0.0042 374 296 497 404
pottedplant 0.0038 -3 217 61 347
pottedplant 0.0034 209 321 358 402
pottedplant 0.0024 412 207 497 279
pottedplant 0.0024 1 238 187 396
pottedplant 0.0023 180 258 346 402
pottedplant 0.0020 373 345 432 401
pottedplant 0.0018 0 212 37 331
pottedplant 0.0018 428 53 449 70
pottedplant 0.0018 435 49 449 67
pottedplant 0.0017 359 309 396 349
pottedplant 0.0017 324 275 420 352
pottedplant 0.0016 0 214 112 357
pottedplant 0.0014 464 330 500 401
pottedplant 0.0012 51 253 270 391
pottedplant 0.0012 267 282 417 398
pottedplant 0.0011 337 303 402 357
pottedplant 0.0010 374 347 494 402
train 0.0299 23 118 364 251
tvmonitor 0.0015 0 53 17 233
