bicycle 0.0027 478 145 500 325
bottle 0.0261 267 145 345 222
bottle 0.0241 272 156 394 242
bottle 0.0203 231 115 380 253
bottle 0.0140 114 145 206 256
bottle 0.0127 476 102 500 297
bottle 0.0115 73 100 268 264
bottle 0.0090 148 146 210 203
bottle 0.0073 -2 4 76 306
bottle 0.0065 194 97 431 297
bottle 0.0052 62 50 323 328
bottle 0.0039 -1 48 28 301
bottle 0.0038 118 129 214 207
bottle 0.0030 134 129 248 233
bottle 0.0027 271 133 429 276
bottle 0.0020 92 151 209 313
bottle 0.0019 478 158 500 245
bottle 0.0017 268 134 318 198
bottle 0.0017 439 31 503 316
bottle 0.0016 0 126 24 271
bottle 0.0015 291 159 363 217
bottle 0.0014 307 157 402 218
bottle 0.0011 460 136 501 326
bottle 0.0010 412 0 450 36
bottle 0.0010 -3 88 48 312
chair 0.0035 106 112 417 328
person 0.5096 97 32 424 332
person 0.0110 27 56 311 308
person 0.0065 295 3 494 316
person 0.0055 128 24 342 231
person 0.0025 422 5 503 301
person 0.0025 196 73 411 266
person 0.0023 -2 22 175 334
person 0.0012 342 1 480 200
