boat 0.0033 217 73 252 88
boat 0.0015 195 66 251 88
boat 0.0012 24 17 380 103
bus 0.0021 6 70 386 371
bus 0.0013 194 59 250 85
bus 0.0010 160 53 284 87
person 0.7585 232 186 372 502
person 0.7007 153 181 240 434
person 0.0504 228 192 295 483
person 0.0249 175 176 270 479
person 0.0087 303 203 375 502
person 0.0044 46 121 351 434
person 0.0028 171 175 216 233
person 0.0014 105 199 295 498
person 0.0011 108 171 283 302
person 0.0010 219 169 274 428
person 0.0010 241 175 290 236
train 0.0331 4 129 347 408
