cat 0.6346 219 217 350 332
cat 0.0022 241 218 298 279
cat 0.0019 238 215 329 294
chair 0.0136 161 95 228 239
chair 0.0018 250 141 295 212
chair 0.0017 327 151 398 252
chair 0.0013 219 123 296 213
pottedplant 0.6061 396 159 454 230
pottedplant 0.5882 340 122 414 198
pottedplant 0.5328 289 90 353 165
pottedplant 0.5312 167 69 237 153
pottedplant 0.5108 26 138 101 233
pottedplant 0.4520 252 69 300 130
pottedplant 0.1630 18 61 105 235
pottedplant 0.1471 259 126 300 197
pottedplant 0.1379 229 0 273 59
pottedplant 0.0711 164 -2 223 147
pottedplant 0.0687 284 109 352 223
pottedplant 0.0605 -3 64 43 224
pottedplant 0.0470 242 99 301 202
pottedplant 0.0469 259 63 344 143
pottedplant 0.0444 264 95 290 127
pottedplant 0.0435 335 136 408 254
pottedplant 0.0350 188 67 265 153
pottedplant 0.0348 251 4 341 131
pottedplant 0.0332 476 254 500 323
pottedplant 0.0269 258 131 316 222
pottedplant 0.0246 163 80 232 208
pottedplant 0.0197 205 66 249 134
pottedplant 0.0181 334 189 405 263
pottedplant 0.0172 396 167 451 281
pottedplant 0.0171 341 116 383 190
pottedplant 0.0167 416 136 496 253
pottedplant 0.0157 126 82 181 198
pottedplant 0.0150 209 79 275 211
pottedplant 0.0122 164 121 226 245
pottedplant 0.0119 365 114 419 186
pottedplant 0.0104 288 161 345 231
pottedplant 0.0102 238 34 301 131
pottedplant 0.0093 195 12 269 136
pottedplant 0.0086 328 88 403 175
pottedplant 0.0072 210 114 314 218
pottedplant 0.0070 284 120 306 187
pottedplant 0.0070 171 200 223 245
pottedplant 0.0068 238 0 325 67
pottedplant 0.0066 215 66 310 150
pottedplant 0.0066 168 72 204 151
pottedplant 0.0062 0 57 16 223
pottedplant 0.0062 446 214 503 320
pottedplant 0.0061 453 108 504 279
pottedplant 0.0060 359 142 458 233
pottedplant 0.0059 266 93 312 181
pottedplant 0.0057 368 194 409 261
pottedplant 0.0055 398 100 462 225
pottedplant 0.0054 314 173 390 252
pottedplant 0.0054 -3 -13 68 223
pottedplant 0.0049 301 126 350 173
pottedplant 0.0048 431 186 502 296
pottedplant 0.0046 373 120 413 165
pottedplant 0.0046 263 0 346 82
pottedplant 0.0044 432 163 460 230
pottedplant 0.0042 284 114 320 210
pottedplant 0.0042 484 200 500 329
pottedplant 0.0039 191 84 233 148
pottedplant 0.0039 81 75 134 201
pottedplant 0.0038 487 252 499 329
pottedplant 0.0037 27 -19 130 223
pottedplant 0.0036 16 94 77 214
pottedplant 0.0036 396 154 437 211
pottedplant 0.0035 337 110 370 175
pottedplant 0.0035 127 92 208 229
pottedplant 0.0035 261 86 294 151
pottedplant 0.0033 405 157 472 260
pottedplant 0.0032 377 129 410 197
pottedplant 0.0031 387 71 497 232
pottedplant 0.0030 170 -1 258 69
pottedplant 0.0028 243 128 343 233
pottedplant 0.0028 282 140 380 246
pottedplant 0.0028 306 108 380 189
pottedplant 0.0028 341 94 460 209
pottedplant 0.0026 285 55 362 155
pottedplant 0.0025 477 284 499 321
pottedplant 0.0025 430 150 476 246
pottedplant 0.0024 60 139 101 219
pottedplant 0.0024 265 140 292 178
pottedplant 0.0023 367 93 415 163
pottedplant 0.0020 210 -1 260 58
pottedplant 0.0020 285 96 321 163
pottedplant 0.0019 153 38 206 157
pottedplant 0.0017 373 182 432 273
pottedplant 0.0017 280 147 314 221
pottedplant 0.0017 328 122 366 195
pottedplant 0.0016 211 60 267 123
pottedplant 0.0016 421 -13 503 245
pottedplant 0.0015 485 158 500 294
pottedplant 0.0015 27 140 68 220
pottedplant 0.0015 481 95 501 280
pottedplant 0.0014 72 -13 141 215
pottedplant 0.0013 261 89 317 138
pottedplant 0.0013 72 97 107 225
pottedplant 0.0013 0 135 36 235
pottedplant 0.0013 142 0 208 108
pottedplant 0.0012 248 119 284 189
pottedplant 0.0012 166 0 213 58
pottedplant 0.0012 349 146 397 204
pottedplant 0.0011 403 215 456 280
pottedplant 0.0010 89 66 187 200
pottedplant 0.0010 182 32 248 128
pottedplant 0.0010 0 122 21 226
