bottle 0.0557 0 172 15 239
bottle 0.0444 0 180 33 242
bottle 0.0312 22 218 82 286
bottle 0.0222 44 196 87 245
bottle 0.0172 0 46 32 167
bottle 0.0134 111 75 147 191
bottle 0.0126 16 213 97 325
bottle 0.0095 56 192 84 230
bottle 0.0083 0 163 12 216
bottle 0.0058 -2 190 40 279
bottle 0.0047 0 188 21 261
bottle 0.0044 52 187 99 234
bottle 0.0042 38 204 109 301
bottle 0.0036 35 199 82 271
bottle 0.0030 23 236 62 284
bottle 0.0025 9 175 47 221
bottle 0.0025 105 100 153 223
bottle 0.0024 0 24 124 318
bottle 0.0019 60 166 103 226
bottle 0.0018 -3 77 38 261
bottle 0.0018 9 167 71 244
bottle 0.0018 35 217 113 370
bottle 0.0016 15 182 40 209
bottle 0.0012 0 183 10 257
bottle 0.0012 53 203 79 236
bottle 0.0011 25 102 122 253
bottle 0.0010 5 226 65 290
chair 0.0143 412 220 500 374
chair 0.0064 -1 229 81 375
chair 0.0035 -3 6 130 232
chair 0.0010 403 92 502 362
person 0.0040 4 214 110 375
person 0.0039 -2 11 124 230
person 0.0024 0 43 32 243
person 0.0017 482 119 500 177
person 0.0015 0 253 62 373
person 0.0015 335 176 367 216
person 0.0012 -2 30 62 310
tvmonitor 0.8521 133 7 358 191
tvmonitor 0.0234 0 1 126 144
tvmonitor 0.0036 -1 34 44 170
tvmonitor 0.0019 357 99 408 197
tvmonitor 0.0017 396 70 499 242
tvmonitor 0.0016 18 222 456 377
