boat 0.0015 72 173 143 216
bottle 0.0011 0 268 27 343
chair 0.3716 137 280 247 346
chair 0.3080 0 424 90 502
chair 0.0439 -1 396 141 502
chair 0.0135 -5 340 79 501
chair 0.0108 -2 428 46 501
chair 0.0059 210 341 337 494
chair 0.0039 0 409 266 504
chair 0.0031 8 446 190 503
chair 0.0031 117 282 237 397
chair 0.0015 41 274 267 398
chair 0.0014 116 362 332 501
chair 0.0012 114 262 276 456
chair 0.0011 219 370 327 446
chair 0.0011 223 409 335 500
chair 0.0011 264 430 335 502
diningtable 0.4946 -9 330 332 501
diningtable 0.0037 63 401 335 503
diningtable 0.0031 26 275 206 434
diningtable 0.0020 47 266 304 464
diningtable 0.0015 36 457 321 503
pottedplant 0.4740 41 281 152 398
pottedplant 0.3397 64 237 139 324
pottedplant 0.0436 19 292 100 389
pottedplant 0.0176 7 291 67 382
pottedplant 0.0169 46 238 129 377
pottedplant 0.0159 151 210 312 349
pottedplant 0.0117 34 294 85 347
pottedplant 0.0102 38 283 110 361
pottedplant 0.0077 217 359 331 497
pottedplant 0.0043 86 286 152 378
pottedplant 0.0041 23 314 63 390
pottedplant 0.0039 72 264 128 326
pottedplant 0.0032 108 293 153 347
pottedplant 0.0024 26 258 96 337
pottedplant 0.0016 -1 255 41 340
pottedplant 0.0015 29 294 71 329
pottedplant 0.0013 48 309 92 393
pottedplant 0.0013 55 167 147 334
pottedplant 0.0013 63 231 103 312
pottedplant 0.0011 -9 265 84 377
pottedplant 0.0011 149 69 324 376
pottedplant 0.0010 27 315 122 408
