bicycle 0.0014 -2 312 231 380
bottle 0.0034 0 285 68 375
bottle 0.0011 387 123 499 333
car 0.4077 -1 120 80 187
car 0.0648 -2 112 104 330
car 0.0388 -1 116 102 226
car 0.0052 0 129 72 286
car 0.0036 31 157 115 233
car 0.0034 57 170 105 209
car 0.0029 0 125 14 182
car 0.0020 0 123 47 182
car 0.0018 -1 147 41 338
car 0.0016 -1 127 33 205
car 0.0016 21 129 125 268
chair 0.0331 200 187 267 371
chair 0.0074 19 160 245 378
chair 0.0068 120 185 258 371
chair 0.0030 199 188 261 255
chair 0.0018 176 180 317 375
chair 0.0014 216 188 264 308
chair 0.0013 -2 256 71 375
chair 0.0011 202 224 242 363
dog 0.6085 282 154 491 368
dog 0.0091 287 137 435 301
dog 0.0026 288 165 404 250
dog 0.0025 0 283 68 374
dog 0.0017 285 262 489 377
person 0.8015 20 84 239 375
person 0.3698 284 74 494 363
person 0.0043 275 83 420 303
person 0.0032 379 79 501 334
person 0.0013 4 113 159 353
person 0.0013 96 85 186 185
pottedplant 0.0012 61 81 121 178
pottedplant 0.0011 3 76 110 186
