boat 0.0014 0 162 46 204
bus 0.3225 52 39 469 375
bus 0.0207 315 43 494 373
bus 0.0058 121 89 322 275
bus 0.0014 412 40 497 373
bus 0.0012 46 96 285 353
car 0.0081 50 213 335 382
car 0.0011 49 285 300 378
person 0.2055 196 158 268 234
person 0.0648 170 134 286 260
person 0.0411 111 106 355 311
person 0.0268 199 136 264 207
person 0.0108 211 181 267 248
person 0.0034 105 169 230 283
person 0.0033 215 146 285 214
person 0.0025 175 139 245 220
person 0.0025 164 200 220 247
person 0.0024 205 155 252 213
person 0.0021 77 137 256 313
person 0.0021 132 120 256 234
person 0.0019 380 241 405 281
person 0.0019 165 168 254 244
person 0.0013 360 207 423 291
person 0.0013 211 158 284 273
person 0.0011 139 190 225 266
person 0.0011 380 351 415 375
person 0.0010 192 113 308 212
person 0.0010 224 129 276 193
tvmonitor 0.0011 110 52 334 139
