bus 0.6330 85 66 320 292
bus 0.5317 374 102 503 218
bus 0.4137 1 102 93 208
bus 0.0296 23 113 127 204
bus 0.0110 318 107 462 210
bus 0.0101 377 109 446 209
bus 0.0086 -3 98 56 237
bus 0.0059 314 139 363 199
bus 0.0051 34 113 180 226
bus 0.0029 56 78 155 214
bus 0.0028 68 94 210 256
bus 0.0027 456 104 504 195
bus 0.0024 0 67 24 245
bus 0.0021 0 95 40 201
bus 0.0019 124 85 434 265
bus 0.0017 317 109 388 204
bus 0.0015 97 112 172 222
bus 0.0013 409 76 501 191
bus 0.0011 373 151 501 293
bus 0.0010 199 101 361 244
car 0.5830 316 160 349 212
car 0.5072 344 167 382 214
car 0.0092 345 164 411 209
car 0.0029 372 166 406 216
car 0.0026 319 160 346 190
car 0.0025 278 160 354 210
car 0.0017 330 145 382 208
car 0.0016 194 108 422 278
car 0.0015 317 168 370 217
car 0.0015 309 134 408 213
car 0.0014 368 226 500 288
person 0.1966 128 125 166 161
person 0.0156 114 119 170 205
person 0.0112 186 111 232 156
person 0.0070 104 66 261 278
person 0.0070 112 129 161 171
person 0.0039 183 124 230 184
person 0.0034 216 120 242 149
person 0.0032 115 124 157 156
person 0.0026 143 84 308 246
person 0.0020 206 121 237 158
person 0.0019 170 100 251 182
person 0.0019 139 137 226 202
person 0.0017 220 125 235 154
person 0.0015 219 101 304 203
person 0.0015 249 127 270 184
person 0.0014 130 124 198 182
person 0.0014 220 119 258 162
person 0.0013 192 141 239 199
person 0.0013 138 122 186 161
person 0.0012 114 100 216 209
person 0.0012 110 79 282 195
person 0.0011 158 133 205 180
person 0.0010 247 119 270 154
person 0.0010 96 107 190 259
