bottle 0.0010 114 133 123 155
chair 0.5189 78 256 160 350
chair 0.4625 164 147 214 238
chair 0.4446 232 146 288 222
chair 0.2652 108 152 155 253
chair 0.2519 41 159 109 254
chair 0.0695 263 195 302 308
chair 0.0634 0 154 45 236
chair 0.0436 44 145 160 254
chair 0.0301 94 164 162 284
chair 0.0243 85 204 161 330
chair 0.0217 126 143 219 243
chair 0.0206 45 156 88 235
chair 0.0203 3 150 90 240
chair 0.0159 10 225 287 499
chair 0.0152 274 234 372 320
chair 0.0142 77 154 126 256
chair 0.0136 267 195 299 262
chair 0.0127 66 251 197 369
chair 0.0106 96 256 157 315
chair 0.0079 229 201 376 491
chair 0.0069 132 166 217 302
chair 0.0067 16 166 49 239
chair 0.0066 270 160 374 321
chair 0.0063 33 218 179 456
chair 0.0063 93 167 189 344
chair 0.0062 56 184 100 256
chair 0.0061 67 137 115 230
chair 0.0061 68 243 127 349
chair 0.0060 0 200 31 324
chair 0.0056 123 159 178 249
chair 0.0048 262 153 300 251
chair 0.0039 113 263 193 346
chair 0.0037 30 178 117 329
chair 0.0037 143 154 234 368
chair 0.0033 84 180 254 411
chair 0.0032 183 146 227 233
chair 0.0022 234 141 284 188
chair 0.0022 230 152 252 214
chair 0.0022 34 158 70 235
chair 0.0022 229 145 268 207
chair 0.0021 237 164 272 223
chair 0.0020 150 144 210 205
chair 0.0019 112 245 221 390
chair 0.0017 265 231 376 389
chair 0.0017 20 223 138 355
chair 0.0017 142 258 191 328
chair 0.0014 55 357 389 501
chair 0.0013 0 148 26 221
chair 0.0012 2 170 108 422
chair 0.0012 0 181 33 247
chair 0.0011 139 170 170 245
chair 0.0011 188 329 372 498
chair 0.0010 64 147 370 490
diningtable 0.2099 27 148 204 260
diningtable 0.1655 86 149 171 259
diningtable 0.0453 30 156 123 256
diningtable 0.0147 120 146 221 247
diningtable 0.0130 50 161 162 287
diningtable 0.0056 68 158 224 302
diningtable 0.0028 272 195 372 315
diningtable 0.0026 120 171 179 255
diningtable 0.0010 62 196 278 432
person 0.2649 83 76 121 106
person 0.0030 58 195 380 497
person 0.0028 98 84 126 106
person 0.0021 80 80 105 106
person 0.0014 42 23 71 84
person 0.0014 76 56 119 112
person 0.0014 78 74 127 188
person 0.0011 42 4 94 98
pottedplant 0.0422 294 -1 365 26
pottedplant 0.0161 296 1 336 26
pottedplant 0.0047 288 -3 366 56
pottedplant 0.0039 338 0 368 17
pottedplant 0.0029 311 76 334 112
pottedplant 0.0025 304 0 347 21
pottedplant 0.0022 45 6 79 80
pottedplant 0.0021 317 87 335 111
pottedplant 0.0020 285 0 343 42
pottedplant 0.0014 323 1 372 22
pottedplant 0.0014 298 54 350 137
pottedplant 0.0011 286 -5 373 115
sofa 0.0738 9 368 243 500
sofa 0.0154 2 341 391 503
tvmonitor 0.4430 284 151 329 233
tvmonitor 0.0061 280 148 306 219
tvmonitor 0.0040 296 106 337 162
tvmonitor 0.0019 272 145 363 243
tvmonitor 0.0011 303 161 331 234
tvmonitor 0.0011 273 139 322 214
