bus 0.8511 61 63 407 295
bus 0.1126 383 108 449 265
bus 0.0194 333 92 451 267
bus 0.0115 191 75 472 279
bus 0.0047 444 208 499 261
bus 0.0028 436 139 502 263
bus 0.0017 240 99 396 281
bus 0.0016 469 123 500 270
bus 0.0012 394 98 503 263
bus 0.0010 376 122 437 226
car 0.0124 389 199 449 262
person 0.0391 314 127 366 189
person 0.0221 284 113 386 228
person 0.0131 254 114 309 198
person 0.0127 233 96 434 249
person 0.0066 296 138 347 195
person 0.0053 163 76 394 281
person 0.0053 325 139 379 196
person 0.0039 246 138 297 199
person 0.0039 246 115 295 173
person 0.0028 220 142 265 198
person 0.0022 206 129 280 226
person 0.0019 259 154 307 200
person 0.0014 275 123 331 192
person 0.0012 341 151 377 192
person 0.0012 280 151 332 203
person 0.0011 263 133 350 221
person 0.0011 230 115 282 194
person 0.0011 247 158 284 198
person 0.0011 368 127 424 212
person 0.0010 227 152 282 206
