dog 0.4140 15 159 272 354
dog 0.4031 179 49 461 205
dog 0.2008 111 91 323 204
dog 0.0831 100 80 412 252
dog 0.0597 24 89 395 356
dog 0.0543 13 203 162 348
dog 0.0511 88 247 246 354
dog 0.0221 255 155 374 237
dog 0.0183 214 115 411 240
dog 0.0155 327 67 465 245
dog 0.0153 297 48 470 134
dog 0.0134 375 47 490 124
dog 0.0122 51 66 291 222
dog 0.0121 172 49 406 131
dog 0.0062 129 116 279 299
dog 0.0061 98 46 392 170
dog 0.0042 239 141 390 279
dog 0.0031 40 175 219 266
dog 0.0030 255 63 472 313
dog 0.0029 105 98 241 189
dog 0.0026 279 184 378 246
dog 0.0017 74 220 325 364
dog 0.0017 247 180 370 333
dog 0.0015 168 110 338 244
dog 0.0015 122 76 292 168
dog 0.0014 68 135 246 306
dog 0.0013 192 149 384 347
dog 0.0012 5 56 239 308
dog 0.0012 197 72 365 216
dog 0.0011 282 190 361 227
sofa 0.0206 25 78 450 363
