bottle 0.0256 166 63 235 243
bottle 0.0251 48 6 344 253
bottle 0.0042 142 55 285 251
cat 0.0017 10 -1 344 83
cat 0.0011 54 -3 335 32
chair 0.0410 33 20 368 502
chair 0.0202 19 6 336 255
chair 0.0115 83 53 216 259
chair 0.0109 223 13 372 272
chair 0.0083 283 144 370 359
chair 0.0078 210 43 322 242
chair 0.0053 -2 151 113 484
chair 0.0028 56 278 329 500
chair 0.0027 96 73 300 286
chair 0.0014 36 50 267 367
chair 0.0013 99 70 177 241
chair 0.0013 92 146 347 322
chair 0.0013 25 49 186 281
chair 0.0013 186 61 365 353
diningtable 0.0162 54 11 382 249
person 0.0016 288 217 377 501
pottedplant 0.0023 103 249 364 495
sofa 0.0361 77 278 353 495
sofa 0.0015 66 408 343 503
