car 0.5845 65 110 458 251
car 0.0066 455 90 501 111
car 0.0044 -2 145 64 284
car 0.0022 -2 147 60 213
car 0.0015 0 138 122 286
car 0.0010 476 87 500 111
car 0.0010 0 153 55 186
car 0.0010 132 95 250 150
chair 0.0072 -2 147 78 334
chair 0.0019 456 87 500 111
chair 0.0015 246 173 275 238
chair 0.0012 369 138 500 314
person 0.6611 140 97 177 147
person 0.5499 232 82 271 115
person 0.5455 308 73 340 124
person 0.5238 71 60 130 153
person 0.1167 230 86 277 148
person 0.0439 244 126 274 161
person 0.0304 60 60 127 241
person 0.0209 65 64 103 158
person 0.0199 249 129 276 215
person 0.0183 168 114 340 219
person 0.0180 200 83 271 143
person 0.0123 141 98 180 195
person 0.0065 211 83 262 116
person 0.0052 132 99 188 245
person 0.0051 45 163 106 330
person 0.0036 91 66 131 135
person 0.0034 233 127 265 151
person 0.0030 139 97 210 151
person 0.0024 177 77 285 160
person 0.0022 306 72 378 136
person 0.0022 85 65 133 198
person 0.0020 85 62 159 141
person 0.0018 221 75 314 138
person 0.0018 222 112 269 154
person 0.0015 222 95 318 163
person 0.0014 26 164 84 329
person 0.0013 242 151 275 236
person 0.0012 257 87 278 151
person 0.0011 225 85 249 114
person 0.0011 307 86 343 158
person 0.0011 240 127 270 183
person 0.0010 245 124 269 148
person 0.0010 65 79 203 172
