bicycle 0.0017 88 150 134 189
bus 0.8064 62 69 457 277
bus 0.0028 63 70 257 274
bus 0.0023 9 144 70 181
bus 0.0018 49 130 130 188
bus 0.0015 96 104 183 195
bus 0.0015 37 159 114 200
bus 0.0015 482 128 501 186
bus 0.0014 18 140 91 192
bus 0.0012 474 122 500 169
car 0.0926 489 165 500 214
car 0.0812 3 167 66 200
car 0.0578 38 171 69 199
car 0.0226 3 169 39 197
car 0.0136 481 160 500 210
car 0.0077 1 167 21 200
car 0.0051 9 153 72 191
car 0.0022 30 166 107 198
car 0.0020 491 182 500 219
car 0.0016 0 164 8 209
car 0.0015 470 155 503 214
car 0.0014 4 177 49 203
car 0.0013 490 153 500 184
car 0.0012 0 158 14 197
car 0.0011 -3 148 50 196
person 0.0242 97 136 145 177
person 0.0123 91 123 163 184
person 0.0060 392 149 411 179
person 0.0050 486 155 499 213
person 0.0035 112 130 150 171
person 0.0032 93 100 190 216
person 0.0030 328 142 350 183
person 0.0029 100 147 152 189
person 0.0028 88 136 130 167
person 0.0027 421 139 432 166
person 0.0023 382 148 403 179
person 0.0016 76 70 214 267
person 0.0016 93 145 127 175
person 0.0014 103 138 127 166
person 0.0014 417 145 431 165
person 0.0013 399 144 414 172
person 0.0012 411 142 434 171
person 0.0012 371 147 397 179
person 0.0011 382 136 433 181
person 0.0011 107 146 133 177
person 0.0011 424 145 436 166
person 0.0011 388 162 407 182
pottedplant 0.0016 476 162 500 210
pottedplant 0.0014 3 198 62 250
