bird 0.0913 167 94 310 306
bird 0.0375 267 145 311 232
bird 0.0307 194 115 307 248
bird 0.0124 51 35 74 55
bird 0.0084 422 12 460 41
bird 0.0059 425 9 491 47
bird 0.0050 449 14 484 43
bird 0.0037 241 130 317 311
bird 0.0036 206 114 324 371
bird 0.0033 30 27 81 69
bird 0.0032 266 258 322 376
bird 0.0029 345 50 386 92
bird 0.0021 466 310 499 361
bird 0.0019 -1 14 78 83
bird 0.0016 307 27 332 41
bird 0.0015 227 114 397 283
bird 0.0013 272 306 317 376
bird 0.0013 0 26 37 89
bird 0.0013 139 33 237 113
bird 0.0013 447 2 501 50
bird 0.0013 439 272 499 370
bird 0.0013 413 7 476 61
bird 0.0013 333 45 394 101
bird 0.0013 7 27 106 112
bird 0.0013 42 45 340 357
bird 0.0011 433 11 498 69
bird 0.0010 47 35 75 67
bird 0.0010 431 66 501 136
bird 0.0010 263 148 298 212
bird 0.0010 274 65 500 327
pottedplant 0.0018 0 269 161 378
