bird 0.0065 102 201 234 318
cow 0.0171 432 140 486 228
cow 0.0037 286 118 475 323
cow 0.0029 430 136 492 304
dog 0.0091 193 94 479 322
sheep 0.1995 20 21 490 329
sheep 0.0159 431 137 489 236
sheep 0.0088 398 4 457 59
sheep 0.0051 148 115 470 327
sheep 0.0049 417 2 497 85
sheep 0.0047 338 2 448 65
sheep 0.0046 396 133 488 266
sheep 0.0025 324 129 481 321
sheep 0.0020 387 85 490 185
sheep 0.0020 221 9 413 142
sheep 0.0015 420 6 472 59
sheep 0.0015 86 92 348 314
sheep 0.0014 356 2 475 91
sheep 0.0014 115 11 455 187
sheep 0.0013 390 4 496 153
sheep 0.0011 445 144 488 298
sheep 0.0011 362 4 428 53
