chair 0.4713 121 178 174 276
chair 0.0780 0 281 107 374
chair 0.0437 88 175 188 282
chair 0.0289 127 166 210 286
chair 0.0233 28 136 83 252
chair 0.0146 171 147 218 264
chair 0.0091 -3 213 47 335
chair 0.0070 26 187 78 248
chair 0.0045 83 174 134 273
chair 0.0044 12 167 79 271
chair 0.0029 183 151 214 231
chair 0.0028 29 134 127 262
chair 0.0020 -2 197 113 370
chair 0.0015 -4 273 51 373
chair 0.0013 61 279 115 376
chair 0.0013 388 24 505 369
chair 0.0012 -1 111 91 260
chair 0.0011 183 145 213 193
chair 0.0011 0 203 24 335
person 0.0036 442 142 502 370
person 0.0027 421 38 503 362
tvmonitor 0.0025 183 138 202 158
tvmonitor 0.0012 84 140 124 181
