bicycle 0.0013 4 214 377 378
boat 0.0010 24 143 457 369
bottle 0.2763 460 168 491 237
bottle 0.1023 487 171 501 238
bottle 0.0149 50 159 62 193
bottle 0.0056 487 185 500 277
bottle 0.0016 307 190 346 233
bottle 0.0014 44 151 66 197
bottle 0.0013 488 189 500 228
bottle 0.0011 493 212 500 282
bottle 0.0010 484 128 501 240
chair 0.0021 28 70 394 369
chair 0.0019 47 249 475 378
diningtable 0.0792 187 229 499 376
diningtable 0.0081 286 155 492 363
diningtable 0.0041 18 145 492 366
diningtable 0.0011 303 207 483 313
person 0.7272 363 121 464 240
person 0.6370 195 21 370 251
person 0.5404 24 216 161 373
person 0.0366 31 216 138 299
person 0.0259 23 61 51 153
person 0.0096 447 134 499 236
person 0.0082 225 112 502 351
person 0.0080 22 68 79 147
person 0.0078 71 21 407 274
person 0.0059 31 78 55 150
person 0.0046 22 212 101 324
person 0.0045 47 220 107 286
person 0.0044 444 78 500 214
person 0.0042 56 81 102 139
person 0.0042 282 107 460 262
person 0.0040 12 65 53 182
person 0.0038 77 222 150 294
person 0.0033 343 115 476 323
person 0.0027 -2 44 79 352
person 0.0026 7 203 86 364
person 0.0022 3 213 300 377
person 0.0021 114 60 460 382
person 0.0019 392 86 510 253
person 0.0018 13 137 108 333
person 0.0016 65 250 200 374
person 0.0015 -4 70 42 389
person 0.0015 22 170 152 314
person 0.0014 394 112 464 209
person 0.0012 484 154 500 383
person 0.0010 458 182 504 368
person 0.0010 287 198 435 319
person 0.0010 358 127 416 234
person 0.0010 425 147 504 363
person 0.0010 -1 35 20 330
person 0.0010 422 106 492 233
