bicycle 0.0042 159 7 234 34
car 0.0117 153 5 233 43
car 0.0040 154 0 189 26
car 0.0022 152 0 217 31
motorbike 0.4473 112 93 396 362
motorbike 0.0167 154 2 231 36
motorbike 0.0105 181 6 228 32
motorbike 0.0027 193 12 224 30
motorbike 0.0015 113 172 272 371
person 0.4906 180 7 354 329
person 0.0021 208 14 343 204
person 0.0013 457 0 471 28
pottedplant 0.0102 0 1 20 26
pottedplant 0.0079 160 0 225 27
pottedplant 0.0074 158 -1 194 21
pottedplant 0.0069 5 52 161 150
pottedplant 0.0025 177 -1 189 11
pottedplant 0.0021 444 0 469 28
pottedplant 0.0021 172 -1 192 18
pottedplant 0.0019 462 -2 500 36
pottedplant 0.0015 0 4 14 50
pottedplant 0.0015 -3 -3 39 34
pottedplant 0.0014 0 8 9 31
pottedplant 0.0013 150 -3 232 42
pottedplant 0.0012 0 -1 18 13
pottedplant 0.0011 1 -1 54 25
pottedplant 0.0011 405 -1 453 26
pottedplant 0.0010 439 -3 492 34
pottedplant 0.0010 453 -1 477 27
