bird 0.0010 0 309 27 373
bottle 0.0016 69 144 104 237
chair 0.0058 255 2 425 269
chair 0.0049 13 84 211 300
chair 0.0027 -3 225 102 378
chair 0.0027 68 90 264 356
chair 0.0024 260 0 434 131
chair 0.0016 0 114 32 232
chair 0.0014 -1 99 124 286
chair 0.0012 -2 117 56 272
chair 0.0012 -3 226 35 375
chair 0.0011 84 110 201 325
dog 0.6682 191 87 416 314
dog 0.6192 129 214 236 350
dog 0.0161 172 86 313 320
dog 0.0101 118 160 289 362
dog 0.0047 259 51 413 267
dog 0.0033 89 109 249 337
dog 0.0019 189 87 297 227
person 0.0012 0 309 26 374
person 0.0012 217 -1 234 15
person 0.0011 66 129 93 193
person 0.0010 94 62 339 316
pottedplant 0.0010 0 125 37 260
tvmonitor 0.0088 11 49 214 260
tvmonitor 0.0067 24 3 268 103
tvmonitor 0.0035 6 12 129 94
tvmonitor 0.0028 -2 114 43 244
tvmonitor 0.0018 11 61 159 201
tvmonitor 0.0017 9 86 102 280
tvmonitor 0.0014 265 -3 438 123
tvmonitor 0.0012 0 121 30 197
tvmonitor 0.0012 -4 -1 64 94
tvmonitor 0.0010 23 12 291 169
