bottle 0.0013 225 158 236 192
person 0.4334 234 83 269 127
person 0.0875 0 82 24 154
person 0.0543 98 165 116 186
person 0.0215 -1 72 38 162
person 0.0126 241 74 277 121
person 0.0089 7 86 24 134
person 0.0041 0 80 23 121
person 0.0026 244 80 267 111
person 0.0025 8 90 22 118
person 0.0023 93 158 125 190
person 0.0019 107 159 124 188
person 0.0018 220 74 263 125
person 0.0017 237 217 260 312
person 0.0015 245 85 286 130
person 0.0012 -2 83 14 149
person 0.0011 225 83 275 147
person 0.0011 0 105 17 159
person 0.0010 8 81 34 139
person 0.0010 1 82 17 110
pottedplant 0.5916 166 39 228 132
pottedplant 0.0010 96 109 142 139
tvmonitor 0.8459 128 203 247 320
tvmonitor 0.0035 131 145 237 190
