cat 0.0471 98 81 217 236
cat 0.0205 81 32 325 280
cat 0.0155 191 68 328 282
cat 0.0133 154 11 478 298
cat 0.0095 32 92 292 322
cat 0.0039 22 42 219 236
chair 0.0062 326 180 402 288
chair 0.0048 364 132 499 368
chair 0.0017 422 130 502 284
chair 0.0017 327 182 386 231
chair 0.0015 322 136 479 298
chair 0.0011 -3 86 96 379
diningtable 0.0202 8 212 466 483
person 0.0155 189 64 330 286
person 0.0072 34 53 378 401
person 0.0023 160 61 397 339
person 0.0013 127 125 339 324
pottedplant 0.0711 19 94 157 362
pottedplant 0.0216 25 68 263 388
pottedplant 0.0211 15 87 212 267
pottedplant 0.0121 12 172 151 449
pottedplant 0.0099 37 100 151 246
pottedplant 0.0063 49 193 156 375
pottedplant 0.0033 54 138 130 278
pottedplant 0.0031 67 226 140 339
pottedplant 0.0029 13 340 148 482
pottedplant 0.0024 6 92 113 254
pottedplant 0.0020 328 175 430 299
pottedplant 0.0019 52 93 117 229
pottedplant 0.0012 -3 65 99 352
pottedplant 0.0010 330 155 487 339
sofa 0.0322 10 141 463 470
sofa 0.0239 328 132 495 327
sofa 0.0071 36 173 334 382
