bottle 0.6017 231 144 279 247
bottle 0.0065 74 294 107 364
bottle 0.0017 287 249 341 303
bottle 0.0017 346 14 497 343
bottle 0.0014 273 16 418 123
bottle 0.0013 254 208 323 279
chair 0.1944 0 -3 149 137
chair 0.0679 414 218 501 377
chair 0.0164 348 0 439 63
chair 0.0113 0 9 123 281
chair 0.0089 169 0 242 62
chair 0.0089 79 0 182 97
chair 0.0077 285 0 402 72
chair 0.0077 382 136 504 376
chair 0.0069 0 9 93 177
chair 0.0057 382 14 500 217
chair 0.0045 404 2 503 117
chair 0.0038 295 129 488 373
chair 0.0038 423 -5 501 57
chair 0.0035 175 0 310 61
chair 0.0033 352 10 429 95
chair 0.0028 -2 32 76 360
chair 0.0027 427 -1 466 25
chair 0.0021 278 12 427 121
chair 0.0020 0 44 62 214
chair 0.0020 359 5 502 342
chair 0.0019 429 40 503 365
chair 0.0014 375 25 429 58
chair 0.0013 351 6 467 124
chair 0.0012 114 0 250 89
chair 0.0011 335 246 499 377
chair 0.0011 66 6 144 115
chair 0.0010 11 95 157 363
diningtable 0.1714 -4 76 493 369
diningtable 0.0936 208 143 304 264
diningtable 0.0122 174 108 328 270
diningtable 0.0022 17 -5 466 270
diningtable 0.0020 26 209 491 379
diningtable 0.0015 157 143 405 348
tvmonitor 0.0769 410 10 501 136
