bird 0.1251 284 63 331 135
bird 0.0051 285 35 355 138
cat 0.0082 328 56 360 120
dog 0.0143 299 54 360 131
dog 0.0141 328 55 360 122
person 0.0143 278 0 361 134
person 0.0120 329 0 363 21
person 0.0066 271 0 349 80
person 0.0058 314 0 354 23
person 0.0025 287 -2 352 40
person 0.0021 345 0 368 18
person 0.0017 337 0 359 15
person 0.0014 298 0 363 62
pottedplant 0.2118 299 229 401 387
pottedplant 0.1726 -9 12 332 490
pottedplant 0.1430 294 89 401 337
pottedplant 0.0699 311 5 373 125
pottedplant 0.0278 47 292 278 493
pottedplant 0.0157 326 43 362 123
pottedplant 0.0085 94 -12 388 392
pottedplant 0.0085 313 2 401 84
pottedplant 0.0064 298 159 367 348
pottedplant 0.0051 -2 162 141 452
pottedplant 0.0044 325 -1 362 23
pottedplant 0.0039 1 436 133 500
pottedplant 0.0038 330 184 401 357
pottedplant 0.0031 215 69 373 354
pottedplant 0.0025 321 -2 386 37
pottedplant 0.0017 0 231 92 453
pottedplant 0.0014 68 218 329 455
pottedplant 0.0012 350 96 404 359
pottedplant 0.0011 0 376 128 503
pottedplant 0.0011 30 141 296 383
pottedplant 0.0010 172 53 342 445
