bottle 0.0138 2 296 90 372
bottle 0.0071 34 300 74 343
bottle 0.0038 -1 248 82 360
bottle 0.0030 19 302 58 342
bottle 0.0020 45 303 65 338
bottle 0.0020 10 273 73 347
bottle 0.0015 31 227 107 360
bottle 0.0011 37 281 86 355
bottle 0.0011 330 71 354 114
bottle 0.0011 393 156 421 214
bottle 0.0011 24 309 44 337
bottle 0.0011 328 78 361 127
chair 0.0187 23 105 194 370
chair 0.0036 11 144 116 358
chair 0.0022 -1 149 66 350
chair 0.0011 -3 239 99 372
person 0.8003 16 48 197 370
person 0.7548 185 89 300 368
person 0.6815 270 38 436 382
person 0.0115 196 88 295 186
person 0.0091 -3 50 66 359
person 0.0045 172 64 405 366
person 0.0037 4 86 124 361
person 0.0037 117 61 209 375
person 0.0016 49 69 315 371
person 0.0015 237 90 294 154
person 0.0014 338 95 446 363
person 0.0014 -1 85 30 357
person 0.0013 424 7 501 354
person 0.0011 244 105 319 370
tvmonitor 0.0044 0 252 29 316
tvmonitor 0.0014 0 260 19 308
tvmonitor 0.0011 0 200 21 344
