cow 0.0018 439 107 502 210
pottedplant 0.0020 412 220 456 247
sheep 0.8384 244 128 316 226
sheep 0.7898 131 127 202 199
sheep 0.7462 319 161 387 210
sheep 0.7180 91 149 139 191
sheep 0.5317 307 172 340 223
sheep 0.3534 406 167 447 202
sheep 0.0545 267 128 318 162
sheep 0.0213 306 166 362 215
sheep 0.0138 300 158 395 231
sheep 0.0137 348 162 388 203
sheep 0.0117 286 129 318 156
sheep 0.0108 135 128 199 160
sheep 0.0075 258 128 321 184
sheep 0.0066 91 151 129 172
sheep 0.0063 111 149 150 192
sheep 0.0055 362 161 387 189
sheep 0.0051 372 170 445 206
sheep 0.0049 109 141 177 194
sheep 0.0040 437 115 502 218
sheep 0.0035 82 144 126 182
sheep 0.0032 129 129 180 176
sheep 0.0029 247 127 310 152
sheep 0.0020 167 130 201 164
sheep 0.0020 243 128 302 175
sheep 0.0018 94 143 141 173
sheep 0.0018 125 142 142 161
sheep 0.0016 121 165 147 193
sheep 0.0016 247 146 288 224
sheep 0.0014 163 130 203 190
sheep 0.0014 121 147 144 184
sheep 0.0014 405 153 465 201
sheep 0.0011 92 152 120 186
sheep 0.0011 167 130 198 149
sheep 0.0011 133 128 176 154
sheep 0.0011 113 137 153 170
