bird 0.1220 137 138 177 164
bird 0.0052 139 130 167 146
bird 0.0026 141 127 160 136
bird 0.0014 153 138 192 164
car 0.0251 0 28 14 52
car 0.0024 2 24 32 51
car 0.0020 0 34 10 58
car 0.0011 -1 22 48 58
person 0.0046 15 28 31 51
person 0.0035 3 24 31 51
person 0.0020 29 29 43 50
person 0.0010 12 25 39 52
sheep 0.8046 328 168 426 248
sheep 0.7846 88 150 192 256
sheep 0.2611 136 136 186 169
sheep 0.1383 134 136 192 198
sheep 0.0635 136 140 175 161
sheep 0.0602 137 141 193 248
sheep 0.0112 372 212 423 242
sheep 0.0068 134 143 174 182
sheep 0.0063 96 133 193 208
sheep 0.0055 155 142 194 166
sheep 0.0037 149 138 187 160
sheep 0.0030 353 191 425 243
sheep 0.0020 86 163 140 252
sheep 0.0019 145 136 174 155
sheep 0.0010 328 164 416 213
sheep 0.0010 135 151 164 177
