boat 0.0036 2 38 203 365
bottle 0.0309 152 78 176 153
bottle 0.0059 143 75 183 171
bottle 0.0012 357 33 465 124
chair 0.0013 193 121 491 357
chair 0.0012 385 100 501 336
diningtable 0.0350 5 63 467 371
person 0.0428 284 34 491 321
person 0.0265 74 38 493 360
person 0.0015 360 43 497 259
person 0.0011 369 106 501 337
person 0.0010 191 92 445 341
pottedplant 0.0782 13 54 230 375
pottedplant 0.0584 0 43 467 369
pottedplant 0.0011 62 75 264 290
sofa 0.0221 24 64 487 369
tvmonitor 0.0025 156 -2 281 46
