0.11381489195700349
0.1137290808558464
0.11500404473008781
0.12008575640875718
0.11949185860568079
0.11925623687176869
0.11910314447920897
0.11787803262472153
0.11670439903592242
0.11530498619737296
0.11562610702268009
0.11469797161118737
0.11440388906618644
0.11448491324638498
0.11196670302029314
0.11317626847789206
0.11171476863581559
0.11017468315773997
0.1114725525831354
0.10988524706713085
0.10933709233999252
0.1080417132942841
0.10854813855783693
0.10736506628579107
0.10736307374362287
0.10746882992571798
0.10625245965246496
0.10614967106745161
0.10487226782173946
0.10620105441274313
0.10467063844203948
0.10349034063774964
0.10414454866072227
0.10303213554209677
0.10251232581405804
0.10215700949574338
0.10198783631468641
0.10213075382956142
0.10095055422906218
0.10136919999944753
0.10111055303236534
0.1012360700040028
0.10036846816539764
0.09857895088606868
0.09969090506948274
0.09819104892940357
0.09843186656462735
0.0979772612760807
0.09833142123859503
0.097332272652922
0.0971111045983331
0.09594419165931899
0.09720203605705294
0.09564532350363403
0.09630997757459508
0.09551256932061294
0.09445956721901894
0.09472944401461503
0.09472405420808956
0.09555058631917526
0.09421050671359589
0.09350023025582577
0.09361159852095718
0.09286672871174484
0.09285074618355982
0.09286011645506169
0.09208618613152668
0.09249903871067638
0.0912815143887339
0.09183495706525342
0.09303883245792882
0.09104724081939665
0.09096775269713896
0.09074672247315275
0.09057132086363331
0.0901043156714275
0.08998155996203422
0.05882988834432487
0.05686838923600213
0.05683032057151712
0.056177153446037194
0.055412921746229304
0.05572928568926351
0.05556237923174069
0.054886435673668466
0.0553033943679826
0.0551636715233326
0.05477268458440386
0.05464266136545559
0.05461605372613874
0.05402866814670892
0.054428789741520225
0.05397702825480494
0.05417052565206742
0.05379217500830519
0.053852608620092786
0.05330737846164868
0.053162899636502926
0.05325809261151429
0.05320516820868541
0.05313708692532161
0.053036908471378784
0.05357192538164813
0.05340577902208114
0.053622454438230084
0.052783232657559985
0.05335743124371973
0.05333230870551076
0.05333835589346187
0.05262817318840274
