bird 0.0537 476 190 500 285
bird 0.0339 406 194 478 225
bird 0.0158 425 182 499 280
bird 0.0078 407 182 495 241
bird 0.0039 479 121 499 275
bird 0.0037 365 196 484 237
bird 0.0035 132 35 147 49
bird 0.0020 485 216 500 322
bird 0.0020 432 113 500 265
bird 0.0019 485 191 500 260
bird 0.0015 492 212 500 290
boat 0.6412 22 -4 312 299
boat 0.1557 19 159 316 292
boat 0.0386 38 -3 123 204
boat 0.0345 121 2 304 217
boat 0.0183 26 0 208 211
boat 0.0063 183 33 314 186
boat 0.0019 153 73 318 241
boat 0.0015 21 173 76 306
boat 0.0011 -1 0 125 295
boat 0.0011 -1 -83 213 -1
boat 0.0011 230 0 273 64
boat 0.0010 0 25 64 323
person 0.6993 168 62 299 220
person 0.0092 154 79 255 208
person 0.0031 211 65 296 180
person 0.0022 120 33 272 214
person 0.0018 222 67 321 224
person 0.0014 404 57 492 105
person 0.0010 160 125 239 213
