car 0.0023 0 106 39 188
chair 0.0432 33 74 391 227
chair 0.0368 42 110 151 209
chair 0.0077 121 36 339 217
chair 0.0044 39 111 93 210
chair 0.0022 140 36 326 140
chair 0.0015 0 105 49 194
chair 0.0012 314 106 399 220
chair 0.0012 39 107 266 214
dog 0.2598 139 104 392 220
dog 0.0168 128 156 370 222
dog 0.0082 281 167 392 218
dog 0.0026 312 108 397 223
dog 0.0012 229 144 398 223
person 0.1037 29 15 73 206
person 0.0358 37 78 386 225
person 0.0073 29 20 72 117
person 0.0059 1 15 70 161
person 0.0019 11 53 87 213
person 0.0010 21 21 159 214
sofa 0.1989 39 104 381 227
sofa 0.0097 20 174 385 269
tvmonitor 0.0393 0 106 40 138
tvmonitor 0.0148 0 90 45 160
tvmonitor 0.0048 0 17 65 113
tvmonitor 0.0047 -2 60 63 176
tvmonitor 0.0011 1 0 42 24
tvmonitor 0.0010 -1 98 62 140
