boat 0.0181 9 9 497 358
car 0.9070 384 241 423 271
car 0.8618 104 244 167 291
car 0.7085 183 255 208 270
car 0.6591 87 249 120 280
car 0.1026 209 260 234 270
car 0.0475 164 257 187 271
car 0.0390 216 261 237 274
car 0.0310 169 255 204 271
car 0.0177 191 257 219 269
car 0.0103 224 260 237 269
car 0.0096 222 263 240 277
car 0.0076 82 246 141 282
car 0.0071 163 255 181 276
car 0.0065 157 254 176 274
car 0.0038 147 249 169 289
car 0.0035 208 256 240 273
car 0.0032 411 244 423 270
car 0.0025 403 249 424 271
car 0.0021 87 256 109 284
car 0.0020 188 252 217 266
car 0.0019 201 257 230 268
car 0.0015 220 258 236 267
car 0.0014 439 264 460 274
car 0.0013 170 259 195 270
car 0.0011 217 266 240 281
car 0.0011 383 245 404 270
