motorbike 0.6529 23 30 397 378
motorbike 0.0145 -2 2 233 88
motorbike 0.0057 -1 3 126 80
motorbike 0.0056 -3 1 283 149
motorbike 0.0020 -2 4 169 228
motorbike 0.0015 -5 -4 221 372
person 0.7230 334 3 444 377
person 0.0901 53 -1 318 100
person 0.0795 363 2 500 377
person 0.0246 288 30 416 370
person 0.0160 -2 0 334 189
person 0.0140 347 5 400 200
person 0.0044 450 -2 499 368
person 0.0039 377 0 408 25
person 0.0037 257 2 318 74
person 0.0027 295 9 392 200
person 0.0025 198 0 322 90
person 0.0018 130 26 484 378
person 0.0016 134 0 247 29
person 0.0014 276 29 364 163
person 0.0013 95 -1 266 61
person 0.0010 1 0 133 367
