bus 0.9232 92 142 299 400
bus 0.0051 93 182 196 342
bus 0.0034 293 248 327 348
bus 0.0021 212 174 296 366
bus 0.0020 300 226 363 316
bus 0.0020 229 221 271 269
bus 0.0018 223 218 289 290
bus 0.0015 76 251 92 278
bus 0.0012 93 206 168 306
bus 0.0011 297 243 323 297
car 0.2479 332 261 376 382
car 0.0183 299 265 347 372
car 0.0181 328 268 355 304
car 0.0064 331 262 373 310
car 0.0059 297 294 334 369
car 0.0048 318 258 355 321
car 0.0042 342 259 374 337
chair 0.0078 297 295 336 372
person 0.0078 297 237 322 358
person 0.0054 298 248 317 295
person 0.0038 231 223 256 263
pottedplant 0.0025 0 0 98 182
train 0.0020 76 248 93 277
