bus 0.0115 32 -5 441 353
bus 0.0074 49 2 386 194
bus 0.0011 106 83 363 263
car 0.0312 245 225 444 376
car 0.0028 6 1 361 192
chair 0.0012 379 -1 501 353
person 0.6590 277 190 389 268
person 0.5777 -1 17 271 381
person 0.3390 104 128 295 373
person 0.1803 1 29 139 356
person 0.0645 279 194 335 261
person 0.0427 251 185 433 348
person 0.0256 76 96 442 379
person 0.0216 179 133 421 320
person 0.0090 248 189 344 324
person 0.0062 116 126 272 267
person 0.0028 34 85 244 253
person 0.0024 88 127 194 188
person 0.0018 195 148 337 364
person 0.0015 104 136 167 179
person 0.0015 1 27 68 362
person 0.0012 247 225 318 337
person 0.0010 0 -6 96 265
person 0.0010 222 163 354 265
train 0.0064 76 1 399 236
tvmonitor 0.0282 245 247 445 376
