car 0.9327 108 48 497 322
car 0.8995 134 34 297 107
car 0.8425 52 37 160 86
car 0.6984 415 29 501 101
car 0.2668 416 30 472 53
car 0.1449 416 29 496 67
car 0.0466 445 40 500 145
car 0.0232 423 29 480 44
car 0.0173 464 65 499 136
car 0.0090 452 33 498 97
car 0.0088 416 34 445 50
car 0.0063 38 38 286 93
car 0.0029 475 43 500 124
car 0.0018 474 68 499 174
car 0.0017 481 33 500 93
car 0.0016 58 38 197 67
car 0.0013 493 35 500 106
car 0.0011 0 16 6 37
car 0.0010 423 33 453 52
car 0.0010 448 27 496 59
person 0.0064 471 14 480 35
person 0.0036 14 18 26 44
person 0.0013 10 14 23 41
person 0.0013 0 16 6 36
person 0.0012 371 27 384 41
person 0.0011 464 16 482 35
