bird 0.7890 134 231 255 350
bird 0.0119 10 110 475 411
bird 0.0078 61 173 376 361
bird 0.0044 231 153 428 324
bird 0.0043 143 0 249 51
bird 0.0042 129 197 307 340
bird 0.0024 157 189 393 323
bird 0.0012 227 200 351 288
bird 0.0012 119 223 286 422
bird 0.0011 317 201 451 327
chair 0.0110 167 119 210 180
chair 0.0067 158 7 227 183
chair 0.0041 41 154 252 346
chair 0.0038 115 384 213 502
chair 0.0034 2 237 108 394
chair 0.0032 0 344 85 500
chair 0.0027 33 7 465 361
chair 0.0020 5 140 81 329
chair 0.0014 12 156 139 359
chair 0.0012 150 67 220 246
chair 0.0010 165 61 216 176
diningtable 0.0061 18 114 437 369
dog 0.0015 295 287 471 499
person 0.0045 130 2 154 77
person 0.0022 127 0 236 60
person 0.0016 70 0 218 74
pottedplant 0.2192 5 418 141 500
pottedplant 0.0358 234 413 311 500
pottedplant 0.0077 60 442 168 499
pottedplant 0.0046 25 103 462 376
pottedplant 0.0045 88 456 204 499
pottedplant 0.0039 0 363 74 496
pottedplant 0.0035 13 390 221 500
pottedplant 0.0033 116 415 219 500
pottedplant 0.0029 222 442 296 500
pottedplant 0.0021 143 0 249 154
pottedplant 0.0018 0 421 64 499
pottedplant 0.0018 -3 455 116 499
pottedplant 0.0015 100 482 232 500
pottedplant 0.0013 205 391 372 499
pottedplant 0.0012 324 2 470 282
pottedplant 0.0010 4 477 155 499
pottedplant 0.0010 118 465 234 499
sheep 0.0026 301 287 471 497
