pottedplant 0.5732 50 257 182 373
pottedplant 0.2751 170 254 314 374
pottedplant 0.1010 2 261 142 372
pottedplant 0.0373 0 149 50 291
pottedplant 0.0263 0 155 74 374
pottedplant 0.0260 121 277 266 373
pottedplant 0.0178 2 277 84 373
pottedplant 0.0143 234 260 323 373
pottedplant 0.0121 201 133 311 366
pottedplant 0.0095 0 243 47 373
pottedplant 0.0093 0 198 176 381
pottedplant 0.0071 227 179 354 372
pottedplant 0.0071 124 305 203 373
pottedplant 0.0062 78 305 184 374
pottedplant 0.0055 257 190 365 312
pottedplant 0.0040 117 267 184 368
pottedplant 0.0027 0 303 39 370
pottedplant 0.0027 3 151 48 218
pottedplant 0.0026 210 134 292 284
pottedplant 0.0025 0 262 11 375
pottedplant 0.0018 90 236 105 252
pottedplant 0.0018 165 292 244 373
pottedplant 0.0015 3 156 91 279
pottedplant 0.0012 0 183 40 351
pottedplant 0.0010 79 228 178 346
pottedplant 0.0010 225 308 312 375
