bicycle 0.9168 102 175 319 302
bicycle 0.3967 0 76 23 118
bicycle 0.2739 108 86 224 141
bicycle 0.0110 363 57 499 167
bicycle 0.0101 140 92 269 141
bicycle 0.0069 98 88 234 185
bicycle 0.0031 147 84 229 126
bicycle 0.0028 136 100 216 143
bicycle 0.0026 464 123 500 167
bicycle 0.0024 476 33 500 82
bicycle 0.0023 1 79 250 203
bicycle 0.0022 438 106 501 169
bicycle 0.0021 450 39 499 78
bicycle 0.0019 0 83 16 127
bicycle 0.0018 128 73 257 128
bicycle 0.0018 114 86 204 120
bicycle 0.0016 379 104 499 171
bicycle 0.0012 462 31 500 69
car 0.0053 0 45 87 94
car 0.0043 196 69 222 86
car 0.0019 202 61 225 85
car 0.0018 243 54 315 77
car 0.0018 234 62 307 79
car 0.0014 462 31 500 68
car 0.0013 0 10 13 62
motorbike 0.0124 54 51 107 91
motorbike 0.0058 364 61 498 170
motorbike 0.0054 7 43 96 93
motorbike 0.0054 248 59 308 79
motorbike 0.0050 459 33 500 83
motorbike 0.0027 182 68 224 88
motorbike 0.0017 270 59 331 78
motorbike 0.0010 88 69 156 93
motorbike 0.0010 470 32 500 65
person 0.8735 152 112 276 277
person 0.5741 449 48 500 155
person 0.5395 151 26 186 88
person 0.1670 89 44 142 91
person 0.1565 0 36 21 108
person 0.0865 82 47 113 91
person 0.0656 95 43 133 76
person 0.0452 0 32 17 75
person 0.0445 180 52 205 87
person 0.0321 0 41 11 115
person 0.0253 230 39 261 80
person 0.0246 98 43 122 67
person 0.0230 0 43 28 82
person 0.0212 374 52 500 164
person 0.0210 0 37 51 99
person 0.0194 165 45 204 88
person 0.0181 86 45 116 76
person 0.0178 94 58 161 90
person 0.0144 476 42 499 147
person 0.0137 54 51 107 91
person 0.0132 20 43 96 90
person 0.0120 88 44 108 64
person 0.0111 455 36 500 96
person 0.0084 47 25 69 57
person 0.0078 415 0 425 14
person 0.0064 30 30 80 81
person 0.0063 0 22 72 88
person 0.0061 418 50 498 118
person 0.0057 0 31 37 75
person 0.0049 481 38 499 91
person 0.0045 436 9 455 64
person 0.0044 248 59 308 79
person 0.0042 188 46 220 84
person 0.0042 445 50 492 107
person 0.0036 123 62 189 89
person 0.0033 0 16 12 69
person 0.0030 0 40 11 76
person 0.0029 228 44 295 78
person 0.0028 105 43 121 61
person 0.0027 154 59 211 90
person 0.0025 83 47 105 74
person 0.0025 97 38 186 89
person 0.0022 460 81 500 171
person 0.0021 414 60 477 106
person 0.0020 104 45 143 67
person 0.0019 7 42 76 79
person 0.0019 70 60 172 104
person 0.0019 490 41 500 101
person 0.0015 275 59 329 79
person 0.0015 50 27 75 76
person 0.0014 0 53 18 88
person 0.0014 55 25 70 48
person 0.0014 97 72 217 121
person 0.0013 282 62 308 80
person 0.0013 15 14 96 68
person 0.0013 130 20 232 90
person 0.0012 46 44 85 88
person 0.0012 70 56 96 88
person 0.0011 139 53 195 99
person 0.0011 246 160 283 198
person 0.0011 493 49 500 133
person 0.0010 106 53 135 86
person 0.0010 79 60 103 91
person 0.0010 246 45 330 80
