aeroplane 0.0015 -8 -4 485 150
bottle 0.0079 51 309 113 372
car 0.9601 110 177 369 345
car 0.8782 430 176 498 241
car 0.8317 0 163 41 224
car 0.8199 88 168 208 226
car 0.3750 16 165 97 211
car 0.1331 0 191 13 258
car 0.0568 2 159 68 216
car 0.0461 166 183 221 219
car 0.0459 125 176 221 220
car 0.0247 0 164 24 253
car 0.0189 483 179 500 238
car 0.0125 43 176 111 207
car 0.0115 462 177 499 240
car 0.0109 265 165 316 182
car 0.0101 191 180 336 230
car 0.0063 0 200 22 264
car 0.0062 71 180 102 205
car 0.0061 0 160 41 187
car 0.0056 151 177 360 250
car 0.0050 324 166 365 184
car 0.0043 144 187 211 224
car 0.0040 72 167 146 218
car 0.0037 181 182 238 224
car 0.0035 0 201 11 305
car 0.0033 0 210 10 248
car 0.0028 129 168 525 372
car 0.0026 152 182 260 231
car 0.0024 223 165 321 193
car 0.0023 168 176 221 205
car 0.0022 296 207 478 376
car 0.0021 309 164 353 185
car 0.0021 12 161 41 173
car 0.0020 445 204 498 243
car 0.0020 238 167 307 186
car 0.0018 125 161 430 278
car 0.0017 89 173 128 233
car 0.0017 193 175 231 215
car 0.0016 0 164 9 242
car 0.0014 356 156 509 256
car 0.0013 78 173 113 211
car 0.0012 321 163 378 190
car 0.0012 181 188 209 217
car 0.0011 487 194 500 254
car 0.0011 490 173 500 227
car 0.0011 312 275 462 374
car 0.0010 0 155 38 176
car 0.0010 19 172 144 224
car 0.0010 309 168 335 185
chair 0.0010 0 202 11 322
diningtable 0.0023 -1 297 112 374
motorbike 0.0016 301 208 477 377
person 0.8119 351 152 458 374
person 0.0020 351 154 461 261
person 0.0018 389 155 426 188
person 0.0017 215 172 230 199
person 0.0016 197 175 231 213
person 0.0012 205 176 227 202
