bicycle 0.8328 27 30 500 330
bicycle 0.1800 396 89 500 155
bicycle 0.0501 383 80 500 212
bicycle 0.0310 319 26 501 170
bicycle 0.0186 354 86 499 316
bicycle 0.0061 0 80 163 290
bicycle 0.0045 448 95 500 200
bicycle 0.0018 437 80 499 271
bicycle 0.0017 442 112 500 157
bicycle 0.0014 28 141 160 266
bicycle 0.0010 155 2 200 49
bicycle 0.0010 0 98 74 314
bottle 0.0029 198 195 241 273
bottle 0.0010 392 95 452 151
car 0.0059 401 2 497 53
car 0.0017 310 6 486 162
car 0.0010 319 10 390 59
chair 0.0033 330 103 499 322
motorbike 0.1302 395 92 500 154
motorbike 0.0052 441 101 499 155
person 0.0017 0 57 21 315
person 0.0010 481 89 500 279
pottedplant 0.0040 14 142 155 280
pottedplant 0.0033 195 201 241 273
pottedplant 0.0027 46 186 86 265
pottedplant 0.0022 35 174 135 269
pottedplant 0.0019 55 203 157 269
pottedplant 0.0017 89 214 142 256
pottedplant 0.0014 171 206 239 314
pottedplant 0.0013 202 2 285 48
pottedplant 0.0010 70 225 143 269
