bottle 0.0147 249 261 261 300
chair 0.6733 136 274 267 375
chair 0.6312 106 211 166 280
chair 0.4590 359 227 410 301
chair 0.3636 322 217 366 284
chair 0.3395 300 203 342 251
chair 0.1320 471 215 500 266
chair 0.0931 0 207 73 371
chair 0.0794 469 217 500 332
chair 0.0742 298 271 412 369
chair 0.0718 251 211 283 274
chair 0.0637 367 208 405 238
chair 0.0605 321 209 350 274
chair 0.0523 312 223 427 310
chair 0.0501 254 210 321 282
chair 0.0499 422 217 499 341
chair 0.0469 336 215 395 286
chair 0.0454 453 216 499 277
chair 0.0408 174 272 454 376
chair 0.0325 282 196 330 233
chair 0.0281 275 244 343 306
chair 0.0214 21 200 59 256
chair 0.0209 155 211 227 288
chair 0.0207 304 204 340 231
chair 0.0191 365 249 498 368
chair 0.0173 404 215 475 251
chair 0.0157 94 194 112 238
chair 0.0155 290 223 491 353
chair 0.0144 0 188 41 362
chair 0.0143 352 228 455 326
chair 0.0137 275 217 337 286
chair 0.0133 3 201 48 255
chair 0.0129 233 249 403 347
chair 0.0120 394 217 488 296
chair 0.0112 99 202 142 274
chair 0.0105 131 208 205 282
chair 0.0100 8 197 61 311
chair 0.0091 439 217 482 248
chair 0.0088 407 251 458 333
chair 0.0087 330 209 376 266
chair 0.0084 186 247 255 292
chair 0.0081 292 211 391 290
chair 0.0074 322 236 407 347
chair 0.0063 414 218 492 268
chair 0.0062 127 203 179 268
chair 0.0061 127 192 165 250
chair 0.0059 363 210 409 256
chair 0.0051 130 247 234 352
chair 0.0051 93 272 169 373
chair 0.0043 28 191 76 330
chair 0.0043 378 209 430 235
chair 0.0041 95 193 129 241
chair 0.0037 373 211 464 245
chair 0.0032 342 214 474 282
chair 0.0029 272 309 500 374
chair 0.0029 152 206 190 276
chair 0.0029 195 217 279 289
chair 0.0027 131 187 160 223
chair 0.0026 34 198 61 239
chair 0.0026 462 248 499 370
chair 0.0025 0 198 20 367
chair 0.0024 323 209 360 243
chair 0.0021 233 237 362 315
chair 0.0020 476 199 500 252
chair 0.0020 347 209 400 231
chair 0.0019 123 226 211 308
chair 0.0019 390 251 452 361
chair 0.0018 316 225 355 303
chair 0.0018 302 210 342 281
chair 0.0017 131 188 153 203
chair 0.0015 236 285 398 373
chair 0.0014 317 206 345 242
chair 0.0013 129 189 151 214
chair 0.0013 417 216 460 242
chair 0.0012 39 194 62 220
chair 0.0012 245 195 270 238
chair 0.0011 373 215 438 280
chair 0.0011 265 198 358 270
chair 0.0011 379 230 420 312
chair 0.0010 304 213 331 249
chair 0.0010 281 208 326 262
chair 0.0010 97 190 161 245
chair 0.0010 484 217 499 261
diningtable 0.2721 346 221 500 321
diningtable 0.0528 123 277 433 375
diningtable 0.0384 308 222 454 299
diningtable 0.0185 151 209 223 285
diningtable 0.0184 378 248 498 371
person 0.0592 0 166 19 208
person 0.0083 0 164 29 227
person 0.0061 0 160 17 243
person 0.0041 0 166 9 223
person 0.0029 2 163 44 202
person 0.0018 0 167 5 236
person 0.0016 0 160 52 236
pottedplant 0.5184 253 180 308 215
pottedplant 0.1548 346 143 372 215
pottedplant 0.0852 162 160 219 222
pottedplant 0.0321 247 180 271 207
pottedplant 0.0117 161 207 221 282
pottedplant 0.0073 129 187 150 201
pottedplant 0.0070 103 3 321 109
pottedplant 0.0049 2 164 51 204
pottedplant 0.0038 118 155 221 214
pottedplant 0.0028 249 186 268 215
pottedplant 0.0023 274 182 310 211
pottedplant 0.0023 320 181 359 246
pottedplant 0.0022 352 145 389 215
pottedplant 0.0018 117 175 164 230
pottedplant 0.0017 158 179 212 255
pottedplant 0.0016 29 179 60 210
pottedplant 0.0016 251 183 312 244
pottedplant 0.0016 256 178 301 200
pottedplant 0.0014 346 169 371 234
pottedplant 0.0014 41 191 61 208
pottedplant 0.0013 244 166 322 231
pottedplant 0.0013 107 157 180 206
pottedplant 0.0012 93 182 115 206
pottedplant 0.0012 13 152 60 212
pottedplant 0.0011 182 20 313 104
pottedplant 0.0010 123 165 214 244
sofa 0.0086 358 216 498 302
tvmonitor 0.0727 0 200 31 256
tvmonitor 0.0021 0 198 7 258
