chair 0.0092 -1 103 55 257
chair 0.0026 484 127 499 317
chair 0.0013 489 180 500 312
cow 0.0010 305 116 363 280
horse 0.8851 193 84 360 283
horse 0.0271 261 114 359 278
horse 0.0092 181 78 284 282
motorbike 0.0023 112 246 159 267
person 0.5536 175 97 249 281
person 0.0113 121 163 155 190
person 0.0074 224 57 246 97
person 0.0069 187 89 298 290
person 0.0066 344 23 493 318
person 0.0024 103 98 236 281
person 0.0013 485 45 499 302
person 0.0011 123 153 159 205
person 0.0010 156 104 220 282
person 0.0010 407 43 500 303
