bottle 0.7484 234 219 255 275
bottle 0.1513 411 198 449 267
bottle 0.0876 389 162 449 268
bottle 0.0839 379 107 485 333
bottle 0.0099 401 180 441 250
bottle 0.0066 384 158 431 242
bottle 0.0055 232 218 248 259
bottle 0.0050 420 217 445 269
bottle 0.0047 388 161 410 191
bottle 0.0037 381 154 420 205
bottle 0.0032 384 130 451 225
bottle 0.0022 236 214 254 252
bottle 0.0019 414 234 427 270
bottle 0.0016 228 219 247 280
bottle 0.0014 395 180 495 258
bottle 0.0013 416 210 442 247
bottle 0.0013 424 224 448 255
bottle 0.0012 396 192 448 314
bottle 0.0011 416 228 438 271
bottle 0.0010 237 234 258 285
bottle 0.0010 229 234 243 291
chair 0.5601 0 258 194 375
chair 0.0671 0 258 78 374
chair 0.0210 0 262 18 372
chair 0.0200 351 266 457 374
chair 0.0107 0 258 35 371
chair 0.0070 5 182 151 373
chair 0.0052 235 259 452 374
chair 0.0047 188 257 311 375
chair 0.0032 0 217 13 349
chair 0.0021 216 299 293 375
chair 0.0015 0 260 15 322
chair 0.0012 239 265 345 375
diningtable 0.7852 135 257 303 375
diningtable 0.0110 17 234 293 371
diningtable 0.0093 149 194 318 361
diningtable 0.0017 186 261 270 372
person 0.8836 134 175 229 268
person 0.8637 390 57 499 373
person 0.7836 14 169 195 373
person 0.7243 279 170 428 375
person 0.1034 225 173 357 374
person 0.0637 128 175 235 364
person 0.0401 381 104 471 317
person 0.0326 281 171 338 277
person 0.0172 388 163 409 191
person 0.0129 382 160 432 241
person 0.0114 34 169 176 267
person 0.0104 283 167 390 297
person 0.0091 305 111 484 338
person 0.0056 340 161 466 376
person 0.0054 481 69 500 374
person 0.0050 444 57 500 369
person 0.0042 129 226 285 340
person 0.0033 54 170 132 250
person 0.0018 377 147 423 210
person 0.0017 278 171 351 347
person 0.0014 189 203 321 363
person 0.0014 383 159 415 222
person 0.0012 109 177 188 274
person 0.0012 291 141 437 277
person 0.0012 363 155 438 275
person 0.0011 134 179 203 237
person 0.0011 227 210 266 266
person 0.0011 83 173 155 264
person 0.0010 461 171 499 377
person 0.0010 387 61 500 204
person 0.0010 296 170 364 258
pottedplant 0.1176 137 139 173 221
pottedplant 0.0488 132 158 192 248
pottedplant 0.0321 136 179 169 223
pottedplant 0.0091 34 186 56 221
pottedplant 0.0059 142 168 175 216
pottedplant 0.0040 26 181 68 228
pottedplant 0.0033 129 179 169 254
pottedplant 0.0029 79 171 207 279
pottedplant 0.0015 26 175 116 260
pottedplant 0.0011 120 138 212 228
tvmonitor 0.0129 262 124 294 155
tvmonitor 0.0041 338 110 393 176
