aeroplane 0.0042 2 160 164 255
aeroplane 0.0023 0 41 12 57
aeroplane 0.0022 4 143 160 214
bottle 0.5242 206 267 221 313
bottle 0.0396 196 257 213 287
bottle 0.0122 199 258 224 315
bottle 0.0080 195 261 214 302
bottle 0.0048 202 259 219 295
bottle 0.0025 197 239 216 292
bottle 0.0020 208 242 224 305
car 0.0592 389 167 429 183
car 0.0086 396 172 424 183
car 0.0065 275 163 313 183
car 0.0055 476 168 490 190
car 0.0046 478 170 499 199
car 0.0043 390 162 464 183
car 0.0033 492 168 500 186
car 0.0031 68 164 112 182
car 0.0025 467 163 495 184
car 0.0021 0 164 7 192
car 0.0016 385 159 433 182
car 0.0015 484 163 498 184
car 0.0015 50 169 116 185
car 0.0014 351 163 418 183
car 0.0014 376 170 393 182
car 0.0013 370 169 400 183
car 0.0011 446 159 492 182
car 0.0011 489 170 500 197
chair 0.0015 176 202 206 255
chair 0.0013 474 174 500 308
horse 0.0013 473 170 500 295
person 0.9143 191 111 296 366
person 0.0123 9 172 27 222
person 0.0084 2 165 33 282
person 0.0054 476 168 490 190
person 0.0027 0 166 16 279
person 0.0026 472 165 499 260
person 0.0023 56 173 80 256
person 0.0020 475 169 497 206
person 0.0015 6 168 29 247
person 0.0014 2 170 18 218
person 0.0012 30 173 58 213
person 0.0012 32 171 102 252
person 0.0011 360 174 381 261
person 0.0010 0 163 12 194
