car 0.8548 29 17 463 359
car 0.0014 0 6 7 60
car 0.0012 43 22 66 55
car 0.0010 169 -1 261 54
person 0.4019 423 148 464 183
person 0.3235 140 47 193 90
person 0.2338 8 89 31 126
person 0.2215 6 91 36 182
person 0.1616 43 91 60 122
person 0.0471 2 87 23 181
person 0.0382 26 87 52 182
person 0.0350 25 93 47 127
person 0.0307 18 89 45 141
person 0.0301 475 163 487 178
person 0.0248 36 86 63 126
person 0.0236 422 148 464 218
person 0.0179 375 152 454 304
person 0.0161 29 80 52 122
person 0.0129 32 70 131 347
person 0.0096 0 90 22 125
person 0.0085 409 140 458 200
person 0.0069 28 83 66 160
person 0.0060 0 89 13 214
person 0.0059 423 149 492 283
person 0.0055 410 147 460 265
person 0.0053 43 78 76 118
person 0.0050 462 159 488 180
person 0.0047 351 72 368 91
person 0.0045 439 152 467 182
person 0.0042 28 96 48 146
person 0.0038 472 155 499 288
person 0.0038 123 42 164 95
person 0.0037 1 89 33 250
person 0.0036 0 86 25 353
person 0.0028 120 39 210 108
person 0.0027 121 38 145 96
person 0.0026 134 46 236 94
person 0.0025 474 158 490 182
person 0.0023 0 50 75 364
person 0.0019 0 89 6 117
person 0.0019 -1 69 41 380
person 0.0018 0 98 8 182
person 0.0018 32 75 49 100
person 0.0018 0 86 16 160
person 0.0017 0 87 14 120
person 0.0017 -2 80 82 189
person 0.0015 0 73 15 293
person 0.0013 99 35 147 100
person 0.0013 146 51 175 87
person 0.0013 14 73 56 119
person 0.0012 34 91 59 149
person 0.0012 20 105 45 174
person 0.0011 98 34 225 154
person 0.0011 -10 58 126 203
person 0.0010 385 139 484 265
person 0.0010 40 82 85 149
person 0.0010 0 91 9 136
