bottle 0.0090 399 173 437 235
bottle 0.0078 384 106 453 297
chair 0.0076 286 119 492 377
chair 0.0056 3 128 331 374
chair 0.0036 0 7 76 384
chair 0.0030 -1 177 118 375
dog 0.6101 203 145 384 373
dog 0.0140 105 87 437 382
dog 0.0079 8 137 358 373
dog 0.0012 336 223 389 282
person 0.6349 14 -2 237 372
person 0.6263 220 -5 500 381
person 0.0514 15 9 451 380
person 0.0096 338 61 494 371
person 0.0069 431 25 500 376
person 0.0054 467 100 500 383
person 0.0049 7 128 333 374
person 0.0045 0 11 121 383
person 0.0026 250 2 496 167
person 0.0017 178 10 467 240
person 0.0013 0 2 43 394
person 0.0010 457 5 500 236
sofa 0.0400 67 78 469 390
sofa 0.0101 195 110 415 372
tvmonitor 0.0986 470 6 499 83
tvmonitor 0.0295 462 6 500 133
tvmonitor 0.0011 484 7 500 76
