bottle 0.0880 295 77 447 273
bottle 0.0061 308 83 420 147
bottle 0.0055 216 66 311 146
bottle 0.0016 244 81 441 156
bottle 0.0011 180 68 311 190
cat 0.1623 36 167 502 375
cat 0.0040 0 236 19 355
cat 0.0031 41 261 199 375
cat 0.0014 114 80 322 238
chair 0.0036 4 -1 161 187
chair 0.0026 69 1 192 189
chair 0.0017 98 1 161 165
dog 0.2668 290 77 449 279
dog 0.2408 65 167 501 374
dog 0.1687 107 60 477 326
dog 0.0077 92 91 375 264
dog 0.0057 41 258 189 374
dog 0.0038 308 84 418 147
dog 0.0024 149 78 329 232
dog 0.0014 156 147 332 274
dog 0.0010 19 84 364 375
person 0.0017 0 1 9 82
person 0.0014 0 150 18 362
pottedplant 0.4498 166 2 225 43
pottedplant 0.0431 141 4 175 34
pottedplant 0.0422 186 0 241 44
pottedplant 0.0341 142 0 204 38
pottedplant 0.0052 165 -1 248 75
pottedplant 0.0028 170 2 199 41
pottedplant 0.0027 201 0 249 65
pottedplant 0.0027 216 1 251 28
pottedplant 0.0021 126 0 215 70
pottedplant 0.0014 228 0 253 18
tvmonitor 0.4516 0 2 31 92
tvmonitor 0.0644 6 2 72 94
tvmonitor 0.0061 -2 0 126 165
tvmonitor 0.0056 0 0 62 168
tvmonitor 0.0031 0 0 24 63
tvmonitor 0.0011 0 -8 26 168
