bird 0.0026 158 17 250 79
boat 0.0012 121 211 476 373
car 0.0015 0 172 5 217
person 0.9152 80 158 130 279
person 0.0362 21 112 43 190
person 0.0280 19 77 47 127
person 0.0203 0 90 14 184
person 0.0186 0 146 6 219
person 0.0130 0 89 13 129
person 0.0109 15 76 53 180
person 0.0070 7 112 35 192
person 0.0070 2 95 27 191
person 0.0066 0 98 7 183
person 0.0058 5 79 38 128
person 0.0034 37 97 58 162
person 0.0030 44 114 58 136
person 0.0026 1 96 21 130
person 0.0018 7 69 56 125
person 0.0018 0 145 12 214
person 0.0017 24 114 40 133
person 0.0014 27 101 55 139
person 0.0013 70 163 105 262
person 0.0012 23 98 44 131
person 0.0011 34 79 58 128
pottedplant 0.0091 324 149 381 193
pottedplant 0.0085 0 108 10 196
pottedplant 0.0043 0 141 7 188
pottedplant 0.0043 367 179 386 192
pottedplant 0.0037 346 171 385 191
pottedplant 0.0030 402 176 415 196
pottedplant 0.0011 397 174 412 194
pottedplant 0.0010 400 174 430 200
train 0.0054 161 210 500 372
train 0.0047 416 107 499 194
train 0.0020 436 140 500 193
train 0.0010 413 136 440 191
