bird 0.8569 171 110 213 207
bird 0.5565 143 160 174 195
bird 0.0708 146 138 188 200
bird 0.0658 397 160 439 194
bird 0.0448 260 187 296 207
bird 0.0287 144 154 174 181
bird 0.0244 126 165 172 197
bird 0.0097 84 162 174 202
bird 0.0086 183 171 211 208
bird 0.0061 173 153 212 222
bird 0.0043 130 157 177 187
bird 0.0037 77 158 175 284
bird 0.0032 153 160 202 203
bird 0.0032 394 159 460 205
bird 0.0030 25 252 111 300
bird 0.0029 244 192 296 265
bird 0.0028 138 109 221 211
bird 0.0027 140 158 175 228
bird 0.0025 189 183 213 204
bird 0.0025 102 152 194 215
bird 0.0024 32 -3 445 305
bird 0.0022 233 225 262 275
bird 0.0020 135 161 177 273
bird 0.0018 257 188 298 223
bird 0.0014 76 58 382 254
bird 0.0013 148 159 222 276
bird 0.0013 78 172 130 195
bird 0.0013 142 112 196 190
bird 0.0013 250 172 294 209
bird 0.0012 237 221 256 263
bird 0.0011 137 98 438 319
bird 0.0010 157 162 180 194
boat 0.0021 214 285 323 334
boat 0.0020 90 282 466 374
boat 0.0012 102 168 443 373
bottle 0.0721 238 222 258 275
cat 0.0012 28 254 111 302
chair 0.0055 357 195 436 335
chair 0.0044 374 235 418 294
chair 0.0015 345 215 416 374
chair 0.0012 25 255 110 304
diningtable 0.0024 75 278 445 377
diningtable 0.0013 163 288 365 346
person 0.4464 285 187 373 280
person 0.3612 281 188 377 372
person 0.1356 398 166 480 358
person 0.1080 402 172 461 292
person 0.0866 414 194 448 280
person 0.0413 331 169 463 374
person 0.0386 412 190 498 310
person 0.0322 366 161 453 294
person 0.0272 278 221 296 265
person 0.0191 270 173 440 337
person 0.0147 382 184 453 352
person 0.0089 273 217 307 280
person 0.0088 377 207 439 308
person 0.0086 455 208 499 283
person 0.0072 268 209 298 263
person 0.0058 452 197 500 358
person 0.0038 281 220 296 244
person 0.0037 355 201 377 256
person 0.0034 272 189 352 317
person 0.0032 233 221 272 279
person 0.0029 238 221 257 256
person 0.0029 271 189 348 245
person 0.0027 362 218 430 374
person 0.0025 351 200 416 284
person 0.0021 387 156 484 276
person 0.0019 250 189 293 274
person 0.0018 413 187 444 247
person 0.0017 212 212 361 366
person 0.0017 161 176 411 391
person 0.0017 377 239 438 289
person 0.0016 344 202 385 281
person 0.0012 228 205 309 321
person 0.0012 367 231 499 376
person 0.0011 239 213 265 267
pottedplant 0.0015 26 231 110 304
tvmonitor 0.0015 27 254 108 302
