bottle 0.0263 460 148 475 200
bottle 0.0172 66 58 90 194
bottle 0.0132 14 14 41 123
bottle 0.0116 10 2 89 199
bottle 0.0083 67 124 89 193
bottle 0.0071 11 18 46 192
bottle 0.0061 466 139 499 223
bottle 0.0058 45 3 99 204
bottle 0.0048 493 99 499 167
bottle 0.0041 87 196 125 249
bottle 0.0037 52 82 87 210
bottle 0.0030 0 149 25 228
bottle 0.0020 24 13 79 149
bottle 0.0020 20 48 70 208
bottle 0.0018 134 55 195 120
bottle 0.0017 145 50 160 80
bottle 0.0017 445 142 500 244
bottle 0.0016 54 26 82 137
bottle 0.0015 457 148 486 222
bottle 0.0014 143 47 197 84
bottle 0.0014 494 108 499 145
bottle 0.0014 34 118 93 220
bottle 0.0013 65 50 83 110
bottle 0.0013 12 170 52 223
bottle 0.0012 2 32 40 150
bottle 0.0011 460 101 498 210
chair 0.0022 0 255 208 370
chair 0.0013 409 142 471 201
chair 0.0010 257 287 443 368
diningtable 0.6303 5 199 493 369
diningtable 0.4242 269 199 498 367
diningtable 0.0096 262 284 493 367
diningtable 0.0026 -7 60 451 377
diningtable 0.0017 2 284 522 378
diningtable 0.0015 -1 89 277 308
diningtable 0.0010 315 194 497 297
person 0.8828 256 17 437 221
person 0.6257 133 60 280 220
person 0.0214 13 3 77 203
person 0.0130 11 6 46 204
person 0.0078 0 10 34 221
person 0.0067 485 94 499 218
person 0.0054 0 150 21 227
person 0.0051 477 138 499 224
person 0.0039 120 54 415 222
person 0.0035 12 50 261 232
person 0.0032 468 137 500 354
person 0.0030 0 0 59 103
person 0.0028 465 95 499 217
person 0.0019 40 29 472 306
person 0.0019 251 20 474 351
person 0.0019 0 78 22 228
person 0.0017 0 1 21 186
person 0.0015 0 44 17 97
person 0.0014 435 130 501 365
person 0.0014 0 0 42 68
person 0.0014 29 11 108 199
person 0.0014 0 148 10 229
person 0.0014 0 0 13 68
person 0.0010 3 41 57 234
person 0.0010 61 44 115 190
pottedplant 0.0035 132 61 189 125
pottedplant 0.0024 98 53 184 139
pottedplant 0.0012 70 37 156 174
sofa 0.0031 -3 40 504 350
tvmonitor 0.8605 416 81 472 132
tvmonitor 0.0135 485 81 499 138
tvmonitor 0.0088 469 79 498 135
tvmonitor 0.0070 493 89 499 154
tvmonitor 0.0031 490 87 500 173
tvmonitor 0.0022 494 104 499 138
tvmonitor 0.0017 441 80 492 133
tvmonitor 0.0012 283 19 491 203
tvmonitor 0.0011 376 84 417 125
tvmonitor 0.0011 479 142 499 212
