bottle 0.5892 423 151 440 200
bottle 0.4302 67 180 236 374
bottle 0.1897 125 220 195 337
bottle 0.1854 144 241 189 322
bottle 0.1210 70 242 112 330
bottle 0.0674 132 213 178 308
bottle 0.0406 432 151 455 196
bottle 0.0347 455 132 480 169
bottle 0.0229 401 120 485 232
bottle 0.0218 154 261 184 319
bottle 0.0211 471 130 488 168
bottle 0.0193 63 224 129 350
bottle 0.0161 126 132 150 174
bottle 0.0138 426 150 479 203
bottle 0.0137 460 84 498 204
bottle 0.0135 465 122 495 178
bottle 0.0117 82 182 207 308
bottle 0.0103 0 231 8 301
bottle 0.0087 31 203 164 370
bottle 0.0085 0 203 9 333
bottle 0.0082 409 142 447 202
bottle 0.0066 427 158 447 195
bottle 0.0048 14 191 106 357
bottle 0.0047 444 125 497 215
bottle 0.0045 163 276 186 322
bottle 0.0037 140 216 171 282
bottle 0.0035 454 98 491 170
bottle 0.0034 116 123 155 176
bottle 0.0030 157 234 180 312
bottle 0.0020 436 151 458 176
bottle 0.0019 475 96 496 171
bottle 0.0014 9 130 39 150
bottle 0.0014 427 150 440 179
bottle 0.0014 159 143 255 197
chair 0.0438 0 144 66 378
chair 0.0220 2 133 106 277
chair 0.0075 0 70 67 283
chair 0.0026 2 160 56 301
chair 0.0020 4 67 42 217
chair 0.0018 6 138 68 198
chair 0.0017 9 131 38 150
chair 0.0016 0 272 59 372
chair 0.0016 110 137 226 255
chair 0.0015 0 170 9 321
chair 0.0013 17 184 90 295
chair 0.0012 0 216 6 292
chair 0.0012 49 3 162 91
chair 0.0010 0 -3 40 273
chair 0.0010 410 189 499 338
diningtable 0.0245 410 85 500 326
diningtable 0.0129 64 141 217 263
diningtable 0.0081 76 159 241 318
diningtable 0.0078 60 126 311 338
diningtable 0.0053 410 146 500 261
diningtable 0.0017 3 269 232 376
diningtable 0.0017 38 267 474 371
diningtable 0.0012 46 197 379 373
diningtable 0.0010 262 92 497 352
person 0.8716 184 137 363 366
person 0.5982 63 178 233 374
person 0.5725 266 57 452 256
person 0.4946 153 60 267 200
person 0.3597 351 37 451 152
person 0.2836 333 42 489 248
person 0.1788 297 42 379 157
person 0.1512 455 45 500 162
person 0.1225 75 87 135 186
person 0.1153 153 61 372 239
person 0.0491 65 177 177 320
person 0.0477 68 86 149 247
person 0.0463 265 51 381 202
person 0.0385 0 166 69 376
person 0.0367 447 44 499 253
person 0.0358 260 28 305 64
person 0.0313 269 39 366 130
person 0.0294 305 44 361 108
person 0.0240 417 72 501 283
person 0.0218 377 111 478 231
person 0.0213 478 44 499 170
person 0.0157 361 37 444 103
person 0.0157 115 89 313 302
person 0.0142 0 127 38 386
person 0.0142 118 211 181 348
person 0.0129 50 111 183 279
person 0.0120 479 66 499 267
person 0.0117 415 40 500 174
person 0.0103 250 27 318 98
person 0.0096 453 68 492 202
person 0.0093 197 64 421 314
person 0.0082 0 146 14 370
person 0.0065 63 71 254 229
person 0.0057 24 143 159 308
person 0.0052 182 140 287 304
person 0.0043 0 200 10 359
person 0.0042 216 38 371 161
person 0.0041 462 100 499 234
person 0.0039 0 92 122 271
person 0.0039 398 137 462 195
person 0.0036 54 179 123 330
person 0.0031 266 69 349 172
person 0.0023 437 135 500 220
person 0.0021 25 97 129 204
person 0.0021 85 98 185 231
person 0.0018 306 40 435 130
person 0.0018 466 84 500 349
person 0.0017 0 264 84 376
person 0.0017 0 31 42 302
person 0.0017 458 14 499 122
person 0.0015 149 135 293 379
person 0.0012 350 87 496 201
person 0.0012 477 91 499 195
person 0.0011 0 34 20 301
person 0.0011 253 124 397 355
person 0.0010 482 -8 500 148
person 0.0010 64 59 153 180
sofa 0.1147 147 56 421 249
sofa 0.0022 108 0 198 52
sofa 0.0012 38 206 436 371
tvmonitor 0.0127 0 5 17 150
tvmonitor 0.0063 110 0 197 57
tvmonitor 0.0014 0 4 33 147
