bottle 0.0019 473 223 484 244
chair 0.0176 407 119 501 325
chair 0.0154 165 170 344 328
chair 0.0119 407 221 500 331
chair 0.0090 251 172 352 310
chair 0.0034 317 210 437 329
chair 0.0016 253 190 411 329
chair 0.0015 449 235 500 333
chair 0.0010 464 119 498 326
diningtable 0.0032 265 200 425 326
dog 0.0048 2 230 211 330
dog 0.0044 21 247 185 309
dog 0.0025 0 208 112 317
dog 0.0019 95 250 190 304
person 0.0044 3 169 284 325
person 0.0022 0 98 22 323
person 0.0010 480 116 499 331
pottedplant 0.0246 463 109 499 139
pottedplant 0.0105 463 109 499 171
pottedplant 0.0077 58 -1 203 185
pottedplant 0.0043 411 73 501 317
pottedplant 0.0040 441 92 500 209
pottedplant 0.0014 459 91 500 270
pottedplant 0.0012 484 116 500 202
pottedplant 0.0012 33 3 223 303
sofa 0.8839 -5 170 358 331
