bottle 0.8009 101 152 153 198
bottle 0.7497 146 153 192 198
bottle 0.7004 47 153 110 198
bottle 0.5319 193 153 232 197
bottle 0.4877 1 285 152 331
bottle 0.3439 232 153 279 199
bottle 0.2750 275 152 319 200
bottle 0.2229 257 120 306 172
bottle 0.1854 209 286 389 333
bottle 0.1038 239 101 299 164
bottle 0.0737 209 289 241 331
bottle 0.0649 211 93 271 165
bottle 0.0517 316 155 368 200
bottle 0.0410 43 160 78 200
bottle 0.0308 91 165 124 198
bottle 0.0280 74 290 185 330
bottle 0.0224 228 86 282 152
bottle 0.0219 18 187 118 288
bottle 0.0217 1 286 42 331
bottle 0.0214 304 219 383 276
bottle 0.0194 88 183 118 199
bottle 0.0187 55 289 124 330
bottle 0.0182 296 292 383 333
bottle 0.0178 33 151 96 216
bottle 0.0177 343 154 408 199
bottle 0.0161 290 46 344 95
bottle 0.0138 268 77 320 158
bottle 0.0127 405 293 489 332
bottle 0.0104 404 296 436 333
bottle 0.0093 280 48 342 149
bottle 0.0085 112 301 186 329
bottle 0.0078 33 215 147 294
bottle 0.0077 122 161 171 198
bottle 0.0063 437 152 498 200
bottle 0.0063 316 141 409 204
bottle 0.0059 16 196 70 289
bottle 0.0054 214 117 256 163
bottle 0.0051 208 291 301 331
bottle 0.0044 313 76 406 187
bottle 0.0035 22 150 89 278
bottle 0.0035 463 296 499 330
bottle 0.0033 221 127 306 206
bottle 0.0033 53 215 129 272
bottle 0.0029 33 139 127 248
bottle 0.0029 483 153 499 195
bottle 0.0028 27 149 150 296
bottle 0.0023 393 95 483 196
bottle 0.0021 357 155 451 201
bottle 0.0021 177 308 210 331
bottle 0.0020 16 206 40 287
bottle 0.0019 1 248 175 338
bottle 0.0018 131 178 160 196
bottle 0.0017 51 154 79 189
bottle 0.0016 157 300 218 330
bottle 0.0016 394 157 476 201
bottle 0.0016 0 288 82 331
bottle 0.0015 52 163 126 282
bottle 0.0014 217 137 268 194
bottle 0.0014 127 303 209 325
bottle 0.0012 278 80 359 164
bottle 0.0012 87 149 176 207
bottle 0.0012 221 198 292 283
bottle 0.0011 332 301 386 328
bottle 0.0011 252 291 328 330
bottle 0.0010 41 182 69 199
bottle 0.0010 106 157 136 196
bottle 0.0010 174 168 218 197
person 0.0012 486 98 500 197
sheep 0.0033 390 85 477 180
