bicycle 0.0013 238 187 286 314
bottle 0.9273 31 167 80 307
bottle 0.8997 439 152 494 306
bottle 0.8944 377 132 441 312
bottle 0.8857 89 142 141 308
bottle 0.8649 137 164 178 300
bottle 0.8451 173 140 219 313
bottle 0.8290 306 131 353 307
bottle 0.7734 0 166 31 313
bottle 0.7663 279 148 308 297
bottle 0.7572 237 128 282 307
bottle 0.4849 344 150 376 298
bottle 0.3707 214 155 247 307
bottle 0.1669 387 132 435 207
bottle 0.0928 485 231 499 306
bottle 0.0925 314 133 344 196
bottle 0.0463 0 188 19 334
bottle 0.0237 450 132 496 217
bottle 0.0149 168 118 219 211
bottle 0.0145 245 124 283 184
bottle 0.0122 341 149 370 232
bottle 0.0119 2 163 37 244
bottle 0.0093 353 156 389 304
bottle 0.0091 223 126 267 290
bottle 0.0089 95 141 132 215
bottle 0.0083 312 126 346 238
bottle 0.0082 0 252 17 351
bottle 0.0077 146 158 182 228
bottle 0.0066 102 135 172 261
bottle 0.0064 449 150 482 212
bottle 0.0054 5 165 35 209
bottle 0.0053 38 167 76 216
bottle 0.0053 458 116 499 267
bottle 0.0049 0 160 23 230
bottle 0.0042 0 226 16 315
bottle 0.0039 477 130 499 306
bottle 0.0033 259 126 310 224
bottle 0.0032 340 151 366 200
bottle 0.0031 398 178 454 321
bottle 0.0027 277 150 305 222
bottle 0.0025 468 230 501 303
bottle 0.0018 327 146 365 244
bottle 0.0016 385 133 456 251
bottle 0.0015 351 182 377 273
bottle 0.0014 389 130 427 179
bottle 0.0014 214 161 243 246
bottle 0.0013 155 103 215 292
bottle 0.0012 1 207 25 298
bottle 0.0011 67 138 130 276
bottle 0.0011 488 260 499 316
bottle 0.0010 475 116 500 231
diningtable 0.2163 5 266 505 378
diningtable 0.0093 23 185 499 364
diningtable 0.0010 179 218 487 343
person 0.6940 164 109 218 178
person 0.0770 167 107 216 146
person 0.0725 122 136 176 219
person 0.0306 165 113 236 209
person 0.0159 388 132 428 186
person 0.0140 243 125 279 193
person 0.0110 238 125 284 261
person 0.0102 95 138 144 222
person 0.0077 143 146 181 215
person 0.0077 212 146 250 252
person 0.0062 131 132 169 186
person 0.0062 308 133 344 193
person 0.0059 187 124 275 214
person 0.0058 478 118 500 297
person 0.0055 212 148 253 199
person 0.0050 102 137 174 270
person 0.0044 136 126 181 264
person 0.0044 131 108 216 205
person 0.0034 0 59 31 222
person 0.0029 335 142 378 223
person 0.0025 140 108 307 198
person 0.0023 99 120 187 213
person 0.0022 0 63 15 223
person 0.0022 156 138 215 215
person 0.0020 202 113 258 195
person 0.0019 25 161 74 220
person 0.0018 122 106 168 194
person 0.0017 191 107 253 258
person 0.0017 1 158 61 222
person 0.0016 111 34 171 214
person 0.0016 178 141 219 206
person 0.0014 253 125 316 229
person 0.0012 -1 31 63 224
person 0.0012 196 140 249 220
person 0.0012 401 72 439 113
