bottle 0.0151 0 235 14 330
bottle 0.0045 269 119 282 147
chair 0.0876 461 179 500 366
chair 0.0467 451 83 499 218
chair 0.0079 0 239 17 370
chair 0.0068 450 88 500 356
chair 0.0050 448 85 500 154
chair 0.0033 456 120 500 265
chair 0.0032 365 77 502 362
chair 0.0028 474 148 500 318
chair 0.0016 0 242 34 371
chair 0.0012 473 95 499 238
chair 0.0011 324 200 491 361
chair 0.0011 298 128 333 150
chair 0.0011 411 177 497 371
person 0.0033 301 131 330 148
pottedplant 0.0259 460 95 499 348
pottedplant 0.0074 475 107 500 304
pottedplant 0.0028 477 183 500 233
pottedplant 0.0015 461 162 498 278
sofa 0.9016 7 148 482 355
tvmonitor 0.0046 185 130 217 152
