boat 0.2412 -5 70 473 302
bus 0.3789 -7 83 474 311
person 0.2146 274 160 308 191
person 0.0349 361 86 384 188
person 0.0323 144 167 180 209
person 0.0309 106 167 146 214
person 0.0077 258 153 291 195
person 0.0045 244 159 324 192
person 0.0044 121 163 172 210
person 0.0039 255 143 328 208
person 0.0038 196 166 243 201
person 0.0028 105 82 461 275
person 0.0025 125 165 204 217
person 0.0024 155 162 195 209
person 0.0024 2 191 47 245
person 0.0022 88 157 202 231
person 0.0022 0 161 8 196
person 0.0020 265 147 314 191
person 0.0018 78 154 156 214
person 0.0018 194 142 343 218
person 0.0015 94 163 135 217
person 0.0014 -8 93 359 289
person 0.0013 357 130 383 188
person 0.0012 350 98 379 180
person 0.0012 32 124 259 260
person 0.0011 0 153 12 189
