bottle 0.0022 212 149 302 356
bottle 0.0013 313 217 325 247
car 0.0013 228 132 300 226
chair 0.0150 142 241 222 374
chair 0.0055 2 107 220 376
chair 0.0053 3 258 159 377
chair 0.0041 0 167 133 376
chair 0.0023 217 114 305 356
chair 0.0023 227 134 292 227
chair 0.0019 0 123 58 372
chair 0.0017 99 188 229 375
chair 0.0016 361 92 498 364
chair 0.0014 0 279 44 373
chair 0.0010 158 94 331 368
person 0.6440 3 0 218 369
person 0.5275 234 2 396 339
person 0.4534 226 66 262 136
person 0.2369 374 2 498 368
person 0.1087 312 86 395 321
person 0.0617 463 28 500 378
person 0.0276 0 30 46 374
person 0.0206 173 65 189 87
person 0.0151 130 68 226 371
person 0.0097 230 68 285 142
person 0.0080 226 68 257 105
person 0.0077 225 51 296 237
person 0.0073 0 41 117 370
person 0.0064 298 4 480 322
person 0.0049 0 73 18 365
person 0.0046 470 158 499 377
person 0.0044 479 37 499 354
person 0.0037 226 21 359 243
person 0.0033 230 54 323 336
person 0.0020 333 73 447 360
person 0.0017 67 36 345 371
person 0.0014 231 82 298 178
person 0.0013 1 1 161 249
person 0.0013 113 65 155 108
person 0.0013 94 41 227 275
person 0.0011 228 63 266 193
person 0.0011 115 68 159 167
person 0.0010 196 96 303 365
tvmonitor 0.0010 1 241 150 374
