bicycle 0.0042 124 0 321 56
bird 0.0013 272 451 313 497
bird 0.0011 69 174 108 218
bottle 0.0043 274 452 307 494
bottle 0.0010 69 175 108 217
cat 0.0012 70 176 107 219
dog 0.9268 136 164 250 420
dog 0.0025 135 158 249 291
pottedplant 0.5400 322 109 367 197
pottedplant 0.1243 259 91 349 178
pottedplant 0.0790 350 179 374 215
pottedplant 0.0720 281 4 373 182
pottedplant 0.0490 325 142 365 208
pottedplant 0.0242 332 186 375 217
pottedplant 0.0133 286 101 370 203
pottedplant 0.0119 344 196 375 216
pottedplant 0.0118 326 174 364 217
pottedplant 0.0116 195 1 371 178
pottedplant 0.0112 363 190 374 216
pottedplant 0.0105 359 120 375 208
pottedplant 0.0098 329 201 375 240
pottedplant 0.0098 316 25 370 208
pottedplant 0.0060 356 167 375 209
pottedplant 0.0059 325 189 355 218
pottedplant 0.0055 362 173 376 216
pottedplant 0.0050 271 145 335 218
pottedplant 0.0045 310 183 370 232
pottedplant 0.0040 226 95 348 218
pottedplant 0.0036 288 166 328 206
pottedplant 0.0031 315 103 358 170
pottedplant 0.0022 236 49 357 168
pottedplant 0.0021 272 449 317 497
pottedplant 0.0021 257 172 329 248
pottedplant 0.0018 255 206 329 264
pottedplant 0.0016 282 173 328 231
pottedplant 0.0016 275 202 374 255
pottedplant 0.0014 268 448 369 499
pottedplant 0.0013 340 198 376 228
pottedplant 0.0012 131 18 372 240
pottedplant 0.0012 324 193 360 236
pottedplant 0.0011 120 -1 344 122
pottedplant 0.0011 122 0 293 48
