bottle 0.0237 119 138 139 182
bottle 0.0151 183 36 201 64
bottle 0.0030 174 32 206 71
bottle 0.0030 114 139 132 177
bottle 0.0020 177 36 194 64
bottle 0.0019 54 313 84 373
bottle 0.0017 0 306 57 374
bottle 0.0012 172 36 184 63
bottle 0.0012 53 339 81 374
bottle 0.0012 107 135 127 180
chair 0.6089 200 286 365 374
chair 0.0785 0 162 114 350
chair 0.0243 0 156 56 378
chair 0.0086 64 254 130 373
chair 0.0021 26 281 361 378
chair 0.0018 127 234 196 355
chair 0.0016 32 165 156 375
chair 0.0015 0 265 106 377
chair 0.0011 470 260 500 374
chair 0.0011 314 316 480 377
chair 0.0010 4 114 131 297
person 0.1299 -1 169 59 377
person 0.0475 0 278 59 377
person 0.0178 157 1 212 35
person 0.0152 0 103 101 366
person 0.0143 0 92 41 351
person 0.0042 0 99 20 368
person 0.0030 157 3 217 65
person 0.0027 -1 32 119 281
person 0.0020 149 9 252 159
pottedplant 0.6785 410 16 448 73
pottedplant 0.0284 2 38 121 117
pottedplant 0.0103 411 16 448 45
pottedplant 0.0041 0 41 120 189
pottedplant 0.0025 158 1 210 33
pottedplant 0.0021 371 1 414 52
pottedplant 0.0013 0 65 66 128
pottedplant 0.0011 357 0 459 168
sofa 0.0016 -1 42 122 164
tvmonitor 0.8576 259 56 362 150
tvmonitor 0.8016 150 54 253 171
tvmonitor 0.0085 8 161 107 255
tvmonitor 0.0030 131 230 189 275
tvmonitor 0.0021 0 44 121 187
