cow 0.8627 47 169 117 208
cow 0.0030 78 176 114 203
sheep 0.5681 473 277 493 292
sheep 0.1606 481 293 499 317
sheep 0.0690 480 294 500 337
sheep 0.0399 475 284 498 308
sheep 0.0338 490 228 500 241
sheep 0.0120 490 294 500 350
sheep 0.0090 474 271 495 289
sheep 0.0042 493 230 499 256
sheep 0.0028 489 288 499 313
sheep 0.0025 483 296 500 368
sheep 0.0023 488 216 500 242
sheep 0.0019 490 229 499 279
sheep 0.0017 492 200 500 244
sheep 0.0016 492 268 499 303
sheep 0.0016 488 229 500 258
sheep 0.0014 493 278 498 293
sheep 0.0013 494 227 499 275
sheep 0.0011 463 294 501 357
sheep 0.0010 484 240 499 300
sheep 0.0010 469 280 489 296
