bicycle 0.0012 78 191 145 227
car 0.0117 479 57 500 230
car 0.0101 482 77 499 180
car 0.0048 433 59 500 231
car 0.0030 335 77 493 234
car 0.0014 487 98 499 165
chair 0.0060 318 75 494 232
person 0.0595 115 0 282 196
person 0.0559 441 -2 499 223
person 0.0356 445 -1 500 119
person 0.0334 120 1 278 45
person 0.0102 384 -5 501 238
person 0.0072 292 0 458 86
person 0.0062 482 8 499 208
person 0.0054 113 11 198 230
person 0.0024 389 1 497 101
person 0.0021 289 0 497 215
person 0.0019 358 21 472 121
person 0.0014 369 2 464 86
person 0.0013 463 22 500 185
person 0.0013 119 0 278 102
person 0.0012 113 93 143 222
person 0.0011 293 0 379 58
person 0.0011 358 36 453 92
tvmonitor 0.6791 141 41 337 188
tvmonitor 0.0261 57 -26 513 321
tvmonitor 0.0252 115 9 387 266
tvmonitor 0.0095 115 -1 274 189
tvmonitor 0.0056 297 71 489 230
tvmonitor 0.0023 173 47 497 251
tvmonitor 0.0019 178 69 395 209
tvmonitor 0.0010 113 25 218 256
