chair 0.0106 369 250 419 303
chair 0.0020 89 225 128 281
chair 0.0014 452 260 496 307
person 0.5813 459 206 496 255
person 0.0135 433 194 483 251
person 0.0117 448 205 495 307
person 0.0073 438 210 489 263
person 0.0072 462 204 494 232
person 0.0071 475 204 498 249
person 0.0067 441 172 495 264
person 0.0043 483 142 499 188
person 0.0041 434 184 474 231
person 0.0035 445 187 494 237
person 0.0035 464 142 499 188
person 0.0025 354 140 501 312
person 0.0022 481 169 499 251
person 0.0022 492 221 499 261
person 0.0022 489 200 499 257
person 0.0022 410 174 484 262
person 0.0017 482 222 500 283
person 0.0016 463 143 500 245
person 0.0015 389 150 488 239
person 0.0015 484 231 499 260
person 0.0015 448 139 499 209
person 0.0014 466 192 498 238
person 0.0011 468 216 499 268
person 0.0010 477 221 499 256
person 0.0010 492 191 500 243
sofa 0.0501 355 124 504 315
sofa 0.0022 398 168 518 287
tvmonitor 0.7737 189 129 352 219
tvmonitor 0.0363 355 135 503 292
tvmonitor 0.0036 356 139 504 212
tvmonitor 0.0011 -2 -2 511 216
