bottle 0.0092 357 183 367 210
bottle 0.0076 335 193 347 215
bottle 0.0036 354 177 368 206
bottle 0.0026 353 191 365 212
bottle 0.0023 354 182 388 211
bottle 0.0014 322 299 456 377
bottle 0.0011 348 193 360 213
chair 0.8046 411 209 500 321
chair 0.5691 0 201 45 271
chair 0.3946 60 191 112 256
chair 0.3561 440 178 480 245
chair 0.2847 408 176 450 246
chair 0.1602 34 192 67 252
chair 0.1103 382 203 425 293
chair 0.0592 428 184 485 271
chair 0.0461 478 198 499 319
chair 0.0310 21 192 59 264
chair 0.0306 451 192 499 317
chair 0.0298 401 176 444 220
chair 0.0235 337 205 424 314
chair 0.0190 23 185 107 249
chair 0.0182 57 188 93 245
chair 0.0174 355 182 413 210
chair 0.0167 107 198 136 238
chair 0.0137 306 170 324 194
chair 0.0107 75 193 127 247
chair 0.0103 413 170 468 229
chair 0.0094 466 166 498 245
chair 0.0079 447 159 482 226
chair 0.0078 392 178 422 210
chair 0.0073 469 182 499 282
chair 0.0070 401 189 441 268
chair 0.0064 0 205 8 274
chair 0.0060 309 173 331 197
chair 0.0058 397 175 483 248
chair 0.0056 396 191 470 299
chair 0.0053 381 179 433 225
chair 0.0053 128 177 164 212
chair 0.0053 325 165 346 196
chair 0.0052 0 184 16 207
chair 0.0049 63 176 104 237
chair 0.0049 0 198 41 337
chair 0.0049 330 193 480 341
chair 0.0048 1 192 51 245
chair 0.0047 435 175 463 236
chair 0.0044 113 189 141 231
chair 0.0042 372 175 407 208
chair 0.0042 2 221 153 376
chair 0.0041 0 183 17 264
chair 0.0040 0 213 23 273
chair 0.0039 0 183 8 208
chair 0.0038 0 192 67 365
chair 0.0037 312 184 340 212
chair 0.0033 88 180 450 380
chair 0.0033 334 186 346 213
chair 0.0032 36 194 59 229
chair 0.0032 122 178 159 229
chair 0.0031 373 220 503 361
chair 0.0031 391 203 425 254
chair 0.0030 50 190 79 243
chair 0.0030 312 181 330 195
chair 0.0030 413 291 498 375
chair 0.0028 485 231 499 345
chair 0.0028 315 180 339 195
chair 0.0025 0 189 6 211
chair 0.0025 331 176 349 213
chair 0.0023 320 170 337 195
chair 0.0022 419 190 456 258
chair 0.0022 327 179 343 196
chair 0.0022 325 191 343 215
chair 0.0021 44 186 145 259
chair 0.0020 458 183 492 227
chair 0.0019 379 241 420 298
chair 0.0019 400 184 420 215
chair 0.0019 44 195 66 232
chair 0.0017 100 179 153 251
chair 0.0017 1 191 23 209
chair 0.0016 483 156 500 236
chair 0.0015 86 188 119 235
chair 0.0015 0 234 30 375
chair 0.0015 120 174 149 207
chair 0.0015 326 208 395 255
chair 0.0015 0 179 19 225
chair 0.0014 303 179 319 195
chair 0.0013 479 179 500 253
chair 0.0013 297 173 308 194
chair 0.0011 409 179 435 214
chair 0.0010 245 190 438 364
chair 0.0010 0 211 12 376
diningtable 0.1375 333 199 422 260
diningtable 0.0434 10 196 99 263
diningtable 0.0375 342 185 421 233
diningtable 0.0217 335 205 427 315
diningtable 0.0165 348 181 412 211
diningtable 0.0159 0 238 109 377
diningtable 0.0088 6 188 53 234
diningtable 0.0086 408 170 471 229
diningtable 0.0076 328 174 405 247
diningtable 0.0058 333 223 490 373
diningtable 0.0051 263 186 428 260
diningtable 0.0039 369 182 446 254
diningtable 0.0037 221 95 488 341
diningtable 0.0035 309 154 427 273
diningtable 0.0025 315 209 392 272
diningtable 0.0025 375 210 497 325
diningtable 0.0024 3 191 41 211
diningtable 0.0019 3 224 216 375
diningtable 0.0016 326 188 357 217
diningtable 0.0013 1 209 53 375
diningtable 0.0013 343 174 372 209
diningtable 0.0010 330 233 410 345
person 0.8073 97 14 439 378
person 0.6931 349 152 377 185
person 0.6417 381 160 403 180
person 0.5276 325 155 347 183
person 0.3260 330 153 365 185
person 0.1817 333 298 476 377
person 0.1196 346 151 366 179
person 0.0248 487 146 499 181
person 0.0240 341 152 370 201
person 0.0218 486 149 499 207
person 0.0210 312 155 331 178
person 0.0210 333 157 352 184
person 0.0203 320 156 342 193
person 0.0183 372 161 389 182
person 0.0170 306 166 324 195
person 0.0165 307 154 335 189
person 0.0154 482 148 500 242
person 0.0110 374 157 402 191
person 0.0092 479 146 500 190
person 0.0087 329 162 348 197
person 0.0085 363 159 392 179
person 0.0081 247 104 413 234
person 0.0065 471 148 499 218
person 0.0057 324 160 357 205
person 0.0057 452 138 493 225
person 0.0056 334 222 490 373
person 0.0056 445 157 483 232
person 0.0045 15 24 323 356
person 0.0042 452 144 483 200
person 0.0042 493 140 500 171
person 0.0041 353 159 371 206
person 0.0034 382 161 411 193
person 0.0032 318 149 354 188
person 0.0031 231 74 465 269
person 0.0029 345 151 393 194
person 0.0025 319 155 339 174
person 0.0023 304 142 326 199
person 0.0013 302 157 323 190
person 0.0012 419 158 426 175
person 0.0010 336 165 353 198
person 0.0010 358 162 382 185
pottedplant 0.7362 54 139 96 198
pottedplant 0.5056 23 154 53 196
pottedplant 0.2903 89 155 125 198
pottedplant 0.1910 94 151 140 204
pottedplant 0.1723 101 83 162 205
pottedplant 0.1464 22 160 40 194
pottedplant 0.0718 0 166 19 186
pottedplant 0.0570 104 133 155 204
pottedplant 0.0518 1 162 26 193
pottedplant 0.0253 106 155 134 221
pottedplant 0.0244 88 160 111 193
pottedplant 0.0228 104 77 154 134
pottedplant 0.0190 0 173 39 235
pottedplant 0.0188 0 178 28 206
pottedplant 0.0171 27 148 75 196
pottedplant 0.0170 119 149 151 204
pottedplant 0.0150 66 175 91 199
pottedplant 0.0134 0 175 16 204
pottedplant 0.0100 112 121 175 222
pottedplant 0.0100 446 157 481 233
pottedplant 0.0098 37 156 65 195
pottedplant 0.0093 20 177 35 195
pottedplant 0.0076 13 170 37 196
pottedplant 0.0073 409 167 464 221
pottedplant 0.0072 76 168 113 209
pottedplant 0.0068 4 152 41 194
pottedplant 0.0065 312 148 338 186
pottedplant 0.0065 133 134 173 203
pottedplant 0.0062 70 153 106 199
pottedplant 0.0047 39 134 130 205
pottedplant 0.0043 306 155 327 179
pottedplant 0.0043 145 153 183 202
pottedplant 0.0041 0 163 11 184
pottedplant 0.0038 17 181 32 196
pottedplant 0.0036 63 162 94 211
pottedplant 0.0035 0 165 11 202
pottedplant 0.0030 92 159 128 234
pottedplant 0.0029 100 50 195 203
pottedplant 0.0028 78 170 102 197
pottedplant 0.0027 0 152 25 184
pottedplant 0.0027 440 144 479 198
pottedplant 0.0026 118 117 160 194
pottedplant 0.0023 49 153 74 195
pottedplant 0.0023 38 173 74 217
pottedplant 0.0022 428 147 459 182
pottedplant 0.0022 133 163 162 207
pottedplant 0.0021 103 37 162 137
pottedplant 0.0020 64 130 113 200
pottedplant 0.0019 314 154 329 174
pottedplant 0.0018 435 149 456 173
pottedplant 0.0017 46 123 176 249
pottedplant 0.0015 87 175 106 198
pottedplant 0.0015 44 34 271 295
pottedplant 0.0015 22 176 54 196
pottedplant 0.0014 -13 131 97 215
pottedplant 0.0014 437 144 470 175
pottedplant 0.0014 422 153 444 180
pottedplant 0.0013 102 85 139 154
pottedplant 0.0013 110 172 131 206
pottedplant 0.0012 419 157 432 175
pottedplant 0.0011 140 118 183 195
pottedplant 0.0011 9 186 37 206
pottedplant 0.0010 0 93 40 145
