aeroplane 0.9299 81 140 159 174
aeroplane 0.9297 49 82 130 121
aeroplane 0.9232 200 59 280 104
aeroplane 0.9204 211 133 288 168
aeroplane 0.9158 339 50 422 81
aeroplane 0.9142 87 219 164 248
aeroplane 0.0077 67 262 93 279
aeroplane 0.0039 129 220 164 244
aeroplane 0.0028 0 172 15 220
aeroplane 0.0025 95 86 131 112
aeroplane 0.0020 254 136 291 161
aeroplane 0.0019 0 183 6 216
aeroplane 0.0019 120 142 157 166
aeroplane 0.0015 0 188 19 231
aeroplane 0.0014 0 130 14 217
aeroplane 0.0011 64 247 105 275
