bus 0.0803 431 129 499 234
bus 0.0386 332 158 439 219
bus 0.0343 330 137 496 218
bus 0.0036 375 171 502 237
bus 0.0018 345 152 430 197
car 0.8385 338 190 434 230
car 0.7759 2 192 75 261
car 0.6940 193 174 293 233
car 0.3857 447 183 499 235
car 0.0146 434 363 474 375
car 0.0106 1 184 75 322
car 0.0053 385 189 435 228
car 0.0050 476 185 499 235
car 0.0042 341 177 487 221
car 0.0039 0 178 11 239
car 0.0038 459 192 498 255
car 0.0029 385 184 494 232
car 0.0028 210 175 258 231
car 0.0027 0 170 52 248
car 0.0027 273 179 308 227
car 0.0026 0 178 12 312
car 0.0023 259 191 294 232
car 0.0022 0 177 34 304
car 0.0020 333 195 388 228
car 0.0018 443 193 481 233
car 0.0017 2 190 68 220
car 0.0015 452 182 500 294
car 0.0015 0 172 26 245
car 0.0014 356 188 434 215
car 0.0014 483 172 499 225
car 0.0013 0 171 8 224
car 0.0012 396 185 433 214
car 0.0011 2 184 21 221
car 0.0010 403 194 434 231
car 0.0010 3 183 36 213
car 0.0010 491 170 499 225
person 0.0470 296 167 315 214
person 0.0022 0 181 7 228
person 0.0016 1 189 12 220
