bicycle 0.0355 103 168 184 267
bicycle 0.0224 39 177 92 251
bicycle 0.0016 50 196 85 249
bicycle 0.0015 127 212 168 267
bicycle 0.0011 99 134 272 297
boat 0.0061 6 160 463 359
bottle 0.0015 312 125 329 161
car 0.0079 214 141 288 175
car 0.0015 47 74 368 294
chair 0.0020 182 153 472 373
motorbike 0.0105 32 162 97 248
motorbike 0.0025 43 183 85 249
person 0.8486 30 106 98 250
person 0.8486 112 102 193 267
person 0.5421 179 106 314 332
person 0.0697 313 127 328 167
person 0.0488 127 125 384 341
person 0.0414 211 104 282 176
person 0.0049 101 117 251 272
person 0.0046 26 109 86 196
person 0.0037 198 110 293 243
person 0.0016 75 134 98 169
person 0.0012 30 126 65 192
person 0.0011 44 119 101 190
person 0.0010 224 104 265 142
sofa 0.0216 128 146 453 359
tvmonitor 0.0135 167 149 455 366
tvmonitor 0.0010 449 76 499 378
