aeroplane 0.0031 357 180 500 251
boat 0.4447 39 -1 290 281
boat 0.0063 40 81 482 272
boat 0.0020 65 155 463 261
boat 0.0019 57 8 262 177
boat 0.0013 165 107 245 167
boat 0.0010 139 96 275 220
bus 0.0134 195 289 385 332
bus 0.0015 289 293 376 330
car 0.0331 251 271 294 290
car 0.0026 433 249 498 288
car 0.0025 245 272 309 301
car 0.0024 237 279 314 315
car 0.0014 217 265 350 299
person 0.4158 162 102 233 146
person 0.0134 146 89 254 181
person 0.0025 182 105 212 141
person 0.0018 172 108 240 166
person 0.0012 378 30 497 237
train 0.0122 198 287 390 329
train 0.0040 212 214 316 249
train 0.0022 195 205 349 254
train 0.0017 214 228 303 259
train 0.0013 53 132 510 268
train 0.0010 190 231 496 324
