bicycle 0.0053 454 351 499 405
bicycle 0.0016 0 364 80 436
bicycle 0.0014 0 391 12 437
bird 0.0031 431 76 474 96
chair 0.0052 310 291 384 403
chair 0.0019 296 248 378 355
chair 0.0014 453 357 500 408
dog 0.6459 184 343 295 401
dog 0.0166 290 376 390 407
dog 0.0043 264 374 357 402
dog 0.0036 326 381 405 409
dog 0.0030 211 358 374 400
horse 0.0015 58 92 322 333
person 0.8641 184 117 252 319
person 0.8201 94 134 173 372
person 0.1409 76 250 121 379
person 0.0788 260 132 359 364
person 0.0182 79 245 116 315
person 0.0172 200 119 298 317
person 0.0137 48 246 121 416
person 0.0116 68 148 144 375
person 0.0074 248 127 322 326
person 0.0070 286 110 359 295
person 0.0042 142 151 196 308
person 0.0025 10 113 175 428
person 0.0021 120 152 201 367
person 0.0019 64 246 151 389
person 0.0011 266 84 447 409
person 0.0010 68 255 103 332
pottedplant 0.0363 297 129 358 190
pottedplant 0.0020 452 348 500 406
pottedplant 0.0010 463 304 500 408
