aeroplane 0.8647 9 98 495 224
aeroplane 0.0736 0 200 48 265
aeroplane 0.0221 -1 233 41 268
aeroplane 0.0170 390 162 499 214
aeroplane 0.0140 232 89 504 215
aeroplane 0.0136 8 185 152 225
aeroplane 0.0125 1 199 72 235
aeroplane 0.0118 408 179 499 225
aeroplane 0.0113 434 144 500 183
aeroplane 0.0079 330 167 497 226
aeroplane 0.0073 0 201 89 256
aeroplane 0.0070 462 143 500 175
aeroplane 0.0064 -1 141 61 252
aeroplane 0.0057 387 140 499 197
aeroplane 0.0056 106 199 154 215
aeroplane 0.0044 172 231 197 246
aeroplane 0.0044 398 155 496 185
aeroplane 0.0042 282 181 344 207
aeroplane 0.0042 28 192 176 216
aeroplane 0.0040 478 144 499 172
aeroplane 0.0035 0 152 129 229
aeroplane 0.0035 0 146 35 241
aeroplane 0.0033 0 194 58 222
aeroplane 0.0031 293 177 435 223
aeroplane 0.0031 13 115 276 218
aeroplane 0.0030 490 191 501 242
aeroplane 0.0025 17 170 186 217
aeroplane 0.0023 0 148 17 263
aeroplane 0.0022 357 92 501 188
aeroplane 0.0022 464 157 500 209
aeroplane 0.0020 465 181 499 224
aeroplane 0.0019 279 216 389 266
aeroplane 0.0017 483 185 500 231
aeroplane 0.0016 259 139 485 216
aeroplane 0.0015 0 129 28 214
aeroplane 0.0014 491 179 500 226
aeroplane 0.0014 0 214 20 267
aeroplane 0.0012 102 204 146 213
aeroplane 0.0012 0 125 13 214
aeroplane 0.0012 0 235 5 263
aeroplane 0.0011 250 223 326 257
aeroplane 0.0010 389 182 498 256
car 0.0036 109 204 146 214
cow 0.0052 493 228 499 246
person 0.0029 494 224 500 246
