bicycle 0.4765 160 274 473 374
bicycle 0.0123 163 180 463 381
bicycle 0.0021 37 208 405 374
bicycle 0.0020 98 279 353 373
bicycle 0.0011 3 174 267 370
bird 0.0061 161 173 247 268
bird 0.0012 195 178 248 248
bottle 0.0341 191 180 247 231
bottle 0.0199 167 180 250 259
bottle 0.0020 286 298 325 336
bottle 0.0019 168 315 289 374
car 0.0029 428 72 500 373
car 0.0022 471 97 490 114
chair 0.0082 1 94 183 374
chair 0.0032 0 113 80 374
motorbike 0.0044 65 171 414 376
person 0.9032 0 67 248 376
person 0.8855 178 92 440 376
person 0.0140 89 94 278 353
person 0.0079 142 160 262 292
person 0.0050 180 178 261 265
person 0.0033 133 178 295 369
person 0.0016 135 106 327 305
