aeroplane 0.0015 490 31 499 60
bottle 0.1086 161 237 200 336
bottle 0.0574 132 174 234 357
bottle 0.0179 161 266 187 334
bottle 0.0013 153 206 218 335
bottle 0.0011 65 225 253 371
bottle 0.0010 171 259 199 329
chair 0.0049 300 143 500 372
chair 0.0020 0 227 129 373
chair 0.0011 2 162 222 371
person 0.4390 230 139 415 372
person 0.3952 46 132 387 378
person 0.1789 2 73 219 372
person 0.1747 259 92 500 375
person 0.0145 69 141 239 353
person 0.0035 155 147 332 382
person 0.0031 283 94 497 252
person 0.0013 232 140 336 303
person 0.0010 88 139 218 217
sofa 0.0330 44 104 519 375
sofa 0.0231 263 157 502 372
tvmonitor 0.0044 7 0 266 57
