bottle 0.8296 298 155 313 197
bottle 0.0095 295 149 315 216
bottle 0.0039 296 131 312 192
bottle 0.0016 414 102 432 157
bottle 0.0010 417 121 431 158
bottle 0.0010 453 122 463 153
chair 0.7422 280 183 373 322
chair 0.7082 101 191 213 345
chair 0.5689 144 184 226 324
chair 0.4993 202 195 318 362
chair 0.4404 0 277 144 376
chair 0.2551 112 190 350 367
chair 0.1845 213 184 274 279
chair 0.0565 490 200 499 289
chair 0.0558 180 184 287 302
chair 0.0539 389 198 430 290
chair 0.0326 228 194 356 320
chair 0.0251 452 170 499 245
chair 0.0202 412 159 437 222
chair 0.0166 149 181 218 262
chair 0.0134 320 182 372 306
chair 0.0132 484 157 500 284
chair 0.0119 493 220 500 296
chair 0.0106 263 194 328 300
chair 0.0094 468 172 500 289
chair 0.0065 101 194 166 315
chair 0.0058 428 164 453 220
chair 0.0048 154 182 213 203
chair 0.0034 151 180 215 223
chair 0.0033 412 186 468 261
chair 0.0022 463 105 499 256
chair 0.0016 278 135 317 261
chair 0.0016 0 190 9 300
chair 0.0014 0 207 5 288
chair 0.0013 274 164 341 276
chair 0.0012 416 140 498 272
chair 0.0012 0 268 14 374
chair 0.0011 308 181 368 252
chair 0.0011 479 176 499 253
chair 0.0010 190 202 262 371
diningtable 0.5676 112 192 350 366
diningtable 0.0029 442 117 498 250
diningtable 0.0016 449 193 501 284
diningtable 0.0011 416 167 500 272
person 0.0272 479 108 500 152
person 0.0087 485 103 499 239
person 0.0026 488 101 500 147
person 0.0023 463 108 499 248
pottedplant 0.0019 418 216 450 251
pottedplant 0.0011 403 212 453 267
sofa 0.0049 -2 253 153 377
