bicycle 0.1208 12 445 188 496
bicycle 0.0083 90 446 185 486
bicycle 0.0062 32 385 187 489
bicycle 0.0018 6 470 121 500
bicycle 0.0016 27 443 95 497
bicycle 0.0013 26 478 187 500
bottle 0.0013 134 224 155 269
chair 0.0042 105 234 332 487
chair 0.0011 301 436 359 500
motorbike 0.0037 92 443 187 480
person 0.7128 45 34 202 500
person 0.0627 89 160 162 491
person 0.0298 25 109 47 175
person 0.0291 17 143 147 491
person 0.0178 52 34 210 235
person 0.0097 26 208 87 480
person 0.0040 94 109 210 449
person 0.0021 97 379 185 481
person 0.0014 32 371 190 490
person 0.0010 17 221 266 497
sofa 0.0010 11 221 276 496
