aeroplane 0.4621 94 231 472 342
aeroplane 0.1713 398 322 463 341
aeroplane 0.0778 446 299 499 340
aeroplane 0.0362 447 279 499 317
aeroplane 0.0202 411 317 491 342
aeroplane 0.0124 389 281 495 343
aeroplane 0.0106 455 259 499 312
aeroplane 0.0056 473 286 498 328
aeroplane 0.0053 426 286 499 331
aeroplane 0.0044 313 295 471 339
aeroplane 0.0041 375 238 500 327
aeroplane 0.0040 338 262 492 340
aeroplane 0.0039 246 277 474 339
aeroplane 0.0037 447 291 487 314
aeroplane 0.0036 393 325 432 339
aeroplane 0.0036 471 276 498 313
aeroplane 0.0035 431 308 499 357
aeroplane 0.0035 330 358 354 371
aeroplane 0.0032 3 228 319 340
aeroplane 0.0031 2 84 507 389
aeroplane 0.0030 456 322 499 364
aeroplane 0.0030 453 228 499 295
aeroplane 0.0027 342 338 457 368
aeroplane 0.0026 397 306 472 346
aeroplane 0.0023 488 332 499 361
aeroplane 0.0020 492 337 499 358
aeroplane 0.0019 322 369 359 402
aeroplane 0.0019 0 256 219 345
aeroplane 0.0018 399 273 496 318
aeroplane 0.0018 437 323 461 341
aeroplane 0.0017 290 228 495 332
aeroplane 0.0017 418 327 460 342
aeroplane 0.0017 350 349 481 373
aeroplane 0.0016 481 310 499 348
aeroplane 0.0016 337 316 456 341
aeroplane 0.0014 331 345 410 374
aeroplane 0.0010 329 353 359 377
bus 0.0070 0 325 17 348
bus 0.0027 247 341 277 355
bus 0.0010 1 302 77 342
car 0.0241 0 325 17 347
car 0.0121 396 325 450 341
car 0.0072 398 327 422 340
car 0.0051 248 340 277 354
