bottle 0.0012 228 210 258 259
chair 0.6966 114 233 150 284
chair 0.0121 63 200 123 308
chair 0.0101 112 232 152 326
chair 0.0056 76 220 169 292
chair 0.0034 44 216 76 315
chair 0.0020 108 223 209 323
chair 0.0019 119 200 156 286
chair 0.0017 112 232 135 275
diningtable 0.0025 175 228 257 321
person 0.7516 127 154 198 314
person 0.7356 250 158 307 311
person 0.6738 29 171 91 309
person 0.0819 228 229 258 285
person 0.0476 229 199 264 302
person 0.0352 43 172 118 295
person 0.0205 236 169 271 281
person 0.0165 128 159 165 287
person 0.0145 29 173 84 227
person 0.0130 152 157 221 320
person 0.0071 230 187 262 252
person 0.0053 273 159 314 329
person 0.0049 185 205 257 312
person 0.0049 231 211 260 268
person 0.0039 216 146 311 346
person 0.0029 238 165 267 233
person 0.0023 236 205 262 243
person 0.0021 173 171 218 263
person 0.0021 184 192 222 236
person 0.0019 170 132 260 328
person 0.0016 67 81 276 325
person 0.0016 129 157 209 243
person 0.0016 214 154 265 283
person 0.0015 98 121 240 282
person 0.0015 222 233 259 320
person 0.0014 175 191 230 326
person 0.0011 34 173 119 238
person 0.0011 243 161 284 232
