car 0.7825 430 140 483 157
car 0.0489 375 136 419 152
car 0.0201 455 141 481 158
car 0.0053 398 139 474 157
car 0.0051 385 138 439 153
car 0.0046 337 138 358 152
car 0.0014 324 134 360 153
car 0.0014 391 138 418 151
car 0.0012 416 140 453 157
car 0.0010 471 140 488 159
dog 0.7939 284 188 388 264
dog 0.7085 172 188 226 280
dog 0.0015 304 214 394 267
horse 0.3866 281 188 389 265
horse 0.0012 159 189 224 282
horse 0.0011 124 117 176 160
person 0.8641 60 93 137 275
person 0.7197 347 165 381 212
person 0.7195 320 162 350 212
person 0.0494 363 167 384 210
person 0.0134 323 162 344 185
person 0.0067 344 165 377 191
person 0.0051 318 180 389 265
person 0.0040 346 174 385 233
person 0.0036 294 156 399 234
person 0.0025 326 160 343 175
person 0.0022 343 168 370 206
person 0.0019 326 160 353 191
person 0.0016 328 168 355 207
person 0.0015 321 181 385 225
person 0.0011 324 177 363 215
person 0.0010 324 161 384 195
person 0.0010 353 164 373 183
