bicycle 0.0029 279 6 447 198
bottle 0.0052 49 149 124 240
bottle 0.0032 6 118 126 302
bottle 0.0021 0 196 64 297
car 0.0010 0 68 58 187
chair 0.0013 75 134 477 433
dog 0.5816 41 228 260 449
dog 0.0643 221 294 391 427
dog 0.0216 14 112 378 472
dog 0.0193 337 129 442 245
dog 0.0137 3 139 130 299
dog 0.0100 56 143 123 248
dog 0.0089 83 241 457 441
dog 0.0047 3 114 147 398
dog 0.0029 41 123 144 262
dog 0.0025 0 200 67 323
dog 0.0025 287 85 446 249
dog 0.0021 4 65 197 314
dog 0.0012 220 259 501 423
dog 0.0010 225 282 344 393
motorbike 0.0014 295 3 444 210
person 0.5322 118 20 414 422
person 0.0073 0 62 37 149
person 0.0052 -20 57 346 448
person 0.0044 34 3 391 284
person 0.0044 0 57 58 176
person 0.0042 217 89 396 419
person 0.0034 221 52 456 306
person 0.0011 0 46 29 124
person 0.0010 289 102 484 418
pottedplant 0.0010 316 3 441 141
pottedplant 0.0010 295 25 444 213
