bird 0.2727 112 43 358 349
bird 0.1308 252 152 376 354
bird 0.0548 103 46 243 312
bird 0.0521 309 251 373 366
bird 0.0266 213 76 368 334
bird 0.0210 104 51 216 142
bird 0.0166 306 169 384 351
bird 0.0151 191 8 422 357
bird 0.0124 249 213 364 327
bird 0.0111 277 12 499 374
bird 0.0086 151 136 326 343
bird 0.0081 194 201 335 340
bird 0.0071 103 40 314 225
bird 0.0049 329 289 379 368
bird 0.0047 214 235 371 369
bird 0.0038 273 98 430 361
bird 0.0025 213 209 294 326
bird 0.0021 105 61 234 194
bird 0.0018 251 210 317 305
bird 0.0017 307 197 449 368
bird 0.0012 322 241 420 365
bird 0.0012 198 248 287 338
bird 0.0011 246 182 368 285
bird 0.0010 387 57 498 381
bird 0.0010 157 30 314 168
bottle 0.0150 0 262 102 375
cat 0.0066 106 52 210 138
chair 0.0264 0 264 101 375
chair 0.0021 1 262 235 377
dog 0.0078 105 54 211 146
person 0.0036 133 286 248 373
person 0.0030 0 71 91 382
person 0.0017 415 19 501 379
