aeroplane 0.3092 290 82 501 173
aeroplane 0.0118 288 106 432 168
bus 0.0780 2 13 260 196
car 0.8235 150 158 306 214
car 0.1400 299 62 359 94
car 0.1392 2 116 260 196
car 0.0359 218 81 258 160
car 0.0295 471 173 500 215
car 0.0287 303 75 349 100
car 0.0227 285 95 432 166
car 0.0206 0 156 20 201
car 0.0123 0 138 185 199
car 0.0085 0 153 62 201
car 0.0037 213 120 262 159
car 0.0033 184 77 255 159
car 0.0023 231 159 320 204
car 0.0022 187 115 285 179
car 0.0020 459 147 499 214
car 0.0020 0 158 10 204
car 0.0017 71 71 291 168
car 0.0017 220 135 251 161
car 0.0017 277 110 392 159
car 0.0016 -14 112 340 262
car 0.0014 -4 190 333 324
car 0.0012 0 173 6 203
car 0.0012 154 175 323 253
car 0.0011 18 152 308 224
car 0.0010 186 198 244 256
car 0.0010 288 77 394 127
person 0.8142 308 144 334 209
person 0.7191 383 164 411 234
person 0.3363 312 92 334 110
person 0.2438 283 96 303 147
person 0.0502 281 90 326 150
person 0.0369 305 79 343 104
person 0.0183 346 84 366 105
person 0.0054 320 83 370 106
person 0.0052 349 84 383 105
person 0.0048 314 86 344 108
person 0.0042 416 111 438 171
person 0.0041 222 140 247 162
person 0.0040 300 73 354 123
person 0.0036 315 74 372 99
person 0.0034 278 94 297 141
person 0.0032 387 111 429 173
person 0.0022 486 104 499 146
person 0.0017 109 236 130 278
person 0.0016 486 101 500 214
person 0.0014 297 126 403 216
person 0.0013 365 99 448 171
person 0.0013 421 112 444 155
person 0.0013 255 84 397 162
person 0.0012 294 90 330 119
person 0.0012 279 133 497 246
person 0.0011 400 101 438 170
person 0.0011 341 86 359 104
person 0.0010 306 78 406 117
pottedplant 0.0040 432 105 497 155
pottedplant 0.0021 367 83 389 102
pottedplant 0.0010 439 110 479 149
