bottle 0.7792 24 153 49 249
bottle 0.7532 315 48 331 89
bottle 0.7528 1 160 25 245
bottle 0.6935 336 47 355 87
bottle 0.3369 341 48 368 87
bottle 0.3167 354 49 370 87
bottle 0.1298 92 155 108 180
bottle 0.0885 85 155 93 181
bottle 0.0550 79 156 89 182
bottle 0.0541 320 49 341 87
bottle 0.0373 0 162 8 245
bottle 0.0294 25 151 40 186
bottle 0.0249 63 157 75 181
bottle 0.0213 309 47 352 89
bottle 0.0205 292 36 322 85
bottle 0.0170 75 156 84 182
bottle 0.0128 2 156 18 219
bottle 0.0121 271 11 311 64
bottle 0.0073 337 141 363 201
bottle 0.0068 374 164 396 204
bottle 0.0066 23 150 43 211
bottle 0.0066 0 117 16 223
bottle 0.0062 312 45 333 126
bottle 0.0055 307 48 326 87
bottle 0.0054 56 159 68 182
bottle 0.0041 51 160 60 181
bottle 0.0040 0 172 17 275
bottle 0.0040 82 152 113 185
bottle 0.0039 41 155 59 240
bottle 0.0032 0 135 26 208
bottle 0.0032 316 47 329 67
bottle 0.0024 339 46 352 67
bottle 0.0023 3 163 16 187
bottle 0.0021 0 138 43 373
bottle 0.0020 0 139 7 208
bottle 0.0020 31 193 47 254
bottle 0.0019 33 214 44 247
bottle 0.0018 47 158 64 233
bottle 0.0017 0 122 10 196
bottle 0.0017 4 154 19 193
bottle 0.0015 50 158 61 198
bottle 0.0012 22 165 41 235
bottle 0.0011 351 173 368 196
bottle 0.0011 307 95 320 126
bottle 0.0010 10 148 107 282
bottle 0.0010 301 49 322 82
bottle 0.0010 337 48 356 128
chair 0.0040 0 277 52 375
diningtable 0.0127 -1 203 138 373
diningtable 0.0018 318 144 420 370
diningtable 0.0016 -3 131 67 374
diningtable 0.0010 -11 120 132 318
diningtable 0.0010 327 166 406 215
person 0.9026 130 39 337 378
person 0.8731 371 21 501 376
person 0.1928 405 131 431 174
person 0.1192 332 134 363 200
person 0.0855 394 116 439 217
person 0.0605 298 147 330 190
person 0.0313 421 94 448 133
person 0.0310 130 67 224 375
person 0.0246 428 95 450 117
person 0.0208 416 93 448 162
person 0.0198 406 113 439 167
person 0.0136 131 122 214 239
person 0.0121 397 135 429 198
person 0.0120 310 141 353 194
person 0.0108 398 84 449 248
person 0.0105 309 151 329 185
person 0.0077 406 96 427 125
person 0.0076 407 67 463 175
person 0.0072 405 132 441 191
person 0.0066 261 72 343 373
person 0.0064 350 93 460 378
person 0.0051 418 96 439 124
person 0.0048 443 14 500 375
person 0.0044 411 131 436 163
person 0.0043 336 134 364 168
person 0.0040 375 134 431 212
person 0.0040 281 139 328 202
person 0.0039 0 178 47 376
person 0.0038 217 89 395 305
person 0.0026 374 165 399 203
person 0.0025 412 13 495 229
person 0.0021 404 144 426 181
person 0.0015 292 146 317 187
person 0.0014 0 111 18 186
person 0.0013 276 107 337 278
person 0.0013 302 91 427 285
person 0.0013 203 33 470 344
person 0.0012 407 97 435 143
person 0.0011 484 57 500 380
person 0.0011 265 116 401 227
person 0.0010 429 91 454 143
tvmonitor 0.0402 110 58 189 128
tvmonitor 0.0014 109 55 209 170
