bottle 0.3220 364 21 397 97
bottle 0.1454 376 26 423 99
bottle 0.1023 304 45 355 80
bottle 0.0549 400 32 427 94
bottle 0.0362 1 3 124 134
bottle 0.0308 27 50 104 130
bottle 0.0299 43 62 91 125
bottle 0.0245 342 37 370 91
bottle 0.0183 323 28 357 74
bottle 0.0146 218 73 264 113
bottle 0.0142 321 45 366 92
bottle 0.0102 382 19 410 60
bottle 0.0100 65 70 150 132
bottle 0.0095 434 123 499 181
bottle 0.0077 338 26 372 75
bottle 0.0069 179 100 254 180
bottle 0.0064 81 79 133 124
bottle 0.0061 150 48 214 103
bottle 0.0059 363 174 497 333
bottle 0.0057 365 14 393 66
bottle 0.0055 272 45 338 82
bottle 0.0055 368 5 441 64
bottle 0.0054 155 91 208 152
bottle 0.0054 430 119 476 168
bottle 0.0052 57 19 143 132
bottle 0.0049 461 -2 500 68
bottle 0.0046 107 76 156 136
bottle 0.0043 391 131 496 282
bottle 0.0043 170 93 210 135
bottle 0.0042 346 11 399 68
bottle 0.0041 167 70 260 147
bottle 0.0039 348 22 433 105
bottle 0.0036 385 21 415 82
bottle 0.0033 389 19 445 89
bottle 0.0031 356 52 387 98
bottle 0.0029 3 36 157 205
bottle 0.0029 165 53 235 108
bottle 0.0026 396 95 498 178
bottle 0.0026 137 23 218 97
bottle 0.0024 269 44 311 89
bottle 0.0023 184 75 258 120
bottle 0.0023 120 76 157 116
bottle 0.0023 174 89 236 137
bottle 0.0022 214 84 242 114
bottle 0.0021 123 56 210 153
bottle 0.0021 391 23 423 66
bottle 0.0021 302 19 366 72
bottle 0.0020 46 68 161 163
bottle 0.0020 326 45 351 79
bottle 0.0020 358 19 388 83
bottle 0.0018 173 54 216 97
bottle 0.0017 165 61 216 136
bottle 0.0017 379 37 438 140
bottle 0.0017 340 41 451 144
bottle 0.0015 120 80 161 158
bottle 0.0015 424 0 489 69
bottle 0.0015 218 51 268 107
bottle 0.0014 82 70 196 170
bottle 0.0014 264 67 327 129
bottle 0.0013 260 67 294 127
bottle 0.0013 322 22 369 57
bottle 0.0012 86 35 170 126
bottle 0.0011 373 5 417 51
bottle 0.0011 131 70 160 106
bottle 0.0010 301 42 391 120
bottle 0.0010 308 49 337 77
bottle 0.0010 345 39 366 74
chair 0.0092 452 185 500 330
chair 0.0025 136 21 219 98
diningtable 0.0185 175 98 502 312
diningtable 0.0024 -6 62 329 310
diningtable 0.0012 237 74 497 196
dog 0.7653 178 131 364 287
dog 0.0309 192 130 281 183
dog 0.0118 176 115 506 318
dog 0.0111 193 126 321 205
dog 0.0033 166 113 267 196
dog 0.0030 199 132 247 182
dog 0.0016 190 92 260 181
dog 0.0010 133 77 413 251
person 0.0592 0 3 81 129
person 0.0105 1 17 124 173
person 0.0078 69 3 142 98
person 0.0055 0 2 73 73
person 0.0047 461 0 500 79
person 0.0045 347 134 496 333
person 0.0039 0 14 54 179
person 0.0035 4 0 146 105
person 0.0033 401 165 465 257
person 0.0029 431 121 500 285
person 0.0028 0 3 77 288
person 0.0026 0 10 166 287
person 0.0023 388 148 480 292
person 0.0023 458 0 499 148
person 0.0022 124 3 210 90
person 0.0018 403 0 481 64
person 0.0013 71 0 134 54
person 0.0010 0 34 40 278
person 0.0010 454 126 499 184
pottedplant 0.0039 101 213 136 252
pottedplant 0.0031 450 144 501 300
pottedplant 0.0014 453 191 500 250
sheep 0.0015 452 165 499 315
