chair 0.2012 281 1 493 201
chair 0.1366 244 32 425 203
chair 0.0895 160 0 315 149
chair 0.0832 363 0 500 145
chair 0.0549 208 1 418 150
chair 0.0509 415 4 500 198
chair 0.0281 286 0 445 125
chair 0.0269 26 0 190 162
chair 0.0105 1 1 113 163
chair 0.0064 36 1 338 169
chair 0.0054 296 0 426 75
chair 0.0038 268 21 500 385
chair 0.0035 104 1 270 133
chair 0.0033 76 0 187 69
chair 0.0031 129 1 187 65
chair 0.0026 167 0 236 65
chair 0.0025 255 50 364 158
chair 0.0025 378 61 497 213
chair 0.0025 72 1 200 117
chair 0.0022 89 4 436 224
chair 0.0021 183 17 441 330
chair 0.0021 170 1 248 144
chair 0.0018 447 1 500 113
chair 0.0017 338 -1 488 81
chair 0.0015 418 -3 499 80
chair 0.0014 402 36 492 143
chair 0.0012 267 69 398 234
chair 0.0012 174 3 218 52
chair 0.0010 178 0 343 81
dog 0.8504 75 133 358 293
dog 0.0048 234 142 369 291
dog 0.0045 182 109 390 309
dog 0.0034 4 36 383 336
dog 0.0028 65 146 183 295
dog 0.0024 0 -9 81 365
dog 0.0011 0 36 69 222
person 0.0276 11 1 193 188
person 0.0270 0 0 68 176
person 0.0062 -2 -7 183 349
person 0.0022 0 11 83 385
person 0.0013 -7 1 334 291
pottedplant 0.0031 485 60 499 130
pottedplant 0.0012 481 4 499 134
