bicycle 0.6008 0 85 51 206
bicycle 0.0719 52 111 111 204
bicycle 0.0098 -1 74 16 202
bicycle 0.0030 -2 126 37 206
bicycle 0.0027 21 91 129 208
bicycle 0.0020 0 128 19 206
bicycle 0.0019 412 143 458 226
bottle 0.0462 468 98 484 143
bottle 0.0345 462 96 479 144
bottle 0.0158 475 98 487 142
bottle 0.0045 451 84 480 157
bottle 0.0041 466 74 490 183
bottle 0.0028 460 104 473 141
bottle 0.0011 440 61 486 167
bottle 0.0011 454 35 499 237
bottle 0.0011 459 83 479 129
car 0.8512 79 42 410 284
car 0.0379 48 45 215 208
car 0.0037 99 42 223 142
car 0.0025 87 45 282 173
car 0.0019 51 117 125 211
chair 0.0024 442 69 499 273
motorbike 0.2788 49 57 147 206
motorbike 0.0661 50 99 119 207
motorbike 0.0123 0 26 53 210
motorbike 0.0048 57 38 200 257
motorbike 0.0013 9 43 123 204
motorbike 0.0013 82 50 155 177
person 0.0094 0 18 15 203
person 0.0041 455 61 499 259
person 0.0011 166 65 216 98
pottedplant 0.0011 412 143 460 229
