bottle 0.0015 304 286 357 346
car 0.0105 367 0 498 154
car 0.0095 445 218 500 301
car 0.0033 453 252 499 310
car 0.0020 344 2 482 93
car 0.0016 0 217 18 260
motorbike 0.8060 7 -12 501 435
motorbike 0.4834 0 236 53 432
motorbike 0.0845 370 0 486 81
motorbike 0.0451 62 1 305 81
motorbike 0.0404 205 2 351 55
motorbike 0.0157 21 0 499 167
motorbike 0.0145 217 1 307 33
motorbike 0.0085 132 2 403 103
motorbike 0.0076 282 0 348 33
motorbike 0.0062 0 210 36 371
motorbike 0.0036 62 3 181 83
motorbike 0.0034 25 5 369 263
motorbike 0.0033 0 252 27 428
motorbike 0.0028 299 0 341 26
motorbike 0.0026 0 215 29 291
motorbike 0.0022 256 0 333 37
motorbike 0.0017 308 0 371 54
motorbike 0.0016 206 0 285 46
motorbike 0.0015 49 2 278 144
motorbike 0.0015 -2 211 96 431
motorbike 0.0014 -1 218 53 317
motorbike 0.0014 1 191 172 311
motorbike 0.0014 65 2 203 47
motorbike 0.0012 249 0 288 30
motorbike 0.0012 230 0 273 30
motorbike 0.0012 297 0 322 18
motorbike 0.0011 0 214 18 252
motorbike 0.0010 226 9 498 257
motorbike 0.0010 224 4 356 97
person 0.0220 0 220 18 319
person 0.0125 0 214 34 345
person 0.0046 0 236 9 316
person 0.0043 0 200 25 409
person 0.0039 342 0 368 50
person 0.0019 299 271 367 349
person 0.0017 0 218 21 265
person 0.0012 326 271 382 341
person 0.0011 290 280 377 388
person 0.0011 303 236 409 379
