bottle 0.0045 148 133 155 153
bottle 0.0033 98 133 109 159
bottle 0.0020 115 134 123 153
bottle 0.0017 113 133 121 158
bottle 0.0011 100 234 128 284
chair 0.8783 46 159 105 256
chair 0.8401 162 146 216 239
chair 0.7982 74 243 157 346
chair 0.7627 107 157 156 251
chair 0.4822 1 162 51 242
chair 0.1788 232 147 284 218
chair 0.1079 0 213 27 348
chair 0.0579 276 221 370 319
chair 0.0578 264 192 301 289
chair 0.0337 3 151 93 248
chair 0.0327 122 162 177 246
chair 0.0326 112 253 155 340
chair 0.0245 144 166 171 242
chair 0.0201 140 163 196 244
chair 0.0129 0 176 37 274
chair 0.0098 0 157 32 228
chair 0.0097 256 174 307 264
chair 0.0094 75 160 137 251
chair 0.0079 188 318 370 499
chair 0.0052 85 232 148 315
chair 0.0040 77 356 358 502
chair 0.0037 -1 411 211 499
chair 0.0032 58 228 207 380
chair 0.0031 0 210 29 287
chair 0.0029 75 258 122 344
chair 0.0027 140 254 243 371
chair 0.0026 22 157 66 240
chair 0.0024 0 420 33 498
chair 0.0024 104 234 130 285
chair 0.0023 196 353 289 498
chair 0.0023 250 156 289 242
chair 0.0021 262 191 289 256
chair 0.0021 229 146 266 203
chair 0.0020 5 215 75 348
chair 0.0018 192 149 216 233
chair 0.0017 47 234 124 340
chair 0.0017 264 188 340 311
chair 0.0016 -61 165 0 359
chair 0.0015 157 179 207 242
chair 0.0015 49 156 93 221
chair 0.0014 -2 176 292 504
chair 0.0014 52 141 129 233
chair 0.0014 42 172 166 261
chair 0.0012 -1 424 81 498
chair 0.0012 38 156 83 241
chair 0.0012 149 145 208 206
chair 0.0010 105 142 206 228
diningtable 0.3811 15 156 169 253
diningtable 0.3662 106 159 157 250
diningtable 0.1350 101 162 204 247
diningtable 0.0280 5 156 100 246
diningtable 0.0117 123 169 175 250
diningtable 0.0064 134 169 197 237
diningtable 0.0036 69 138 185 233
diningtable 0.0019 78 168 133 253
diningtable 0.0015 33 199 313 478
person 0.4458 85 77 122 106
person 0.0097 96 85 125 107
person 0.0026 81 79 106 106
pottedplant 0.1539 297 0 356 23
pottedplant 0.0312 324 0 362 19
pottedplant 0.0263 306 85 337 114
pottedplant 0.0238 342 1 362 15
pottedplant 0.0143 298 2 328 24
pottedplant 0.0086 312 72 332 108
pottedplant 0.0028 345 0 373 15
pottedplant 0.0020 302 80 338 149
pottedplant 0.0016 11 341 82 371
pottedplant 0.0013 53 39 72 80
pottedplant 0.0011 332 -1 376 21
pottedplant 0.0010 317 0 345 20
sofa 0.4655 -1 361 354 498
sofa 0.0138 0 240 299 506
sofa 0.0034 2 398 227 500
sofa 0.0033 199 308 370 497
sofa 0.0013 -3 441 356 499
tvmonitor 0.7720 280 151 332 239
tvmonitor 0.1232 233 147 283 221
tvmonitor 0.0065 276 147 307 224
tvmonitor 0.0022 245 146 314 222
tvmonitor 0.0014 302 99 336 161
tvmonitor 0.0012 240 144 285 190
