chair 0.7885 43 184 193 421
chair 0.2028 128 187 240 401
chair 0.1217 85 184 188 334
chair 0.0826 89 185 160 280
chair 0.0349 51 184 157 315
chair 0.0208 120 184 205 311
chair 0.0063 113 182 177 262
chair 0.0035 145 179 283 460
chair 0.0025 153 186 227 333
chair 0.0025 9 149 26 185
chair 0.0022 190 279 349 494
chair 0.0019 121 172 337 377
chair 0.0016 12 127 31 185
chair 0.0016 123 184 169 239
chair 0.0015 19 146 45 188
chair 0.0014 115 207 196 376
chair 0.0013 321 195 346 224
chair 0.0011 62 178 93 203
diningtable 0.1635 127 187 243 400
diningtable 0.0848 107 188 311 490
diningtable 0.0400 180 221 351 496
diningtable 0.0011 196 166 346 402
person 0.8225 319 110 346 202
person 0.6537 46 108 66 189
person 0.5206 30 109 47 189
person 0.0234 31 110 47 150
person 0.0197 20 111 36 187
person 0.0109 333 115 348 201
person 0.0053 313 109 336 193
person 0.0035 29 111 41 141
person 0.0031 33 111 45 127
person 0.0028 48 108 64 151
person 0.0027 339 155 347 200
person 0.0021 55 106 76 189
person 0.0018 27 109 62 188
person 0.0014 318 111 342 160
pottedplant 0.3935 301 167 320 199
pottedplant 0.0946 301 164 332 210
pottedplant 0.0550 309 149 341 214
pottedplant 0.0328 316 162 343 203
pottedplant 0.0102 326 143 345 212
pottedplant 0.0080 300 164 315 190
pottedplant 0.0055 299 170 322 221
pottedplant 0.0037 329 161 346 202
pottedplant 0.0017 293 166 313 197
pottedplant 0.0017 322 180 346 226
pottedplant 0.0015 321 171 338 203
