bird 0.8323 256 165 383 309
bird 0.4327 466 252 500 306
bird 0.3428 77 299 136 335
bird 0.2522 170 358 208 387
bird 0.0768 0 284 12 312
bird 0.0650 76 297 127 321
bird 0.0551 80 313 140 341
bird 0.0288 466 272 500 331
bird 0.0116 0 285 24 317
bird 0.0094 255 163 332 220
bird 0.0066 463 182 500 311
bird 0.0063 256 164 308 205
bird 0.0053 0 259 14 308
bird 0.0048 477 289 500 340
bird 0.0044 464 80 500 130
bird 0.0041 143 354 205 388
bird 0.0032 469 275 498 310
bird 0.0028 0 288 9 323
bird 0.0027 264 156 398 217
bird 0.0027 492 280 500 337
bird 0.0024 0 230 81 280
bird 0.0020 475 219 500 298
bird 0.0019 255 164 359 249
bird 0.0018 229 164 321 299
bird 0.0016 0 284 7 342
bird 0.0016 97 321 138 340
bird 0.0015 0 222 13 293
bird 0.0015 455 92 499 308
bird 0.0013 269 154 340 190
bird 0.0012 0 257 33 314
bird 0.0011 490 235 499 296
bird 0.0011 0 286 14 339
