boat 0.0408 386 203 408 216
boat 0.0233 2 204 84 249
boat 0.0185 330 203 407 220
boat 0.0094 0 227 13 284
boat 0.0073 5 226 85 250
boat 0.0064 0 236 6 283
boat 0.0056 373 205 410 218
boat 0.0053 0 250 17 289
boat 0.0041 302 208 395 222
boat 0.0031 0 210 19 279
boat 0.0027 0 253 10 287
boat 0.0021 329 211 401 221
boat 0.0020 370 196 411 217
boat 0.0017 0 214 84 284
boat 0.0017 394 199 494 214
boat 0.0015 0 220 8 274
boat 0.0014 348 210 393 220
boat 0.0014 385 194 408 214
boat 0.0012 308 196 406 223
boat 0.0012 0 238 4 271
boat 0.0012 375 202 422 220
boat 0.0011 406 205 461 217
boat 0.0011 0 266 22 289
boat 0.0010 0 173 87 262
sheep 0.9147 118 270 199 318
sheep 0.0033 151 283 198 316
sheep 0.0032 96 294 134 319
sheep 0.0019 93 273 157 317
sheep 0.0011 83 285 139 316
train 0.0016 3 89 496 213
