car 0.7845 461 48 499 101
car 0.0321 349 50 384 90
car 0.0139 466 59 500 136
car 0.0094 384 54 405 65
car 0.0076 323 47 382 97
car 0.0059 307 51 497 168
car 0.0036 46 5 286 97
car 0.0032 464 47 500 75
car 0.0023 492 50 499 110
car 0.0018 320 48 486 110
car 0.0015 489 52 498 97
car 0.0015 364 51 407 70
motorbike 0.8195 5 9 498 308
motorbike 0.0791 461 48 499 130
motorbike 0.0064 459 63 487 109
motorbike 0.0052 471 63 500 177
motorbike 0.0047 311 54 498 189
motorbike 0.0039 5 6 292 265
motorbike 0.0017 457 69 478 104
person 0.0058 0 -3 15 80
person 0.0053 0 -6 8 74
person 0.0011 0 -2 13 42
