bus 0.9390 264 85 495 350
bus 0.9367 8 13 275 343
bus 0.0177 5 51 499 331
bus 0.0111 0 206 11 315
bus 0.0060 201 59 279 352
bus 0.0031 0 145 14 319
bus 0.0023 16 156 245 340
bus 0.0022 0 7 77 317
bus 0.0020 220 181 262 261
bus 0.0017 227 101 412 311
bus 0.0017 114 25 346 325
bus 0.0016 278 108 363 307
bus 0.0016 151 129 332 316
bus 0.0012 216 136 268 318
bus 0.0012 -1 187 22 306
bus 0.0011 13 30 164 318
person 0.0177 84 192 129 234
person 0.0057 100 192 148 244
person 0.0055 40 159 217 305
person 0.0024 46 179 81 213
person 0.0019 55 186 105 227
person 0.0018 53 165 122 252
person 0.0015 75 177 120 231
person 0.0014 102 194 129 226
person 0.0010 79 193 157 260
pottedplant 0.1695 0 272 12 309
pottedplant 0.0197 0 226 11 311
pottedplant 0.0082 479 127 500 179
pottedplant 0.0029 0 224 5 309
