bottle 0.8819 181 132 216 254
bottle 0.8098 66 130 101 204
bottle 0.7428 401 98 430 154
bottle 0.7256 52 114 74 170
bottle 0.5774 350 91 376 156
bottle 0.0693 338 80 402 166
bottle 0.0557 46 108 90 201
bottle 0.0520 293 -1 437 307
bottle 0.0383 320 58 406 193
bottle 0.0319 341 87 380 186
bottle 0.0272 57 114 96 183
bottle 0.0252 180 131 212 196
bottle 0.0251 61 95 106 264
bottle 0.0241 -1 110 106 378
bottle 0.0226 44 120 72 200
bottle 0.0208 343 96 377 135
bottle 0.0158 186 103 224 151
bottle 0.0131 327 95 374 146
bottle 0.0108 15 93 88 295
bottle 0.0065 384 83 436 226
bottle 0.0062 28 132 67 202
bottle 0.0056 182 93 244 149
bottle 0.0056 414 102 431 160
bottle 0.0052 137 139 252 281
bottle 0.0052 149 52 220 252
bottle 0.0048 191 104 215 139
bottle 0.0044 17 56 193 246
bottle 0.0030 396 98 419 147
bottle 0.0029 179 105 214 179
bottle 0.0024 78 139 105 210
bottle 0.0023 1 135 81 252
bottle 0.0021 39 114 68 170
bottle 0.0020 152 96 243 222
bottle 0.0015 311 99 359 145
bottle 0.0015 37 97 122 324
bottle 0.0014 423 158 456 202
bottle 0.0014 394 63 453 209
bottle 0.0013 9 155 70 210
bottle 0.0012 370 122 444 211
bottle 0.0012 380 32 495 272
bottle 0.0010 42 128 95 248
chair 0.0049 0 200 121 376
chair 0.0045 374 112 499 380
chair 0.0035 224 165 499 375
chair 0.0016 226 281 372 375
diningtable 0.1955 -4 129 473 374
diningtable 0.0399 56 105 352 319
diningtable 0.0018 200 157 497 372
person 0.5635 71 12 250 180
person 0.4577 375 -6 499 371
person 0.3308 287 -5 458 380
person 0.2458 29 18 250 370
person 0.2217 0 27 91 379
person 0.1593 295 4 430 156
person 0.0420 441 2 500 163
person 0.0279 51 97 125 254
person 0.0198 0 123 158 376
person 0.0193 437 -12 499 365
person 0.0184 188 108 494 376
person 0.0066 0 -33 44 347
person 0.0062 13 49 127 295
person 0.0060 0 4 12 162
person 0.0050 0 10 28 172
person 0.0047 0 128 59 375
person 0.0041 0 -13 19 251
person 0.0038 302 48 397 235
person 0.0034 12 58 63 208
person 0.0030 361 61 477 276
person 0.0024 395 -6 505 190
person 0.0022 0 196 111 378
person 0.0019 0 1 52 210
person 0.0018 87 84 291 301
person 0.0013 0 17 5 102
