bottle 0.7132 231 143 281 251
car 0.0022 367 11 500 279
chair 0.5758 1 0 147 148
chair 0.0712 349 0 441 59
chair 0.0633 410 228 500 376
chair 0.0184 293 4 427 98
chair 0.0105 167 3 311 78
chair 0.0089 280 1 390 65
chair 0.0089 373 13 502 371
chair 0.0074 423 82 499 380
chair 0.0070 95 2 324 143
chair 0.0064 0 0 120 354
chair 0.0053 192 3 430 130
chair 0.0044 423 0 498 55
chair 0.0033 35 2 431 173
chair 0.0032 390 3 497 95
chair 0.0030 362 13 443 87
chair 0.0029 331 165 503 373
chair 0.0025 15 0 251 129
chair 0.0024 397 31 422 58
chair 0.0022 160 0 247 64
chair 0.0020 340 3 487 126
chair 0.0015 427 0 464 28
chair 0.0010 3 -2 195 243
diningtable 0.6060 12 44 503 382
diningtable 0.1286 123 127 386 286
diningtable 0.0026 9 6 474 242
sofa 0.0057 59 3 459 178
tvmonitor 0.1133 410 10 500 182
tvmonitor 0.0015 348 2 504 212
