boat 0.0020 369 320 460 345
boat 0.0013 160 1 469 158
bus 0.9559 0 140 82 228
bus 0.9322 85 137 179 225
bus 0.9243 403 149 500 222
bus 0.8635 225 140 366 224
bus 0.8373 354 143 403 217
bus 0.7744 178 147 232 209
bus 0.0681 79 157 90 207
bus 0.0509 79 146 102 216
bus 0.0367 83 140 131 220
bus 0.0360 328 142 389 214
bus 0.0340 280 138 399 221
bus 0.0294 150 144 177 209
bus 0.0271 196 147 253 213
bus 0.0177 0 148 17 230
bus 0.0160 79 163 87 194
bus 0.0152 181 143 299 219
bus 0.0126 138 138 189 223
bus 0.0086 42 143 124 221
bus 0.0065 221 150 247 214
bus 0.0055 0 143 31 225
bus 0.0051 214 147 239 209
bus 0.0047 381 147 404 214
bus 0.0042 360 141 472 220
bus 0.0039 390 152 450 215
bus 0.0038 172 147 201 201
bus 0.0035 406 156 434 211
bus 0.0030 210 115 455 227
bus 0.0024 370 148 425 214
bus 0.0024 301 143 364 218
bus 0.0023 225 144 265 215
bus 0.0020 343 143 374 217
bus 0.0018 87 182 179 224
bus 0.0017 174 160 181 205
bus 0.0017 392 147 405 208
bus 0.0016 487 150 500 227
bus 0.0015 39 140 80 220
bus 0.0012 177 157 190 205
bus 0.0011 124 139 171 216
bus 0.0010 449 152 499 224
car 0.0010 163 -1 493 187
person 0.0029 0 140 18 214
person 0.0012 484 -1 500 65
person 0.0010 282 161 289 173
