aeroplane 0.0043 246 474 269 488
bird 0.6899 128 175 241 282
bird 0.5147 346 455 361 493
bird 0.3195 141 175 240 406
bird 0.0545 316 454 362 491
bird 0.0214 336 452 364 496
bird 0.0116 132 376 157 422
bird 0.0085 170 154 194 176
bird 0.0070 129 176 165 214
bird 0.0067 146 360 227 405
bird 0.0055 309 452 355 480
bird 0.0045 246 473 269 488
bird 0.0029 351 456 368 498
bird 0.0020 92 364 187 433
bird 0.0018 128 176 166 257
bird 0.0018 146 200 241 255
bird 0.0018 113 261 234 424
bird 0.0012 129 176 228 236
bird 0.0012 167 150 200 183
bird 0.0011 138 323 231 418
bird 0.0011 36 343 242 461
pottedplant 0.0033 6 382 275 498
pottedplant 0.0021 0 300 147 497
pottedplant 0.0015 109 416 274 497
pottedplant 0.0012 3 444 153 499
