bottle 0.0010 266 208 313 271
chair 0.8204 7 236 158 375
chair 0.6831 302 293 483 376
chair 0.6664 251 151 306 195
chair 0.5026 15 173 99 286
chair 0.4684 208 121 269 161
chair 0.4543 354 176 435 243
chair 0.2780 69 143 150 169
chair 0.1753 12 197 120 335
chair 0.1234 15 174 77 251
chair 0.0958 28 305 154 377
chair 0.0538 44 152 164 295
chair 0.0235 1 236 72 374
chair 0.0211 58 142 152 189
chair 0.0176 204 298 321 377
chair 0.0169 465 263 499 374
chair 0.0152 374 267 489 372
chair 0.0124 1 172 48 274
chair 0.0119 7 163 61 231
chair 0.0104 30 158 135 252
chair 0.0099 200 300 432 376
chair 0.0087 315 159 345 209
chair 0.0079 351 176 459 308
chair 0.0069 20 199 85 267
chair 0.0066 99 141 159 166
chair 0.0066 367 304 466 371
chair 0.0064 0 191 49 361
chair 0.0056 481 228 500 365
chair 0.0056 265 237 456 374
chair 0.0051 34 158 233 320
chair 0.0050 0 150 35 236
chair 0.0047 119 135 165 165
chair 0.0042 107 146 160 184
chair 0.0041 315 307 414 373
chair 0.0034 8 153 110 230
chair 0.0034 0 179 14 285
chair 0.0033 55 145 139 219
chair 0.0030 116 285 371 375
chair 0.0028 41 265 214 375
chair 0.0025 206 117 264 142
chair 0.0025 205 121 245 146
chair 0.0024 0 177 18 337
chair 0.0020 200 122 276 185
chair 0.0016 0 205 38 301
chair 0.0015 258 332 410 373
chair 0.0015 0 196 29 271
chair 0.0014 444 297 497 377
chair 0.0014 0 148 13 236
chair 0.0012 293 161 340 206
chair 0.0011 356 197 477 364
diningtable 0.7179 50 156 462 373
diningtable 0.0103 205 211 464 374
diningtable 0.0034 184 283 444 375
