bird 0.0021 169 125 377 330
boat 0.0013 4 298 155 343
bottle 0.2240 456 58 473 114
bottle 0.0909 432 57 462 110
bottle 0.0525 315 299 428 359
bottle 0.0367 446 52 477 111
bottle 0.0293 471 67 480 116
bottle 0.0209 457 26 478 109
bottle 0.0065 389 54 416 104
bottle 0.0064 370 37 413 103
bottle 0.0058 465 68 479 121
bottle 0.0046 366 27 399 87
bottle 0.0031 461 75 476 110
bottle 0.0029 385 43 456 109
bottle 0.0012 457 77 470 111
dog 0.0667 52 115 365 348
dog 0.0072 0 27 225 116
dog 0.0063 0 28 110 119
person 0.4371 251 -3 387 341
person 0.0204 437 288 480 362
person 0.0194 260 0 369 142
person 0.0132 459 24 479 114
person 0.0095 122 0 426 344
person 0.0064 366 26 400 88
person 0.0048 441 216 480 361
person 0.0047 462 174 479 363
person 0.0028 425 145 479 373
person 0.0026 459 288 479 363
person 0.0025 300 0 367 105
person 0.0022 212 -1 370 231
person 0.0017 241 102 372 277
person 0.0017 463 21 480 67
person 0.0015 417 8 482 100
person 0.0015 236 2 315 142
person 0.0014 358 0 483 98
person 0.0013 217 104 436 346
person 0.0011 472 23 480 92
person 0.0010 275 0 400 210
person 0.0010 406 278 482 359
person 0.0010 305 -2 478 352
pottedplant 0.0273 208 0 239 13
pottedplant 0.0011 0 17 333 340
pottedplant 0.0010 104 -1 157 14
sheep 0.3758 76 126 365 349
sheep 0.0047 26 23 452 363
