bird 0.0021 116 13 202 136
bird 0.0019 326 -3 490 210
bird 0.0011 208 87 369 324
bottle 0.0019 134 260 170 303
bottle 0.0011 436 -1 498 89
chair 0.0035 274 178 500 373
chair 0.0015 440 283 500 375
chair 0.0012 325 1 485 157
chair 0.0010 486 330 499 374
dog 0.0136 325 1 498 238
dog 0.0031 357 94 498 237
dog 0.0015 289 84 499 304
person 0.0174 428 0 499 212
person 0.0136 349 2 500 236
person 0.0059 434 1 499 115
person 0.0044 456 352 481 374
person 0.0029 485 338 500 374
person 0.0026 0 149 88 365
person 0.0025 9 194 199 378
person 0.0022 326 0 496 130
person 0.0020 46 114 138 297
person 0.0019 38 110 180 354
person 0.0015 0 212 64 375
person 0.0015 472 339 501 375
person 0.0012 475 -1 499 215
person 0.0010 455 33 500 243
person 0.0010 0 275 35 374
sheep 0.3525 118 63 350 348
sheep 0.1901 183 43 274 102
sheep 0.0903 129 30 231 140
sheep 0.0248 178 44 345 151
sheep 0.0206 119 37 306 219
sheep 0.0139 97 26 203 156
sheep 0.0117 304 1 498 241
sheep 0.0114 311 0 442 150
sheep 0.0081 193 44 363 252
sheep 0.0069 86 18 245 279
sheep 0.0050 216 6 473 191
sheep 0.0025 193 21 428 135
sheep 0.0022 30 48 255 360
sheep 0.0019 62 124 150 286
sheep 0.0018 183 17 340 102
sheep 0.0017 47 23 191 262
sheep 0.0012 49 7 190 143
sheep 0.0012 188 10 503 327
