bicycle 0.1386 76 113 298 502
bicycle 0.0613 116 172 224 488
bicycle 0.0052 153 165 333 505
bicycle 0.0044 127 260 265 499
bicycle 0.0016 234 194 333 489
bicycle 0.0015 123 311 204 495
bicycle 0.0012 184 380 242 497
bicycle 0.0011 179 362 212 446
bicycle 0.0010 163 322 243 498
cat 0.0221 231 431 325 499
chair 0.0016 185 424 275 500
chair 0.0013 182 454 235 498
cow 0.0068 229 425 330 497
dog 0.1446 230 431 329 500
dog 0.0014 231 475 323 499
motorbike 0.2316 91 116 335 502
motorbike 0.0568 27 -3 333 274
motorbike 0.0378 110 0 333 172
motorbike 0.0295 217 0 335 79
motorbike 0.0161 18 101 112 260
motorbike 0.0120 137 -1 333 92
motorbike 0.0105 220 0 332 39
motorbike 0.0095 266 0 335 63
motorbike 0.0058 280 0 336 35
motorbike 0.0037 19 167 99 258
motorbike 0.0021 223 127 342 491
motorbike 0.0020 73 108 327 308
motorbike 0.0018 19 72 193 257
motorbike 0.0016 215 -1 281 37
motorbike 0.0015 13 14 251 510
motorbike 0.0015 298 0 335 55
motorbike 0.0014 233 118 334 257
motorbike 0.0012 206 4 335 151
motorbike 0.0011 179 -2 319 58
motorbike 0.0011 162 24 332 290
motorbike 0.0010 23 182 68 252
person 0.0111 102 0 261 138
person 0.0045 126 175 214 467
person 0.0033 289 1 335 36
person 0.0023 104 0 167 130
person 0.0014 153 0 324 93
person 0.0010 168 -1 310 45
person 0.0010 303 0 335 25
sheep 0.0025 237 444 325 499
tvmonitor 0.0060 237 275 330 485
tvmonitor 0.0018 181 265 337 517
