chair 0.8923 370 151 457 252
chair 0.8465 274 140 341 209
chair 0.1148 415 176 500 366
chair 0.0159 482 128 499 192
chair 0.0155 0 195 35 304
chair 0.0073 485 124 500 243
chair 0.0057 0 181 88 300
chair 0.0044 0 179 18 292
chair 0.0039 430 179 499 258
chair 0.0038 0 278 140 373
chair 0.0034 487 183 500 247
chair 0.0029 467 181 501 254
chair 0.0028 239 151 398 314
chair 0.0027 275 141 332 174
chair 0.0012 461 146 499 244
diningtable 0.0033 0 202 87 299
pottedplant 0.5310 3 155 83 227
pottedplant 0.1387 0 154 88 286
pottedplant 0.0115 -1 176 38 295
pottedplant 0.0061 0 188 32 225
pottedplant 0.0061 169 0 201 17
pottedplant 0.0035 0 190 16 241
pottedplant 0.0024 0 160 47 225
pottedplant 0.0019 4 193 49 222
pottedplant 0.0019 197 0 226 19
pottedplant 0.0016 0 172 15 222
pottedplant 0.0016 297 2 330 36
pottedplant 0.0014 199 -6 234 22
sofa 0.9168 80 146 310 290
sofa 0.4505 417 195 500 369
