aeroplane 0.7244 126 245 327 329
aeroplane 0.0180 5 262 319 335
aeroplane 0.0073 0 228 343 469
aeroplane 0.0058 120 251 189 266
aeroplane 0.0049 133 248 309 295
aeroplane 0.0044 107 268 280 324
aeroplane 0.0041 107 251 256 287
aeroplane 0.0034 112 249 223 271
aeroplane 0.0027 248 306 322 323
aeroplane 0.0019 88 261 256 305
aeroplane 0.0016 329 241 374 259
aeroplane 0.0014 135 267 196 277
aeroplane 0.0013 131 252 173 264
aeroplane 0.0013 57 260 335 406
aeroplane 0.0013 230 246 351 320
aeroplane 0.0013 208 266 337 332
aeroplane 0.0012 203 245 276 264
aeroplane 0.0012 131 259 201 276
aeroplane 0.0011 176 246 310 276
aeroplane 0.0010 153 255 230 282
boat 0.0919 0 315 374 501
boat 0.0080 4 258 263 327
boat 0.0061 2 235 113 284
boat 0.0044 3 239 123 326
boat 0.0030 0 246 41 276
boat 0.0021 3 243 324 442
boat 0.0018 1 232 199 306
boat 0.0013 5 284 123 334
car 0.0015 16 315 65 328
chair 0.0028 -1 350 371 500
sofa 0.0057 -1 346 372 500
