bottle 0.5985 261 86 280 149
bottle 0.0284 231 100 245 135
bottle 0.0149 311 383 373 498
bottle 0.0115 313 439 374 500
bottle 0.0078 229 94 241 129
bottle 0.0070 158 425 229 500
bottle 0.0063 262 106 278 145
bottle 0.0054 232 99 250 150
bottle 0.0052 218 96 235 135
bottle 0.0042 252 97 265 137
bottle 0.0040 238 99 253 135
bottle 0.0039 221 97 247 161
bottle 0.0031 331 382 374 458
bottle 0.0030 359 383 374 433
bottle 0.0030 246 100 261 134
bottle 0.0027 0 457 18 500
bottle 0.0026 250 97 281 157
bottle 0.0026 215 88 245 133
bottle 0.0025 214 101 233 159
bottle 0.0021 272 484 358 500
bottle 0.0019 270 86 293 145
bottle 0.0016 255 90 272 134
bottle 0.0014 179 91 201 142
bottle 0.0014 309 476 376 499
bottle 0.0013 209 104 229 144
bottle 0.0012 343 383 372 433
bottle 0.0012 272 463 371 500
bottle 0.0011 351 446 374 498
bottle 0.0010 -1 459 42 500
chair 0.1466 3 158 113 463
chair 0.1218 27 166 373 499
chair 0.0496 120 81 163 149
chair 0.0178 6 391 103 499
chair 0.0125 2 69 136 353
chair 0.0101 130 76 205 144
chair 0.0079 201 59 248 118
chair 0.0048 9 371 178 499
chair 0.0047 -2 173 69 440
chair 0.0040 16 332 263 499
chair 0.0038 2 23 154 246
chair 0.0035 9 212 185 498
chair 0.0021 1 147 99 338
chair 0.0021 206 57 247 89
chair 0.0019 4 456 101 499
chair 0.0016 290 184 376 380
chair 0.0015 4 306 127 503
chair 0.0013 182 181 398 499
chair 0.0013 6 55 240 472
chair 0.0012 109 82 164 191
chair 0.0011 115 78 220 185
diningtable 0.0212 19 42 370 505
diningtable 0.0024 0 237 82 466
diningtable 0.0011 288 187 373 373
person 0.2914 88 165 370 499
person 0.0137 311 384 375 498
person 0.0077 314 441 375 499
person 0.0013 226 377 376 501
person 0.0011 129 395 319 498
person 0.0011 48 324 345 498
person 0.0010 352 461 375 500
tvmonitor 0.0016 148 80 205 147
