car 0.6194 66 108 452 241
car 0.0464 0 150 77 331
car 0.0225 -1 151 56 181
car 0.0081 0 150 58 217
car 0.0032 13 121 111 238
car 0.0021 0 148 50 271
car 0.0019 484 99 497 109
car 0.0019 360 69 386 83
car 0.0015 145 66 427 204
chair 0.0514 0 153 78 335
chair 0.0174 385 153 500 308
chair 0.0087 387 149 448 270
chair 0.0036 398 146 450 224
chair 0.0036 8 140 147 331
chair 0.0033 351 152 447 304
chair 0.0021 382 188 451 304
chair 0.0014 29 153 102 332
chair 0.0011 48 248 83 333
person 0.7491 142 98 179 147
person 0.6965 307 74 342 142
person 0.6529 230 82 275 148
person 0.5356 244 123 273 157
person 0.5271 70 62 127 156
person 0.2428 62 57 127 239
person 0.1229 65 65 101 159
person 0.1086 232 117 289 175
person 0.1052 230 115 271 154
person 0.0541 211 87 253 150
person 0.0504 232 82 274 117
person 0.0376 190 123 349 175
person 0.0364 93 60 131 144
person 0.0277 254 128 284 158
person 0.0266 268 122 295 153
person 0.0179 248 134 277 215
person 0.0104 310 74 338 112
person 0.0060 300 116 345 152
person 0.0057 217 83 259 118
person 0.0053 239 124 262 150
person 0.0051 244 95 280 153
person 0.0050 191 78 318 167
person 0.0042 138 99 211 151
person 0.0036 250 132 278 174
person 0.0035 307 82 364 151
person 0.0029 36 93 139 308
person 0.0024 231 76 309 145
person 0.0021 138 92 178 230
person 0.0017 245 120 298 152
person 0.0017 91 64 172 238
person 0.0017 299 72 335 124
person 0.0015 203 106 242 150
person 0.0011 105 88 211 161
person 0.0011 212 90 246 126
person 0.0010 61 76 92 185
