bottle 0.0023 357 72 366 93
bottle 0.0015 360 71 368 89
bottle 0.0013 85 53 108 89
chair 0.5991 93 88 139 136
chair 0.1772 305 233 498 333
chair 0.0607 97 91 171 150
chair 0.0353 127 96 177 155
chair 0.0268 106 90 134 126
chair 0.0173 19 130 188 281
chair 0.0063 97 84 135 116
chair 0.0062 0 193 14 332
chair 0.0045 0 179 29 323
chair 0.0042 92 98 118 139
chair 0.0039 293 271 375 336
chair 0.0039 108 91 151 133
chair 0.0028 72 92 122 138
chair 0.0026 63 92 99 138
chair 0.0024 0 86 10 136
chair 0.0020 482 218 500 335
chair 0.0018 0 157 10 291
chair 0.0016 0 235 6 318
chair 0.0013 187 135 273 233
chair 0.0013 461 224 499 336
chair 0.0012 196 208 490 336
chair 0.0012 0 106 12 142
chair 0.0011 393 200 498 331
chair 0.0010 174 266 413 333
chair 0.0010 108 86 133 109
chair 0.0010 133 199 247 301
diningtable 0.0217 128 99 198 156
diningtable 0.0024 85 87 183 158
person 0.0017 144 12 156 30
pottedplant 0.5919 175 112 206 155
pottedplant 0.0533 307 11 344 36
pottedplant 0.0152 173 88 210 149
pottedplant 0.0128 68 23 109 70
pottedplant 0.0034 66 35 105 88
pottedplant 0.0030 0 18 39 136
pottedplant 0.0024 188 283 280 335
pottedplant 0.0014 68 52 97 90
pottedplant 0.0013 123 86 237 165
pottedplant 0.0012 64 22 115 106
pottedplant 0.0011 268 27 286 36
pottedplant 0.0010 0 62 10 140
sofa 0.8383 21 130 195 283
tvmonitor 0.8868 290 103 356 164
