bottle 0.0110 487 210 500 350
bottle 0.0046 484 226 500 304
bottle 0.0019 0 111 10 199
bottle 0.0019 0 115 3 192
bottle 0.0013 199 178 228 250
bottle 0.0011 0 119 18 187
chair 0.8521 75 111 180 207
chair 0.5379 240 141 350 223
chair 0.2044 0 188 33 371
chair 0.1078 345 170 477 274
chair 0.0178 0 137 21 325
chair 0.0138 -1 134 49 380
chair 0.0116 486 212 500 326
chair 0.0073 451 127 500 320
chair 0.0056 0 109 90 356
chair 0.0040 476 160 501 355
chair 0.0024 340 172 434 249
chair 0.0023 332 39 499 299
chair 0.0018 0 211 30 299
chair 0.0017 -4 123 165 372
chair 0.0012 0 123 12 294
chair 0.0012 0 239 32 329
chair 0.0012 420 55 498 336
diningtable 0.9238 12 184 507 373
diningtable 0.0013 95 130 472 301
person 0.0062 482 150 500 337
person 0.0049 487 213 500 371
person 0.0030 463 153 500 333
person 0.0012 471 218 500 366
person 0.0011 249 373 330 409
pottedplant 0.0374 190 1 245 36
pottedplant 0.0040 187 0 249 65
tvmonitor 0.0028 315 5 499 193
tvmonitor 0.0015 453 4 501 191
tvmonitor 0.0014 -1 3 85 103
