bicycle 0.0473 69 194 216 333
boat 0.0037 166 0 498 134
bottle 0.0410 339 121 408 238
car 0.1220 481 104 500 142
car 0.0081 0 -5 213 207
car 0.0080 124 38 431 308
car 0.0033 488 86 499 143
car 0.0031 0 3 63 97
car 0.0029 -5 3 211 111
car 0.0013 0 5 120 155
car 0.0011 -1 11 46 144
chair 0.0060 70 177 229 334
chair 0.0011 123 72 211 344
person 0.9037 1 5 131 331
person 0.7128 154 48 381 330
person 0.5556 120 0 191 246
person 0.1249 332 120 408 237
person 0.0790 187 2 234 95
person 0.0381 127 0 195 111
person 0.0369 122 1 230 319
person 0.0155 190 2 226 46
person 0.0113 141 54 271 339
person 0.0071 148 -1 243 105
person 0.0046 0 23 29 324
person 0.0038 0 19 60 329
person 0.0035 7 2 210 241
person 0.0028 79 -6 195 328
person 0.0028 221 87 446 313
person 0.0017 146 2 260 206
person 0.0010 151 0 205 91
person 0.0010 204 2 233 43
sofa 0.0055 -5 0 217 155
sofa 0.0014 130 85 433 334
