bus 0.8855 0 98 104 288
bus 0.7156 89 24 421 362
bus 0.0277 60 96 167 266
bus 0.0105 398 72 501 266
bus 0.0069 88 51 199 313
bus 0.0048 71 97 117 233
bus 0.0042 48 103 112 277
bus 0.0038 305 113 497 287
bus 0.0025 33 51 280 275
bus 0.0022 -2 112 41 270
bus 0.0014 408 149 501 256
car 0.1107 397 168 500 266
car 0.0033 338 169 497 297
person 0.1629 244 73 321 144
person 0.0210 229 80 279 141
person 0.0161 226 61 339 174
person 0.0073 410 83 439 153
person 0.0056 280 95 327 144
person 0.0054 177 66 319 158
person 0.0050 298 91 341 142
person 0.0049 321 89 344 143
person 0.0044 146 40 384 236
person 0.0044 201 79 268 149
person 0.0026 479 151 499 170
person 0.0016 268 50 337 142
person 0.0013 357 57 481 259
person 0.0013 129 25 387 147
person 0.0012 465 155 500 172
person 0.0011 314 47 413 317
person 0.0011 23 120 41 155
