chair 0.0041 441 113 499 207
sheep 0.8967 246 129 313 225
sheep 0.8578 129 128 199 196
sheep 0.8410 316 161 387 208
sheep 0.8026 91 150 140 191
sheep 0.6625 307 173 337 225
sheep 0.2040 413 170 445 199
sheep 0.1070 269 129 317 162
sheep 0.0390 134 127 197 164
sheep 0.0287 114 149 146 190
sheep 0.0240 310 168 356 221
sheep 0.0171 443 111 500 213
sheep 0.0160 155 128 199 155
sheep 0.0127 246 128 319 173
sheep 0.0122 368 166 446 206
sheep 0.0100 365 162 386 182
sheep 0.0090 249 128 300 158
sheep 0.0089 334 161 390 193
sheep 0.0075 291 130 318 156
sheep 0.0048 328 161 460 209
sheep 0.0036 112 137 178 194
sheep 0.0034 284 183 333 228
sheep 0.0033 413 152 459 200
sheep 0.0026 282 132 318 175
sheep 0.0026 244 132 284 219
sheep 0.0023 259 126 303 140
sheep 0.0019 279 194 314 227
sheep 0.0019 248 155 373 236
sheep 0.0018 170 132 202 158
sheep 0.0014 78 152 121 193
sheep 0.0014 125 159 149 189
sheep 0.0013 254 128 291 143
sheep 0.0013 310 184 348 230
sheep 0.0013 274 133 325 221
sheep 0.0011 94 140 143 174
sheep 0.0011 349 162 424 192
sheep 0.0011 155 129 198 142
sheep 0.0010 123 147 142 169
