bird 0.0014 173 24 376 243
boat 0.0165 371 103 424 127
boat 0.0068 368 80 444 125
boat 0.0030 0 85 17 190
boat 0.0019 363 44 457 125
boat 0.0014 390 24 499 373
boat 0.0011 139 209 251 325
bottle 0.0057 316 120 372 247
bottle 0.0045 0 79 17 183
bottle 0.0039 206 254 233 315
bottle 0.0029 190 238 245 323
bottle 0.0020 330 85 378 230
bottle 0.0015 358 90 376 147
bottle 0.0013 287 291 303 345
cat 0.0138 168 20 498 297
cow 0.0369 137 230 240 327
diningtable 0.0020 131 193 444 366
dog 0.1318 140 228 242 328
dog 0.0334 188 39 476 254
dog 0.0028 260 103 410 269
dog 0.0024 153 273 237 332
dog 0.0023 104 23 429 352
dog 0.0011 173 299 230 329
horse 0.0224 160 29 481 313
horse 0.0174 135 227 239 326
horse 0.0053 184 27 384 245
person 0.0195 449 31 468 84
person 0.0062 446 28 482 95
person 0.0042 168 27 382 266
person 0.0037 154 230 239 330
person 0.0030 204 253 235 315
person 0.0026 466 46 491 73
person 0.0021 450 19 490 78
person 0.0015 436 21 474 85
person 0.0013 388 25 500 373
person 0.0010 378 30 473 125
person 0.0010 439 37 464 95
train 0.0010 361 35 462 125
