bus 0.5085 207 188 239 214
bus 0.0041 152 194 185 216
car 0.7232 273 212 370 243
car 0.5236 85 207 117 224
car 0.4816 245 201 266 215
car 0.4056 326 212 373 240
car 0.0765 151 199 179 213
car 0.0654 296 205 312 216
car 0.0390 275 207 341 235
car 0.0273 276 199 293 209
car 0.0170 105 207 121 223
car 0.0147 296 202 312 210
car 0.0147 296 206 330 219
car 0.0118 277 197 300 212
car 0.0114 281 201 297 209
car 0.0108 69 209 85 222
car 0.0095 284 203 310 215
car 0.0092 339 198 354 208
car 0.0084 281 199 305 208
car 0.0054 331 198 349 207
car 0.0051 248 199 276 214
car 0.0049 272 202 287 209
car 0.0043 263 199 277 209
car 0.0031 338 207 391 241
car 0.0030 265 214 314 242
car 0.0028 0 130 10 147
car 0.0023 243 196 270 219
car 0.0023 264 199 301 222
car 0.0020 286 206 312 220
car 0.0020 330 200 342 209
car 0.0019 134 195 174 218
car 0.0018 292 200 361 229
car 0.0018 330 203 362 226
car 0.0015 67 211 78 223
car 0.0012 147 193 176 211
car 0.0012 388 204 425 229
car 0.0012 111 208 124 222
car 0.0011 296 202 331 212
car 0.0010 76 210 87 224
chair 0.0013 181 285 314 375
person 0.0011 421 186 432 261
pottedplant 0.0307 291 5 362 133
pottedplant 0.0154 309 6 361 60
pottedplant 0.0044 0 129 7 146
