bottle 0.0036 340 335 405 374
bottle 0.0018 355 335 399 360
bottle 0.0011 423 308 472 347
cat 0.0011 340 335 404 373
chair 0.1011 461 197 500 264
chair 0.0517 13 202 46 227
chair 0.0336 10 221 93 261
chair 0.0195 0 230 60 285
chair 0.0133 449 193 500 349
chair 0.0124 9 204 55 249
chair 0.0061 0 204 26 260
chair 0.0043 0 218 17 262
chair 0.0042 445 195 495 239
chair 0.0038 202 196 339 307
chair 0.0034 81 206 100 221
chair 0.0033 426 196 497 265
chair 0.0029 44 198 73 222
chair 0.0028 0 242 44 370
chair 0.0027 65 196 99 222
chair 0.0024 244 245 337 306
chair 0.0023 62 198 85 221
chair 0.0023 0 262 181 373
chair 0.0022 404 332 500 377
chair 0.0022 473 205 499 355
chair 0.0021 0 226 49 265
chair 0.0021 0 237 19 280
chair 0.0020 461 264 499 372
chair 0.0020 0 245 13 375
chair 0.0018 460 332 499 377
chair 0.0017 482 234 499 376
chair 0.0017 16 206 57 232
chair 0.0015 39 181 107 239
chair 0.0014 43 194 89 226
chair 0.0014 414 181 493 309
chair 0.0014 0 260 24 375
chair 0.0013 1 202 17 242
chair 0.0012 338 337 405 374
chair 0.0011 32 254 108 279
chair 0.0010 407 271 501 376
pottedplant 0.6654 76 153 135 265
pottedplant 0.2359 167 126 209 149
pottedplant 0.1498 70 155 123 212
pottedplant 0.0721 36 127 64 152
pottedplant 0.0558 95 172 134 256
pottedplant 0.0209 70 156 114 190
pottedplant 0.0148 0 128 15 164
pottedplant 0.0049 0 84 16 154
pottedplant 0.0044 60 154 104 206
pottedplant 0.0041 42 126 75 154
pottedplant 0.0034 179 125 206 144
pottedplant 0.0029 32 127 57 163
pottedplant 0.0028 0 118 18 152
pottedplant 0.0028 0 144 16 173
pottedplant 0.0022 107 196 135 267
pottedplant 0.0022 68 154 90 174
pottedplant 0.0017 24 128 56 151
pottedplant 0.0017 38 128 69 168
pottedplant 0.0015 -1 122 30 164
pottedplant 0.0014 63 158 88 183
pottedplant 0.0014 168 126 192 146
pottedplant 0.0013 68 154 101 181
pottedplant 0.0012 66 156 81 170
pottedplant 0.0010 0 134 10 170
sofa 0.9167 0 257 231 375
sofa 0.8512 178 189 339 301
sofa 0.5532 9 217 109 263
sofa 0.0246 0 235 73 291
sofa 0.0208 459 196 500 341
sofa 0.0062 15 203 103 246
sofa 0.0055 0 245 109 300
sofa 0.0035 0 240 88 355
sofa 0.0023 207 190 337 257
sofa 0.0015 416 192 498 349
sofa 0.0011 0 240 20 293
sofa 0.0010 0 240 47 310
tvmonitor 0.0275 14 203 44 225
tvmonitor 0.0048 17 201 39 213
tvmonitor 0.0022 425 212 465 263
tvmonitor 0.0016 424 204 492 268
tvmonitor 0.0011 45 196 66 213
tvmonitor 0.0010 14 199 64 224
