bicycle 0.0031 466 343 500 376
bottle 0.0069 447 159 457 173
bottle 0.0033 371 108 383 142
bottle 0.0013 421 150 433 174
chair 0.6235 229 218 323 368
chair 0.0157 126 222 190 348
chair 0.0027 192 202 225 257
chair 0.0027 166 233 195 299
chair 0.0024 129 222 191 289
chair 0.0015 159 236 193 347
chair 0.0015 116 202 130 264
chair 0.0012 469 182 500 262
chair 0.0012 138 239 179 303
chair 0.0011 466 334 500 377
chair 0.0010 226 222 330 300
person 0.0023 483 120 500 240
person 0.0019 486 165 499 223
person 0.0018 328 114 360 145
person 0.0013 490 181 499 213
person 0.0011 476 177 500 264
pottedplant 0.7246 134 219 191 264
pottedplant 0.0127 280 173 308 193
pottedplant 0.0091 165 217 193 299
pottedplant 0.0075 483 103 500 188
pottedplant 0.0062 132 221 195 300
pottedplant 0.0044 471 221 500 268
pottedplant 0.0031 116 203 130 264
pottedplant 0.0025 279 154 307 196
pottedplant 0.0023 279 175 300 207
pottedplant 0.0016 491 99 500 172
pottedplant 0.0013 129 223 171 276
pottedplant 0.0012 468 209 500 318
pottedplant 0.0011 484 215 500 325
pottedplant 0.0011 471 96 501 207
pottedplant 0.0010 444 110 459 131
tvmonitor 0.8175 391 184 460 246
tvmonitor 0.0482 200 157 221 183
tvmonitor 0.0056 0 141 12 241
tvmonitor 0.0030 0 143 30 241
tvmonitor 0.0023 487 182 499 213
tvmonitor 0.0022 0 220 12 375
tvmonitor 0.0017 433 186 493 253
tvmonitor 0.0016 215 168 233 217
tvmonitor 0.0013 213 162 232 200
tvmonitor 0.0013 469 164 500 256
tvmonitor 0.0013 209 161 231 185
tvmonitor 0.0010 0 149 5 233
